dougfraga/big_11.json
{"header": {"parameterUnit": "m.s-1", "parameterNumber": 2, "dx": 0.016666000000000736, "dy": 0.016666000000000736, "parameterNumberName": "Eastward current", "la1": -22.891645999999998, "la2": -24.0416, "parameterCategory": 2, "lo2": -43.225054, "nx": 95, "ny": 70, "refTime": "2022-12-18 11:00:00", "lo1": -44.79166}, "data":
[rows 19 to 37 of 70, columns 42 to 83 of 95]
0.05663400888442993,0.06069573014974594,0.05929449200630188,0.06127207726240158,0.06030973047018051,0.060762256383895874,0.05887136235833168,0.05534757673740387,0.05537395551800728,0.05634238198399544,0.0574256107211113,0.056759998202323914,0.055069904774427414,0.05666005611419678,0.05688002333045006,0.056428465992212296,0.05797604098916054,0.059058383107185364,0.06052606925368309,0.06136699020862579,0.06109875440597534,0.060382258147001266,0.06053001806139946,0.06101367622613907,0.061612945050001144,0.06258867681026459,0.06365653872489929,0.06462641805410385,0.0661439448595047,0.06838703155517578,0.07115453481674194,0.07594932615756989,0.07843385636806488,0.07926061749458313,0.08277752995491028,0.08662381768226624,0.09042833000421524,0.09401784092187881,0.09746275097131729,0.10069059580564499,0.10377433151006699,0.10727217048406601
0.05874742567539215,0.06345628947019577,0.06790342181921005,0.06632862985134125,0.05975082144141197,0.05737975239753723,0.05710303410887718,0.057162683457136154,0.0572100505232811,0.05695461854338646,0.05760938674211502,0.06091233715415001,0.060288816690444946,0.05764343589544296,0.05853366479277611,0.05920649319887161,0.05958489328622818,0.06011606380343437,0.06083090975880623,0.06127370893955231,0.0615067332983017,0.061651043593883514,0.06169972941279411,0.062214381992816925,0.06340727210044861,0.06512328237295151,0.06849408149719238,0.06999823451042175,0.07029694318771362,0.0729401558637619,0.07617022842168808,0.08001448214054108,0.08271364122629166,0.0842059776186943,0.08633963018655777,0.08896304666996002,0.0917867124080658,0.09461832046508789,0.09753823280334473,0.10050889104604721,0.10368021577596664,0.10732410848140717
0.0640803873538971,0.06599902361631393,0.06755927950143814,0.06735524535179138,0.06542453914880753,0.06361088901758194,0.06237196922302246,0.06233520433306694,0.06492705643177032,0.0637078732252121,0.059813693165779114,0.06006018817424774,0.060029286891222,0.059444721788167953,0.059942685067653656,0.06019384786486626,0.060136567801237106,0.06063346937298775,0.06146819889545441,0.0627666562795639,0.0648433193564415,0.06808927655220032,0.06846727430820465,0.06740207225084305,0.06894639879465103,0.0707608163356781,0.07252182811498642,0.07392214983701706,0.07540828734636307,0.07757939398288727,0.07995132356882095,0.08233211189508438,0.0840655043721199,0.08511882275342941,0.08653216809034348,0.0888400673866272,0.09159039705991745,0.09436947852373123,0.09712400287389755,0.10005329549312592,0.10352333635091782,0.10807634145021439
0.06979431211948395,0.069889135658741,0.07070982456207275,0.07123187929391861,0.07310743629932404,0.07228352129459381,0.06954941898584366,0.06895977258682251,0.06787122040987015,0.0655752494931221,0.06326843053102493,0.06255408376455307,0.06242293119430542,0.062221888452768326,0.06213708221912384,0.0619952566921711,0.06210603564977646,0.06321446597576141,0.0663619190454483,0.06831733137369156,0.06871703267097473,0.06961867958307266,0.06969520449638367,0.07009786367416382,0.07133205235004425,0.07290016859769821,0.07425152510404587,0.07525569945573807,0.07676307111978531,0.07856576889753342,0.08015027642250061,0.08172369003295898,0.08335559815168381,0.08483423292636871,0.08591878414154053,0.08768203109502792,0.09050475805997849,0.09383492916822433,0.09751510620117188,0.10203231871128082,0.10869309306144714,0.11314395070075989
0.07596635818481445,0.0738346055150032,0.07531597465276718,0.07576307654380798,0.07602214068174362,0.07552027702331543,0.07370675355195999,0.07168909907341003,0.06991427391767502,0.0680793821811676,0.06663697212934494,0.06588419526815414,0.06554784625768661,0.06547094881534576,0.06537330150604248,0.06537387520074844,0.0660744458436966,0.06920946389436722,0.07091868668794632,0.0702112540602684,0.07028929144144058,0.07024093717336655,0.07012535631656647,0.07043623179197311,0.07135214656591415,0.07248462736606598,0.07334771007299423,0.07414009422063828,0.07555094361305237,0.07717615365982056,0.0785682201385498,0.07992739230394363,0.08200813084840775,0.08372540026903152,0.08511357009410858,0.08871045708656311,0.09508538991212845,0.09927341341972351,0.10178779065608978,0.10644364356994629,0.11123386025428772,0.11487279087305069
0.07683828473091125,0.07747460156679153,0.0793287605047226,0.08031566441059113,0.08040773123502731,0.07998829334974289,0.07837067544460297,0.07634484767913818,0.07425715774297714,0.07244495302438736,0.07262599468231201,0.07192329317331314,0.07022438943386078,0.07009045779705048,0.06994170695543289,0.07004009187221527,0.07048984616994858,0.07137756049633026,0.07197253406047821,0.07127353549003601,0.07047535479068756,0.06989340484142303,0.06964507699012756,0.06979608535766602,0.06997940689325333,0.0705268383026123,0.07117521017789841,0.07200751453638077,0.07330676913261414,0.07491853833198547,0.0764092430472374,0.0781138688325882,0.08088527619838715,0.08510783314704895,0.08784499764442444,0.09045399725437164,0.09560500085353851,0.10006847232580185,0.10398463159799576,0.10839985311031342,0.11251802742481232,0.116042360663414
0.08043611794710159,0.08132077008485794,0.08206025511026382,0.08214966952800751,0.08188261836767197,0.08107820898294449,0.08016964048147202,0.08057424426078796,0.07933599501848221,0.07721902430057526,0.0767226368188858,0.07595410943031311,0.07491183280944824,0.07389606535434723,0.07280145585536957,0.07225833088159561,0.07205802202224731,0.07171852141618729,0.07144981622695923,0.07084792852401733,0.07006986439228058,0.06938271224498749,0.06881379336118698,0.06847541779279709,0.06827694922685623,0.06848695874214172,0.06927993148565292,0.07024922221899033,0.07166177034378052,0.07358852028846741,0.0757562518119812,0.07828851789236069,0.08145332336425781,0.08566778153181076,0.09271891415119171,0.09586723148822784,0.09687773138284683,0.10140233486890793,0.10562610626220703,0.10953342169523239,0.11250478774309158,0.1156124547123909
0.08204523473978043,0.08293572068214417,0.0836387425661087,0.0842437595129013,0.08571049571037292,0.08492549508810043,0.0830659568309784,0.08251304179430008,0.08081801980733871,0.07956606894731522,0.07892030477523804,0.07799796760082245,0.0766332596540451,0.07510498911142349,0.07362513244152069,0.07282078266143799,0.07287657260894775,0.07254575192928314,0.07198434323072433,0.07133440673351288,0.07083208858966827,0.06929360330104828,0.0679003894329071,0.06781070679426193,0.06768590211868286,0.06810657680034637,0.06956366449594498,0.07183454185724258,0.07450675964355469,0.07739196717739105,0.08055776357650757,0.08414145559072495,0.08919878304004669,0.09740100800991058,0.09922527521848679,0.09707079082727432,0.09931638091802597,0.1019883081316948,0.1060997024178505,0.11167044192552567,0.11875416338443756,0.1224353164434433
0.08452668786048889,0.08740825951099396,0.08819456398487091,0.08781251311302185,0.08812839537858963,0.0869627371430397,0.08555342257022858,0.08453680574893951,0.08317339420318604,0.08218555897474289,0.08105617761611938,0.07895096391439438,0.07765237987041473,0.07684528082609177,0.07507548481225967,0.07313266396522522,0.07309751212596893,0.07337544113397598,0.07236630469560623,0.07144546508789062,0.070583775639534,0.06937577575445175,0.06834590435028076,0.06829362362623215,0.06928381323814392,0.07124725729227066,0.07465656101703644,0.08114529401063919,0.08459939807653427,0.08596627414226532,0.08975963294506073,0.09247571229934692,0.09585028886795044,0.09968959540128708,0.10010571032762527,0.09992539882659912,0.10451957583427429,0.10817832499742508,0.11010956764221191,0.11382967978715897,0.11780058592557907,0.12201263755559921
0.0878443792462349,0.08957582712173462,0.090536929666996,0.0908174067735672,0.09044600278139114,0.0892757922410965,0.08739063143730164,0.085842065513134,0.08448667824268341,0.08336292207241058,0.08201780915260315,0.07987776398658752,0.07859913259744644,0.07745277136564255,0.07577203959226608,0.07410004734992981,0.07322714477777481,0.07270466536283493,0.0727904886007309,0.0731903612613678,0.0728505402803421,0.07369538396596909,0.07327000051736832,0.07071494311094284,0.07366687059402466,0.08130677044391632,0.08419902622699738,0.08545372635126114,0.08906464278697968,0.09198278933763504,0.09390551596879959,0.09536318480968475,0.0972396656870842,0.0999838262796402,0.10422931611537933,0.10620120167732239,0.10705392807722092,0.10963696241378784,0.11214655637741089,0.1149534359574318,0.11761880666017532,0.1210043653845787
0.08883903920650482,0.09073624759912491,0.092221200466156,0.09290022403001785,0.09220218658447266,0.09076603502035141,0.0890415832400322,0.08710002899169922,0.08507781475782394,0.08365720510482788,0.08219747990369797,0.08030442148447037,0.07887138426303864,0.07765747606754303,0.07655038684606552,0.07524257153272629,0.07445355504751205,0.07460539788007736,0.07499787211418152,0.07580778747797012,0.0779925212264061,0.07787904143333435,0.07640767842531204,0.07729236036539078,0.07942944020032883,0.08364246040582657,0.08790364861488342,0.09042469412088394,0.09223970770835876,0.09357855468988419,0.09581133723258972,0.10045865923166275,0.10243271291255951,0.10316944122314453,0.10589903593063354,0.10759510099887848,0.10907641053199768,0.11068595945835114,0.11182017624378204,0.11309470236301422,0.11591623723506927,0.12091760337352753
0.08894267678260803,0.09157717227935791,0.09357466548681259,0.09440310299396515,0.09371817111968994,0.09177284687757492,0.08959785848855972,0.08719798177480698,0.08466559648513794,0.08302005380392075,0.08182961493730545,0.08027409762144089,0.07872285693883896,0.07767021656036377,0.07680875808000565,0.07632288336753845,0.07698878645896912,0.07965631783008575,0.0797032043337822,0.07799800485372543,0.07822715491056442,0.07834916561841965,0.07899700850248337,0.08065801113843918,0.08300462365150452,0.08656204491853714,0.0903114601969719,0.09321055561304092,0.09818385541439056,0.10053876042366028,0.10024936497211456,0.10230404138565063,0.10395547747612,0.10552260279655457,0.10746819525957108,0.1082114651799202,0.10842248052358627,0.11049015074968338,0.11511246860027313,0.11720678955316544,0.1173567920923233,0.11950422823429108
0.08771828562021255,0.0926661565899849,0.09477746486663818,0.09496503323316574,0.09374795109033585,0.09111516177654266,0.08824106305837631,0.08550696074962616,0.08368197083473206,0.08334245532751083,0.08477857708930969,0.08365041017532349,0.08081966638565063,0.08026281744241714,0.08007431775331497,0.07992175221443176,0.08005603402853012,0.08023198693990707,0.07960667461156845,0.07849506288766861,0.07817284017801285,0.07878772169351578,0.08060184866189957,0.08323945850133896,0.08555112779140472,0.08933716267347336,0.09612850844860077,0.10005737841129303,0.1012023463845253,0.10238794982433319,0.10255524516105652,0.10347028076648712,0.10480278730392456,0.1062755361199379,0.10874241590499878,0.11277851462364197,0.11391943693161011,0.11359997093677521,0.11604036390781403,0.11771553009748459,0.11879446357488632,0.12163055688142776
0.0880434587597847,0.09151897579431534,0.09343929588794708,0.09664329886436462,0.09472339600324631,0.08879750967025757,0.0875406488776207,0.08649267256259918,0.08499965816736221,0.08500251173973083,0.08477382361888885,0.08337485790252686,0.08203285187482834,0.08130089193582535,0.08071340620517731,0.08026061952114105,0.0797412246465683,0.07902362197637558,0.07816938310861588,0.07733475416898727,0.0772024393081665,0.07875838875770569,0.08237414807081223,0.08811137825250626,0.09155390411615372,0.09406281262636185,0.09894055128097534,0.10215398669242859,0.10320194810628891,0.10293224453926086,0.10326062142848969,0.10677561908960342,0.1089325025677681,0.10969560593366623,0.11215664446353912,0.11421383172273636,0.11486729979515076,0.11489249765872955,0.11579962074756622,0.11632616817951202,0.1177036464214325,0.12308460474014282
0.09453418850898743,0.09474623203277588,0.09563838690519333,0.09651388227939606,0.09325534850358963,0.0874495878815651,0.08591331541538239,0.08463198691606522,0.08397375047206879,0.08387604355812073,0.08345209807157516,0.08254529535770416,0.08172830939292908,0.08090867102146149,0.08005310595035553,0.0791834220290184,0.07789858430624008,0.07658151537179947,0.07601489871740341,0.07692272216081619,0.08142335712909698,0.0845971629023552,0.08573959022760391,0.0891810953617096,0.09264720976352692,0.09616079926490784,0.09970999509096146,0.10205289721488953,0.10244230180978775,0.1036917120218277,0.10548354685306549,0.10701636970043182,0.1091788038611412,0.11070599406957626,0.1119605228304863,0.11274804174900055,0.11311274766921997,0.11320880055427551,0.11351106315851212,0.1141621321439743,0.11738118529319763,0.12104377150535583
0.09482624381780624,0.09673696011304855,0.0959872230887413,0.0951409637928009,0.08982840925455093,0.08358396589756012,0.08200538903474808,0.0805811956524849,0.08040870726108551,0.07999561727046967,0.0795249193906784,0.079062819480896,0.07860274612903595,0.0782027542591095,0.07797613739967346,0.07818807661533356,0.07971624284982681,0.07903015613555908,0.07779473811388016,0.07987818121910095,0.08252978324890137,0.08479898422956467,0.08694245666265488,0.0892782211303711,0.09184081107378006,0.09529393166303635,0.09864345192909241,0.10005499422550201,0.10233752429485321,0.10425864905118942,0.10458391159772873,0.10628828406333923,0.10781080275774002,0.10895168781280518,0.1097310334444046,0.10956264287233353,0.10934644937515259,0.10963056236505508,0.11031623184680939,0.1118784174323082,0.11513856053352356,0.1170027032494545
0.09547676146030426,0.09672468155622482,0.09421025961637497,0.09187198430299759,0.08508860319852829,0.07839147001504898,0.07738455384969711,0.07510533928871155,0.07458812743425369,0.07486801594495773,0.07668951898813248,0.07758894562721252,0.0773366391658783,0.07756572961807251,0.07712288200855255,0.07693127542734146,0.07725164294242859,0.07756009697914124,0.07853952795267105,0.0801796019077301,0.08177872747182846,0.08365260064601898,0.08597266674041748,0.08852541446685791,0.09141198545694351,0.09438628703355789,0.09741391986608505,0.10116520524024963,0.10315008461475372,0.10299290716648102,0.1028967872262001,0.10329031199216843,0.10361378639936447,0.10400831699371338,0.1051684319972992,0.10637249052524567,0.10745777189731598,0.10856060683727264,0.11019335687160492,0.11197151243686676,0.11403273046016693,0.11903397738933563
0.09826185554265976,0.0947512686252594,0.09340967237949371,0.08793605118989944,0.07872415333986282,0.07281461358070374,0.06967202574014664,0.06909240037202835,0.07183779776096344,0.07376192510128021,0.07392571121454239,0.07475057989358902,0.07516300678253174,0.07529913634061813,0.07482416182756424,0.07470329850912094,0.07566399872303009,0.07690869271755219,0.0790766030550003,0.08345650136470795,0.08557745814323425,0.0857296958565712,0.08750844746828079,0.08894947171211243,0.08966158330440521,0.09350749105215073,0.09931517392396927,0.1050863042473793,0.10635268688201904,0.1027131900191307,0.10010900348424911,0.09889889508485794,0.10130754858255386,0.10325001180171967,0.10363917797803879,0.10512324422597885,0.10640840977430344,0.10693636536598206,0.10603433102369308,0.11016137897968292,0.12010829150676727,0.12220542877912521
0.09931982308626175,0.09647440910339355,0.08925408869981766,0.08145343512296677,0.0748484879732132,0.06862212717533112,0.06524162739515305,0.06674099713563919,0.06875428557395935,0.07107371836900711,0.07236004620790482,0.07315109670162201,0.07355006039142609,0.07368180900812149,0.07342331856489182,0.07414253801107407,0.07829747349023819,0.0817682072520256,0.08339592069387436,0.0857664942741394,0.08712952584028244,0.08808271586894989,0.08938762545585632,0.09062407165765762,0.09216506034135818,0.09621085971593857,0.10203492641448975,0.10702677816152573,0.10785090178251266,0.10379588603973389,0.09840091317892075,0.09802498668432236,0.09998767077922821,0.09978814423084259,0.10057441145181656,0.10202848166227341,0.10323307663202286,0.10432533919811249,0.10705798864364624,0.112879678606987,0.11726002395153046,0.116024911403656
