dougfraga/big_17.json
{"header": {"parameterUnit": "m.s-1", "parameterNumber": 3, "dx": 0.016666000000000736, "dy": 0.016666000000000736, "parameterNumberName": "Northward current", "la1": -22.891645999999998, "la2": -24.0416, "parameterCategory": 2, "lo2": -43.225054, "nx": 95, "ny": 70, "refTime": "2022-12-18 17:00:00", "lo1": -44.79166}, "data":
[rows 36 to 53 of 70, columns 40 to 79 of 95]
-0.014628552831709385,-0.008237073197960854,-0.0033347734715789557,0.001266808481886983,0.010172409936785698,0.012446565553545952,0.013003433123230934,-0.0017001052619889379,-0.013226117007434368,-0.02364254742860794,-0.030493173748254776,-0.03494958207011223,-0.036418572068214417,-0.035489875823259354,-0.034402474761009216,-0.03229421004652977,-0.03008781187236309,-0.027928847819566727,-0.026294324547052383,-0.026789268478751183,-0.026869047433137894,-0.02662859484553337,-0.026695387437939644,-0.02656339667737484,-0.025286313146352768,-0.022154550999403,-0.016661470755934715,-0.008364478126168251,-6.266198761295527e-05,0.00620843842625618,0.009663661941885948,0.009226081892848015,0.007901722565293312,0.006352805998176336,0.003942644689232111,0.0012359031243249774,-0.0021314576733857393,-0.004671741276979446,-0.005444376263767481,-0.004116038326174021
-0.010293829254806042,-0.01052430085837841,-0.001438238425180316,0.0060232290998101234,0.011949293315410614,0.01400807686150074,0.011937788687646389,0.0005537146353162825,-0.012896322645246983,-0.02327941171824932,-0.02950263023376465,-0.03229273855686188,-0.03417515009641647,-0.03430066257715225,-0.03316803649067879,-0.031014615669846535,-0.028902262449264526,-0.02867778390645981,-0.0274228323251009,-0.027087831869721413,-0.02757260948419571,-0.027503160759806633,-0.026365110650658607,-0.02677321620285511,-0.026270031929016113,-0.024468526244163513,-0.02110264264047146,-0.015107384882867336,-0.002518834313377738,0.007217404432594776,0.015715280547738075,0.01110239326953888,0.009341483004391193,0.00631753820925951,0.004972078837454319,0.003281841054558754,-0.00030164129566401243,-0.003356055123731494,-0.004976558033376932,-0.00450090691447258
-0.004686261061578989,-0.0033167426008731127,0.001375362160615623,0.008953195065259933,0.011104700155556202,0.009038102813065052,0.004468630999326706,-0.0034365623723715544,-0.013936642557382584,-0.02160438895225525,-0.026890087872743607,-0.03006615675985813,-0.031691212207078934,-0.03169642388820648,-0.030641596764326096,-0.03019317425787449,-0.028620349243283272,-0.02788269892334938,-0.026836933568120003,-0.024981563910841942,-0.025117026641964912,-0.025515001267194748,-0.026437705382704735,-0.02743874303996563,-0.027854807674884796,-0.027537116780877113,-0.026231085881590843,-0.022820644080638885,-0.014333418570458889,-0.0033381471876055002,0.007666358724236488,0.013006052933633327,0.013743112795054913,0.009055701084434986,0.00827076192945242,0.0052396091632544994,0.0012931941309943795,-0.0018808261957019567,-0.004107926972210407,-0.0035493525210767984
-0.0007987661520019174,0.004400894045829773,0.007285424042493105,0.007607554085552692,0.006617330946028233,0.003458504332229495,-0.0025793942622840405,-0.009081890806555748,-0.01508390624076128,-0.020235754549503326,-0.02444610744714737,-0.02686377987265587,-0.027833273634314537,-0.02873285301029682,-0.0281197689473629,-0.027408607304096222,-0.026130741462111473,-0.024123618379235268,-0.023396175354719162,-0.022710803896188736,-0.023060347884893417,-0.02419241890311241,-0.026160553097724915,-0.027847962453961372,-0.02888868935406208,-0.029498379677534103,-0.029959067702293396,-0.029692692682147026,-0.027422375977039337,-0.01783463917672634,-0.004818128887563944,0.011533740907907486,0.012160413898527622,0.012399249710142612,0.009947001002728939,0.0060516344383358955,0.0020930932369083166,-0.001635457156226039,-0.003775170538574457,-0.0029223011806607246
0.003786215092986822,0.005576421041041613,0.008412959985435009,0.00509738689288497,0.0015409053303301334,-0.003007082734256983,-0.00873846560716629,-0.012633568607270718,-0.01647789590060711,-0.019696582108736038,-0.022114992141723633,-0.023548007011413574,-0.024766234681010246,-0.025184499099850655,-0.024728281423449516,-0.022989876568317413,-0.021943936124444008,-0.021249806508421898,-0.02073637954890728,-0.02010646089911461,-0.020384402945637703,-0.022084392607212067,-0.02495136857032776,-0.027029406279325485,-0.02794136479496956,-0.028615590184926987,-0.03047363832592964,-0.029422376304864883,-0.025681089609861374,-0.018414948135614395,-0.00846339762210846,0.002528989454731345,0.006815734319388866,0.011009384877979755,0.008687851950526237,0.003929970785975456,-0.001306919613853097,-0.006441506091505289,-0.00801783986389637,-0.007744495756924152
0.005739819724112749,0.004168943967670202,0.002893256489187479,-0.00043011916568502784,-0.004311390686780214,-0.00740499421954155,-0.01180285308510065,-0.015453213825821877,-0.01817549578845501,-0.020028632134199142,-0.021188851445913315,-0.022902870550751686,-0.022804897278547287,-0.021758224815130234,-0.021263787522912025,-0.020800411701202393,-0.020097577944397926,-0.019097214564681053,-0.017719976603984833,-0.0165934469550848,-0.01737041212618351,-0.019710643216967583,-0.022416813299059868,-0.026004236191511154,-0.027843862771987915,-0.027877744287252426,-0.027266154065728188,-0.02564365789294243,-0.02240787260234356,-0.017594868317246437,-0.011784003116190434,-0.005061594769358635,0.0027778116054832935,0.004854949656873941,0.0019068341935053468,-0.004706054925918579,-0.011511076241731644,-0.016135621815919876,-0.017707431688904762,-0.01762344129383564
0.0030034289229661226,0.00028875141288153827,-0.0026641273871064186,-0.004986640997231007,-0.008244313299655914,-0.011409085243940353,-0.014771471731364727,-0.018248511478304863,-0.02077179215848446,-0.023659365251660347,-0.02433384396135807,-0.024295518174767494,-0.02256036177277565,-0.021652741357684135,-0.0211909469217062,-0.02089536003768444,-0.01976710557937622,-0.017560970038175583,-0.015450744889676571,-0.015042911283671856,-0.016042359173297882,-0.017446141690015793,-0.020066095516085625,-0.02253377065062523,-0.024534955620765686,-0.0242856964468956,-0.021859241649508476,-0.020259710028767586,-0.017624784260988235,-0.013453896157443523,-0.009181248024106026,-0.005786243360489607,-0.004017485771328211,-0.005603378172963858,-0.009599416516721249,-0.01668507419526577,-0.021923691034317017,-0.02449699304997921,-0.025273730978369713,-0.024341540411114693
-0.0007622367120347917,-0.002693238900974393,-0.005907504353672266,-0.00878661684691906,-0.011807970702648163,-0.014562388882040977,-0.017852425575256348,-0.02277853526175022,-0.025202635675668716,-0.026807531714439392,-0.026983030140399933,-0.025485878810286522,-0.024292781949043274,-0.023303864523768425,-0.022351715713739395,-0.02124178037047386,-0.018959302455186844,-0.016306381672620773,-0.015657007694244385,-0.015316547825932503,-0.01407394465059042,-0.014640338718891144,-0.015541411936283112,-0.01614648662507534,-0.017445944249629974,-0.017600813880562782,-0.016989734023809433,-0.015621935948729515,-0.01350268255919218,-0.010871239006519318,-0.009885234758257866,-0.009895669296383858,-0.012211224064230919,-0.017178043723106384,-0.021603336557745934,-0.026004943996667862,-0.02770986594259739,-0.027531050145626068,-0.02632036805152893,-0.025647668167948723
-0.004498448688536882,-0.006315843667834997,-0.009007581509649754,-0.011616158299148083,-0.014359917491674423,-0.01844780147075653,-0.02222837135195732,-0.02570928819477558,-0.02766074240207672,-0.027235541492700577,-0.027035729959607124,-0.026509935036301613,-0.025515753775835037,-0.02430475689470768,-0.02280758135020733,-0.020750999450683594,-0.017095014452934265,-0.010521197691559792,-0.015699606388807297,-0.012679455801844597,-0.011119510978460312,-0.010297367349267006,-0.00997114647179842,-0.011529049836099148,-0.01317193079739809,-0.013917299918830395,-0.013641701079905033,-0.012883525341749191,-0.012077322229743004,-0.012303974479436874,-0.014789815060794353,-0.01836141012609005,-0.022029371932148933,-0.02629976160824299,-0.029671836644411087,-0.030679170042276382,-0.0301116444170475,-0.0278401430696249,-0.0256485715508461,-0.02578272484242916
-0.010020188987255096,-0.011382699012756348,-0.0130830779671669,-0.014742202125489712,-0.01811547391116619,-0.02171400561928749,-0.02481035143136978,-0.02603098377585411,-0.027516458183526993,-0.02790241874754429,-0.027622994035482407,-0.02696414105594158,-0.025985509157180786,-0.02453908883035183,-0.022739330306649208,-0.020520377904176712,-0.019122596830129623,-0.01619742065668106,-0.012210145592689514,-0.008152314461767673,-0.005617963150143623,-0.004913388751447201,-0.0071711852215230465,-0.009821672923862934,-0.012326988391578197,-0.014379615895450115,-0.015431934036314487,-0.016290074214339256,-0.017814092338085175,-0.01993739604949951,-0.022796504199504852,-0.026520544663071632,-0.02905663102865219,-0.030486484989523888,-0.03146766871213913,-0.031065862625837326,-0.03005458600819111,-0.028329135850071907,-0.02629823237657547,-0.025993090122938156
-0.016830705106258392,-0.01766803115606308,-0.018345363438129425,-0.020288478583097458,-0.022040704265236855,-0.023335039615631104,-0.025350384414196014,-0.026865676045417786,-0.027817126363515854,-0.02797853946685791,-0.027607358992099762,-0.026959501206874847,-0.026084966957569122,-0.024806274101138115,-0.02284383587539196,-0.02056712843477726,-0.020517989993095398,-0.01944781467318535,-0.007227451074868441,-0.0015446532052010298,0.001291397726163268,-0.0013167384313419461,-0.007009815890341997,-0.01185703556984663,-0.01618950627744198,-0.019630270078778267,-0.022191643714904785,-0.024263300001621246,-0.025961022824048996,-0.0271126888692379,-0.028546176850795746,-0.02982143498957157,-0.030672110617160797,-0.030729010701179504,-0.03025948628783226,-0.03028061054646969,-0.030514180660247803,-0.030252762138843536,-0.028348911553621292,-0.026492508128285408
-0.02318468503654003,-0.024927450343966484,-0.02501102164387703,-0.02536541037261486,-0.024719838052988052,-0.025306329131126404,-0.026532603427767754,-0.027502521872520447,-0.028220513835549355,-0.0281032957136631,-0.027588052675127983,-0.026864053681492805,-0.026148252189159393,-0.02525269240140915,-0.023328443989157677,-0.019922565668821335,-0.015901928767561913,-0.009979304857552052,-0.0018489230424165726,0.004488571081310511,0.004431619308888912,-0.0005710345576517284,-0.008487227372825146,-0.015170165337622166,-0.020328063517808914,-0.02441621571779251,-0.027003975585103035,-0.028347868472337723,-0.02874903194606304,-0.02828240394592285,-0.028446951881051064,-0.02846619486808777,-0.02900163270533085,-0.0292599406093359,-0.029554041102528572,-0.030430881306529045,-0.03222479671239853,-0.03288824111223221,-0.03113691508769989,-0.02757209725677967
-0.02937173657119274,-0.029899073764681816,-0.029420215636491776,-0.027793046087026596,-0.027263164520263672,-0.027018843218684196,-0.02722219191491604,-0.027703694999217987,-0.02829418145120144,-0.028181277215480804,-0.02766217477619648,-0.026957910507917404,-0.026204869151115417,-0.024946745485067368,-0.023156361654400826,-0.019470645114779472,-0.011616206727921963,-0.005566515028476715,0.0016837697476148605,0.004594354424625635,0.0032901144586503506,-0.002552852500230074,-0.010144559666514397,-0.01669354923069477,-0.02123965509235859,-0.024436578154563904,-0.025722241029143333,-0.02583661861717701,-0.025864899158477783,-0.025895971804857254,-0.02558513917028904,-0.025751695036888123,-0.026981312781572342,-0.027881190180778503,-0.02927831932902336,-0.030769307166337967,-0.032497383654117584,-0.033458907157182693,-0.03246521204710007,-0.02851886861026287
-0.033110834658145905,-0.03164874017238617,-0.03057963028550148,-0.02948790416121483,-0.028621003031730652,-0.027836687862873077,-0.027376990765333176,-0.027383899316191673,-0.027451420202851295,-0.02726001664996147,-0.027238067239522934,-0.02732756733894348,-0.026535259559750557,-0.024990878999233246,-0.023089488968253136,-0.021322352811694145,-0.013591130264103413,-0.004433375783264637,0.0004209120525047183,0.0011159548303112388,-0.0008853022591210902,-0.00561704533174634,-0.011249074712395668,-0.016505632549524307,-0.01979067735373974,-0.020932016894221306,-0.020670337602496147,-0.019907381385564804,-0.02049863338470459,-0.022095074877142906,-0.02288459986448288,-0.0240276250988245,-0.025845808908343315,-0.027409031987190247,-0.028488345444202423,-0.029183480888605118,-0.029869018122553825,-0.030764825642108917,-0.031677793711423874,-0.028739025816321373
-0.03464314714074135,-0.03391299396753311,-0.032757021486759186,-0.03131772205233574,-0.02981547825038433,-0.028470691293478012,-0.027375629171729088,-0.026512037962675095,-0.02553655579686165,-0.025507116690278053,-0.026912441477179527,-0.030222056433558464,-0.030323714017868042,-0.029344288632273674,-0.026706919074058533,-0.02241775207221508,-0.016869325190782547,-0.008632211945950985,-0.004697126802057028,-0.004540652502328157,-0.006167293526232243,-0.008612803183495998,-0.011810625903308392,-0.014887623488903046,-0.016425928100943565,-0.015431346371769905,-0.014190553687512875,-0.014039631932973862,-0.016273001208901405,-0.018824277445673943,-0.020869147032499313,-0.022654518485069275,-0.02437002956867218,-0.025973983108997345,-0.025815315544605255,-0.024995112791657448,-0.02449752949178219,-0.025160936638712883,-0.02707526460289955,-0.026482312008738518
-0.03960103914141655,-0.039086680859327316,-0.037806298583745956,-0.035778820514678955,-0.033305782824754715,-0.03053254261612892,-0.02777382917702198,-0.025300832465291023,-0.02355985715985298,-0.02418873831629753,-0.02825796604156494,-0.03093024343252182,-0.03301339969038963,-0.033035457134246826,-0.03054969757795334,-0.024865997955203056,-0.020385470241308212,-0.015627900138497353,-0.012391007505357265,-0.011453403159976006,-0.01137635763734579,-0.011591010726988316,-0.012239101342856884,-0.012238062918186188,-0.011435923166573048,-0.00886017456650734,-0.007813838310539722,-0.009808050468564034,-0.01336205005645752,-0.016353411599993706,-0.018618972972035408,-0.02012968249619007,-0.021445611491799355,-0.022379353642463684,-0.021592743694782257,-0.019785279408097267,-0.018367577344179153,-0.018668726086616516,-0.02026049792766571,-0.02112412080168724
-0.04586799815297127,-0.0452592596411705,-0.043587639927864075,-0.040819257497787476,-0.037476442754268646,-0.03328186646103859,-0.028987962752580643,-0.025212164968252182,-0.022702867165207863,-0.022553741931915283,-0.026108527556061745,-0.02810591086745262,-0.03239397332072258,-0.0338791087269783,-0.032740820199251175,-0.030273420736193657,-0.026626594364643097,-0.022905319929122925,-0.019451970234513283,-0.0169687420129776,-0.015285731293261051,-0.01411503180861473,-0.012002069503068924,-0.008665760979056358,-0.004673920106142759,-0.0022999809589236975,-0.002911927178502083,-0.007141391281038523,-0.011028441600501537,-0.013764998875558376,-0.015320485457777977,-0.0163083728402853,-0.017197614535689354,-0.01758773997426033,-0.016622867435216904,-0.01438196562230587,-0.012506550177931786,-0.012271353974938393,-0.013148878701031208,-0.02032470516860485
-0.04899819195270538,-0.04819454625248909,-0.04643014073371887,-0.043631814420223236,-0.04181847721338272,-0.037315137684345245,-0.032343365252017975,-0.027721740305423737,-0.02228011190891266,-0.019665498286485672,-0.020273886620998383,-0.025102049112319946,-0.03175230324268341,-0.03549584373831749,-0.03574813902378082,-0.034415725618600845,-0.03151702135801315,-0.028152525424957275,-0.024266773834824562,-0.02047841250896454,-0.017382189631462097,-0.014884271658957005,-0.01077177096158266,-0.006279268302023411,-7.313547394005582e-05,0.0022972337901592255,-0.00048159188008867204,-0.005876206327229738,-0.009364733472466469,-0.0110336784273386,-0.011739070527255535,-0.012235518544912338,-0.012781101278960705,-0.01288679987192154,-0.01148687582463026,-0.008422331884503365,-0.00589706189930439,-0.004987661726772785,-0.0024921412114053965,-0.01330365240573883
