dougfraga/big_3.json
{"header": {"parameterUnit": "m.s-1", "parameterNumber": 3, "dx": 0.016666000000000736, "dy": 0.016666000000000736, "parameterNumberName": "Northward current", "la1": -22.891645999999998, "la2": -24.0416, "parameterCategory": 2, "lo2": -43.225054, "nx": 95, "ny": 70, "refTime": "2022-12-18 03:00:00", "lo1": -44.79166}, "data":
[rows 0 to 17 of 70, columns 40 to 79 of 95]
0.0,0.0,0.0,0.0,0.0,0.0,0.0,0.0,0.0,0.0,0.0,0.0,0.0,0.0,0.0,0.0,0.0,0.0,0.0,0.0,0.0,0.0,0.0,0.0,0.0,0.0,0.0,0.0,0.0,0.0,0.0,0.0,0.0,0.0,0.0,0.0,0.0,0.0,0.0,0.0
0.0,0.0,0.0,0.0,0.0,0.0,0.0,0.0,0.0,0.0,0.0,0.0,0.0,0.0,0.0,0.0,0.0,0.0,0.0,0.0,0.0,0.0,0.0,0.0,0.0,0.0,0.0,0.0,0.0,0.0,0.0,0.0,0.0,0.0,0.0,0.0,0.0,0.0,0.0,0.0
0.0,0.0,0.0,0.0,0.0,0.0,0.0,0.0,0.0,0.0,0.0,0.0,0.0,0.0,0.0,-0.0020413901656866074,0.0,0.0,0.0,0.0,0.0,0.0,0.0,0.0,0.0,0.0,0.0,0.0,0.0,0.0,0.0,0.0,0.0,0.0,0.0,0.0,0.0,0.0,0.0,0.0
0.0,0.0,0.0,0.0,0.0,0.0,0.0,0.0,0.0,0.0,-0.0081810113042593,0.0,0.0,0.0,0.0,-0.011349090375006199,-0.003335007932037115,0.0,-0.005946044810116291,-0.0031718311365693808,0.0,0.0,0.0,0.0,0.0,0.0,0.0,0.0,0.0,0.0,0.0,0.0,0.0,0.0,0.0,0.0,0.0,0.0,0.0,0.0
0.0,0.0,0.0,-0.005822769366204739,-0.006741190794855356,0.0,0.0,-0.008121552877128124,-0.005026035476475954,-0.00453408295288682,-0.018453754484653473,-0.00218703830614686,0.002481692237779498,0.0,0.0,-0.025732580572366714,-0.011251936666667461,-0.00503860367462039,-0.011249626986682415,-0.00840908195823431,-0.004426522646099329,-0.004726252052932978,-0.007356385700404644,0.0,0.0,0.0,0.0,0.0,0.0,0.0,0.0,0.0,0.0,0.0,0.0,0.0,0.0,0.0,0.0,0.0
0.0,0.0,0.0,-0.017554862424731255,-0.014277118258178234,0.0,-0.013173169456422329,-0.015223891474306583,-0.009922782890498638,-0.008766419254243374,-0.01406833715736866,-0.0019790756050497293,0.002987039042636752,0.0009260203805752099,0.00040762004209682345,-0.022168107330799103,-0.012861298397183418,-0.01008251029998064,-0.010568518191576004,-0.01178376842290163,-0.011546689085662365,-0.013175882399082184,-0.01883626915514469,-0.016810283064842224,0.0,0.0,0.0,0.0,0.0,0.0,0.0,0.0,0.0,0.0,0.0,0.0,0.0,0.0,0.0,0.0
0.0,0.0,0.0,-0.025869762524962425,-0.015479062683880329,-0.003970824182033539,-0.024175411090254784,-0.01697612926363945,-0.027512401342391968,-0.010189277119934559,-0.01402274239808321,-0.0064882924780249596,-0.002824326977133751,-0.000527458090800792,-0.0028607561253011227,-0.010732520371675491,-0.011383776552975178,-0.010852317325770855,-0.012557427398860455,-0.01415464747697115,-0.015471729449927807,-0.018494443967938423,-0.023963890969753265,-0.034695737063884735,-0.026861514896154404,0.0,0.0,0.0,0.0,0.0,0.0,0.0,0.0,0.0,0.0,0.0,0.0,0.0,0.0,0.0
0.0,0.0,-0.008253108710050583,-0.023976556956768036,-0.017178568989038467,-0.011760164983570576,-0.019227702170610428,-0.029617145657539368,-0.04157254472374916,-0.017327452078461647,-0.022252878174185753,-0.018402714282274246,-0.013096978887915611,-0.008803742937743664,-0.010326567105948925,-0.012329700402915478,-0.014249146915972233,-0.013409995473921299,-0.015059100463986397,-0.01611621305346489,-0.017489569261670113,-0.02027234248816967,-0.02355785109102726,-0.031403716653585434,-0.04525415599346161,-0.009293151088058949,-0.013602308928966522,-0.03200070932507515,0.0,0.0,0.0,0.0,0.0,0.0,0.0,0.0,0.0,0.0,0.0,0.0
0.0,-0.009880528785288334,-0.017954757437109947,-0.018730729818344116,-0.016675272956490517,-0.015392715111374855,-0.02858702652156353,-0.04212892800569534,-0.04075133055448532,-0.02186386100947857,-0.019407983869314194,-0.017099689692258835,-0.016521375626325607,-0.0157014112919569,-0.015915628522634506,-0.014217344112694263,-0.014849160797894001,-0.014892793260514736,-0.015755819156765938,-0.01722685992717743,-0.01915751025080681,-0.018490780144929886,-0.018116815015673637,-0.017942365258932114,-0.02920634113252163,-0.01803448796272278,-0.022643882781267166,-0.044889528304338455,-0.0037102021742612123,-0.004814041778445244,-0.008769282139837742,-0.020070543512701988,-0.05052562057971954,0.0,0.0,0.0,0.0,0.0,0.0,0.0
-0.007612376473844051,-0.018012279644608498,-0.019525129348039627,-0.020060908049345016,-0.020479917526245117,-0.019639236852526665,-0.04989641159772873,-0.047895465046167374,-0.050321873277425766,-0.01049334928393364,-0.0073822541162371635,-0.003400802379474044,-0.011825601570308208,-0.017249731346964836,-0.020799268037080765,-0.006876937113702297,-0.007039421238005161,-0.007291208021342754,-0.015491641126573086,-0.014425113797187805,-0.01803775504231453,-0.01372735295444727,-0.00851654913276434,0.007781701162457466,-0.010813700966536999,-0.008741337805986404,-0.009041574783623219,-0.01288881991058588,-0.0037102021742612123,-0.004814041778445244,-0.008769282139837742,-0.020070543512701988,-0.11160334944725037,-0.03148028627038002,0.0,0.0,0.0,0.0,0.0,0.0
-0.018158482387661934,-0.018126562237739563,-0.022033391520380974,-0.026101810857653618,-0.027727026492357254,-0.029260406270623207,-0.061240773648023605,-0.04579613357782364,-0.028527436777949333,0.0,0.0,0.001992428209632635,-0.00507153058424592,-0.008898585103452206,-0.011941828764975071,0.0,0.0,0.0,-0.00750243104994297,-0.005706337746232748,-0.00801825150847435,-0.005464100744575262,-0.001473576994612813,0.012205803766846657,0.0,0.0,0.0,0.0,0.0,0.0,0.0,0.0,-0.07689228653907776,-0.05799505487084389,0.0,0.0,0.0,-0.0030235901940613985,-0.005779800470918417,-0.00833067949861288
-0.022362351417541504,-0.02227955497801304,-0.026636913418769836,-0.02962656132876873,-0.03041738085448742,-0.037731193006038666,-0.07334165275096893,-0.020286239683628082,0.0,0.0,0.0,0.0,0.0,0.0,0.0,0.0,0.0,0.0,0.0,0.0,0.0,0.0,0.0,0.0,-0.002258224645629525,-0.002145617501810193,-0.009468789212405682,-0.01229231059551239,-0.01125254761427641,-0.013425902463495731,-0.015878651291131973,-0.02131728082895279,-0.0393645204603672,-0.05538032948970795,0.0,-0.0022892202250659466,-0.005183150060474873,-5.3489678975893185e-05,-0.0044792951084673405,-0.012393251061439514
-0.025225365534424782,-0.025861196219921112,-0.02933364547789097,-0.03231381997466087,-0.033772435039281845,-0.04049303010106087,-0.07662383466959,0.0,0.0,0.0,0.0,0.0,0.0,0.000785074895247817,-0.0027837776578962803,-0.005870849825441837,-0.007801562547683716,-0.008076805621385574,-0.004148030653595924,-0.005724294576793909,-0.006626832764595747,-0.006767237093299627,-0.006548323202878237,-0.006284152623265982,-0.007766623981297016,-0.00785484816879034,-0.013498295098543167,-0.018877971917390823,-0.020416153594851494,-0.02711109258234501,-0.030961714684963226,-0.03419008478522301,-0.037863366305828094,-0.04877053201198578,-0.009108527563512325,-0.005605798680335283,-0.008086741901934147,0.0004808714729733765,-0.00046838156413286924,-0.0005302246427163482
-0.030246155336499214,-0.0313127376139164,-0.030686071142554283,-0.03331977501511574,-0.033387597650289536,-0.0384160615503788,-0.057860471308231354,0.0,0.0,-0.0009594832081347704,0.0001916866167448461,-0.0021230322308838367,-0.004016167018562555,0.005119116045534611,0.002105217194184661,-0.0016166705172508955,-0.003803571918979287,-0.005441530607640743,-0.0028724197763949633,-0.006670903414487839,-0.008822518400847912,-0.009695465676486492,-0.009976017288863659,-0.008613666519522667,0.0001272697700187564,0.0013823385816067457,-0.0002916490484494716,-0.0067767067812383175,-0.01278469618409872,-0.014227556996047497,-0.01845284178853035,-0.017205003648996353,-0.01956513524055481,-0.02510247193276882,-0.01288857962936163,-0.0044348654337227345,-0.0030820933170616627,-0.0028194112237542868,-0.0026879841461777687,0.001833999645896256
-0.03388494998216629,-0.03397233784198761,-0.02994557097554207,-0.0330987311899662,-0.032982826232910156,-0.03211125358939171,-0.03389568254351616,-0.004925765097141266,-0.005608746316283941,0.00018396107770968229,0.0025863084010779858,-0.00010643567657098174,0.0031292347703129053,0.014098962768912315,0.015872497111558914,0.015789546072483063,0.01549948938190937,0.014296835288405418,0.012570899911224842,0.005703436676412821,0.002635131822898984,0.00031948182731866837,-0.0018305950798094273,-0.0017088783206418157,0.006149713881313801,0.008266042917966843,0.010121203027665615,0.0050298054702579975,-0.002612287411466241,-0.0017117152456194162,-0.00812369491904974,-0.012540781870484352,-0.015531448647379875,-0.013883273117244244,-0.004091641400009394,0.001122284447774291,0.004392126575112343,0.0053391228429973125,0.004458155483007431,0.0003199594793841243
-0.021298028528690338,-0.02815518155694008,-0.02960449643433094,-0.030260413885116577,-0.03144598379731178,-0.02319982275366783,-0.01779777742922306,-0.010499170981347561,-0.009823615662753582,0.004532384220510721,0.008696933276951313,0.00976087898015976,0.016635116189718246,0.01749066449701786,0.018191542476415634,0.01768898218870163,0.015941280871629715,0.015579573810100555,0.015075602568686008,0.015161596238613129,0.013636063784360886,0.012187856249511242,0.008083372376859188,0.0063323331996798515,0.005127442069351673,0.004659472499042749,0.008388718590140343,0.006059268955141306,0.005694813560694456,0.002111496403813362,-0.0029159835539758205,-0.007679436355829239,-0.013477378524839878,-0.011483588255941868,-0.0012784975115209818,0.0027481121942400932,0.006113334093242884,0.007624384015798569,0.0073511539958417416,0.007038158364593983
-0.0042501152493059635,-0.013427544385194778,-0.025590430945158005,-0.021088210865855217,-0.023094793781638145,-0.019649174064397812,-0.01644393987953663,-0.007352556101977825,-0.0021516543347388506,0.004938042256981134,0.008268392644822598,0.009173013269901276,0.01101711206138134,0.014696069993078709,0.016259213909506798,0.01599680632352829,0.012313863262534142,0.010976450517773628,0.00994702335447073,0.013561923988163471,0.012268122285604477,0.012095375917851925,0.01416860893368721,0.013206169940531254,0.011658825911581516,0.010158536024391651,0.008762999437749386,0.007349966559559107,0.008433359675109386,0.004953658673912287,0.0007915699970908463,-0.0020880810916423798,-0.002714014844968915,-0.002179159317165613,0.00048371459706686437,0.003145856549963355,0.0053696222603321075,0.006759305950254202,0.00768342986702919,0.01082321722060442
0.0,-0.0089946910738945,-0.012609388679265976,-0.015091161243617535,-0.012550538405776024,-0.012065100483596325,-0.013221008703112602,-0.004529524128884077,-0.0002803904644679278,0.00444544805213809,0.006251809652894735,0.007042044308036566,0.0083698108792305,0.011880717240273952,0.013327660039067268,0.013457097113132477,0.014998630620539188,0.014300108887255192,0.01298670843243599,0.012074044905602932,0.010830380022525787,0.0104957465082407,0.012890351936221123,0.011460081674158573,0.009816530160605907,0.007987013086676598,0.006964624859392643,0.006263146176934242,0.0064208596013486385,0.0034923991188406944,-0.0004300992004573345,-0.0028047861997038126,-0.00015744901611469686,0.00045144950854592025,0.002089416841045022,0.004560716915875673,0.006849674042314291,0.0074663651175796986,0.00882270559668541,0.008851679973304272
