dougfraga/big_3.json
{"header": {"parameterUnit": "m.s-1", "parameterNumber": 3, "dx": 0.016666000000000736, "dy": 0.016666000000000736, "parameterNumberName": "Northward current", "la1": -22.891645999999998, "la2": -24.0416, "parameterCategory": 2, "lo2": -43.225054, "nx": 95, "ny": 70, "refTime": "2022-12-18 03:00:00", "lo1": -44.79166}, "data":
[rows 36 to 53 of 70, columns 40 to 79 of 95]
-0.021519860252738,-0.014293869957327843,-0.008869589306414127,-0.006952028721570969,-0.002452870598062873,-0.002900508465245366,-0.0028920923359692097,-0.009546958841383457,-0.00796640943735838,-0.006041035987436771,-0.0034492528066039085,-0.0013762377202510834,0.00043650035513564944,0.003070923499763012,0.004591875709593296,0.006221028044819832,0.007963172160089016,0.010288885794579983,0.01337863877415657,0.014492339454591274,0.016049223020672798,0.017579536885023117,0.018665675073862076,0.01946977898478508,0.021177353337407112,0.02407342940568924,0.027936860918998718,0.0326526053249836,0.03642404079437256,0.038360875099897385,0.03840099275112152,0.03159939497709274,0.02008318528532982,0.025282250717282295,0.025547949597239494,0.02546401135623455,0.02465341053903103,0.02388032153248787,0.022996513172984123,0.022295570001006126
-0.016280334442853928,-0.01505293883383274,-0.007058682385832071,-0.002463623648509383,-0.000935339427087456,-0.0017561792628839612,-0.006450825836509466,-0.008460363373160362,-0.008428051136434078,-0.006207455415278673,-0.0031115657184273005,0.0009279394871555269,0.0032495777122676373,0.0051268404349684715,0.006900646723806858,0.00874830037355423,0.010450773872435093,0.01085713692009449,0.013810859061777592,0.016280118376016617,0.017987962812185287,0.019702119752764702,0.022428790107369423,0.02270796336233616,0.023294953629374504,0.024474861100316048,0.025915397331118584,0.029071366414427757,0.03869418427348137,0.04268040508031845,0.045806970447301865,0.02675994299352169,0.012483187019824982,0.016818786039948463,0.02543599344789982,0.02681252546608448,0.024861985817551613,0.023070843890309334,0.021462714299559593,0.020311526954174042
-0.01265278272330761,-0.007483739405870438,-0.0036183015909045935,0.0022592591121792793,0.002035651821643114,-0.0019664934370666742,-0.007714384235441685,-0.008493770845234394,-0.007957521826028824,-0.004590815864503384,-0.001057446119375527,0.0024777527432888746,0.005355005618184805,0.007794562261551619,0.009568965993821621,0.009537752717733383,0.01059593167155981,0.011567714624106884,0.014228376559913158,0.018803603947162628,0.02150256559252739,0.023447107523679733,0.024348827078938484,0.024365512654185295,0.024158693850040436,0.023763401433825493,0.02315807342529297,0.024153560400009155,0.029978085309267044,0.03479520231485367,0.03923439234495163,0.022688549011945724,0.012980896048247814,0.011227559298276901,0.026478830724954605,0.026640666648745537,0.02378666214644909,0.021308481693267822,0.018912242725491524,0.01841215044260025
-0.006714936345815659,0.001327150734141469,0.004869415890425444,0.005497906357049942,0.003664125455543399,-0.0002552730729803443,-0.0056638410314917564,-0.00767497019842267,-0.006026240531355143,-0.0025229675229638815,0.0014065810246393085,0.005646750330924988,0.009210679680109024,0.010678242892026901,0.012072083540260792,0.0124461455270648,0.012961909174919128,0.015377036295831203,0.017888303846120834,0.021448027342557907,0.02434460259974003,0.026340380311012268,0.02670748345553875,0.026551494374871254,0.02587985433638096,0.024410754442214966,0.022096963599324226,0.019736599177122116,0.019186442717909813,0.024656031280755997,0.030544493347406387,0.02125813066959381,0.011643453501164913,0.012164046987891197,0.02308918908238411,0.022578921169042587,0.02000492438673973,0.017483046278357506,0.015473408624529839,0.015730857849121094
0.0023496977519243956,0.005818319972604513,0.009899291209876537,0.008621812798082829,0.0055965702049434185,0.0010063358349725604,-0.004361565690487623,-0.004886115901172161,-0.0033775789197534323,0.00042855608626268804,0.005091359373182058,0.0096127949655056,0.012604349292814732,0.014513233676552773,0.015746207907795906,0.01738128811120987,0.017688561230897903,0.018625330179929733,0.020900284871459007,0.024800125509500504,0.028202084824442863,0.02984817698597908,0.02955707348883152,0.029535677284002304,0.029061617329716682,0.02727135829627514,0.023267049342393875,0.021871205419301987,0.02274543233215809,0.02594870515167713,0.027578415349125862,0.012648356147110462,0.007655245251953602,0.009885746985673904,0.013718986883759499,0.012891607359051704,0.01125591155141592,0.009547806344926357,0.009340215474367142,0.009343593381345272
0.006491665728390217,0.0068699368275702,0.007954427972435951,0.007582338526844978,0.005124152638018131,0.002357305260375142,-0.0013155648484826088,-0.0021766950376331806,-0.0004925156245008111,0.0034893418196588755,0.007882919162511826,0.011022474616765976,0.015020363964140415,0.01858573965728283,0.019753538072109222,0.020056288689374924,0.020346736535429955,0.020668938755989075,0.02289227768778801,0.029084187000989914,0.03197725862264633,0.03237129747867584,0.029852088540792465,0.029728293418884277,0.028505859896540642,0.027507806196808815,0.026162810623645782,0.02526068314909935,0.025410644710063934,0.025434046983718872,0.02262279950082302,0.005623267963528633,0.005768712144345045,0.005384749732911587,0.005033909808844328,0.003975172061473131,0.0031791101209819317,0.0031264685094356537,0.0032931070309132338,0.002948861801996827
0.003838145639747381,0.003111165249720216,0.0032527863513678312,0.004260805435478687,0.0034227902069687843,0.0016009676037356257,-0.00015069785877130926,-0.0007516388432122767,0.0006138320895843208,0.0024389124009758234,0.006141985300928354,0.010772152803838253,0.016086621209979057,0.019246434792876244,0.020207148045301437,0.020519431680440903,0.02108156867325306,0.01907609961926937,0.022131014615297318,0.030689304694533348,0.03354935348033905,0.03289427608251572,0.02645987644791603,0.030123181641101837,0.028977427631616592,0.028085917234420776,0.029153920710086823,0.028325971215963364,0.027604946866631508,0.025188740342855453,0.01930326037108898,0.004767303820699453,0.0013664254220202565,0.0011146501637995243,0.0009495806298218668,-0.00015294789045583457,2.4225921151810326e-05,0.00029090692987665534,-0.0002689246030058712,-0.0004389853565953672
3.3287004043813795e-05,-0.0002673415292520076,-0.0003856466501019895,0.0002468554303050041,0.0005191285745240748,0.00046915889834053814,-0.00038890406722202897,-0.002411964815109968,-0.0010637735249474645,0.001688500284217298,0.005502218846231699,0.011167594231665134,0.015347636304795742,0.018154267221689224,0.019639255478978157,0.020832322537899017,0.02050739899277687,0.014692693948745728,0.022213172167539597,0.029521740972995758,0.03449477627873421,0.032927170395851135,0.028849352151155472,0.03362160921096802,0.03270749747753143,0.031106004491448402,0.03058844618499279,0.02996944449841976,0.02674013189971447,0.018591685220599174,0.010270769707858562,0.0023812856525182724,-0.000796752457972616,-0.0019338520942255855,-0.002589343348518014,-0.0031803317833691835,-0.0025038658641278744,-0.002083472441881895,-0.0024629002436995506,-0.0033124503679573536
-0.0021048500202596188,-0.002795276464894414,-0.002635761396959424,-0.00155604537576437,-0.00048781640361994505,-0.0013498004991561174,-0.0020901362877339125,-0.002505606273189187,-0.0007163433474488556,0.004046306014060974,0.008119474165141582,0.011924313381314278,0.015362969599664211,0.018067900091409683,0.020235810428857803,0.022319935262203217,0.019313344731926918,0.01963130384683609,0.026028431951999664,0.03166539594531059,0.035111721605062485,0.03535998612642288,0.03516587242484093,0.034579403698444366,0.03222845122218132,0.029037676751613617,0.028711963444948196,0.02796344645321369,0.020171450451016426,0.010241692885756493,0.004042184446007013,5.277478067000629e-06,-0.0022709453478455544,-0.003904394805431366,-0.005797374527901411,-0.005729833617806435,-0.005414152983576059,-0.004806262440979481,-0.004977836273610592,-0.0064603048376739025
-0.00427002739161253,-0.004299898631870747,-0.003432023338973522,-0.001529104309156537,-0.0013283014995977283,-0.0016034336294978857,-0.0016054358566179872,7.125363481463864e-05,0.0019417261937633157,0.00541628897190094,0.009400425478816032,0.013068103231489658,0.016201872378587723,0.01916220597922802,0.02155783586204052,0.023451393470168114,0.018277013674378395,0.021280379965901375,0.03399209305644035,0.036995287984609604,0.03915691375732422,0.038373783230781555,0.03346073627471924,0.028218166902661324,0.02429213374853134,0.0173335038125515,0.01703363098204136,0.01660650037229061,0.010055498220026493,0.004620496183633804,0.0013396235881373286,-0.00162319780793041,-0.0036858965177088976,-0.005116410553455353,-0.006735902279615402,-0.007111072540283203,-0.0073850820772349834,-0.007529888302087784,-0.007760730106383562,-0.008505092933773994
-0.006327498238533735,-0.0052231852896511555,-0.0036530636716634035,-0.0027868954930454493,-0.0014942511916160583,0.000154296460095793,0.0003655830514617264,0.00040069266106002033,0.0018820043187588453,0.004987402819097042,0.00860503688454628,0.0119160246104002,0.0149380536749959,0.018536891788244247,0.02025039680302143,0.022173458710312843,0.022800849750638008,0.025584643706679344,0.04044274240732193,0.04401722177863121,0.04460206255316734,0.03607865795493126,0.021161887794733047,0.01363867986947298,0.009909898042678833,0.004890024196356535,0.004549756180495024,0.004317224957048893,0.003021865850314498,0.0013270083582028747,-0.0011645227205008268,-0.003462340449914336,-0.005301213823258877,-0.0065099745988845825,-0.007096460089087486,-0.00811125710606575,-0.009095215238630772,-0.009263318963348866,-0.009255355224013329,-0.009563454426825047
-0.008580600842833519,-0.008229229599237442,-0.006254270207136869,-0.004075902048498392,-0.0009667043923400342,0.0005284904618747532,0.00050201709382236,-0.0019420105963945389,-0.0024241097271442413,-0.0003663403040263802,0.00292594893835485,0.00700961472466588,0.012372786179184914,0.016987847164273262,0.01598810777068138,0.016543231904506683,0.02786226198077202,0.0359293632209301,0.043191760778427124,0.049114618450403214,0.04581117257475853,0.026924733072519302,0.008814703673124313,0.0028660555835813284,0.0011570624774321914,-7.572035974590108e-05,-0.000409975356888026,-0.0007890367414802313,-0.0011498663807287812,-0.001282719080336392,-0.0030449461191892624,-0.004764731507748365,-0.006630669813603163,-0.007761934772133827,-0.008242523297667503,-0.0088964207097888,-0.009933718480169773,-0.009839474223554134,-0.009868752211332321,-0.010750936344265938
-0.013067351654171944,-0.010681375861167908,-0.00792939867824316,-0.0038906580302864313,-0.0015130069805309176,0.0001850619592005387,-0.00016762905579525977,-0.004910550080239773,-0.007040310185402632,-0.006102493964135647,-0.002054103184491396,0.004172285087406635,0.012959064915776253,0.017880160361528397,0.014751835726201534,0.012224792502820492,0.02493526041507721,0.03866574168205261,0.04570114240050316,0.04843474552035332,0.0408162958920002,0.01586989499628544,0.0038343605119735003,0.00029390829149633646,-0.000583438144531101,-0.0015552029944956303,-0.0018184104701504111,-0.0023181424476206303,-0.0034079309552907944,-0.004200897179543972,-0.0045530046336352825,-0.005460547283291817,-0.007261642720550299,-0.008094016462564468,-0.008546067401766777,-0.008708731271326542,-0.00913045834749937,-0.009716948494315147,-0.010584319941699505,-0.012092350050807
-0.01572112739086151,-0.010603870265185833,-0.0069782487116754055,-0.004047812428325415,-0.002098462311550975,-0.0008439372177235782,-0.002870888914912939,-0.006734179798513651,-0.008304481394588947,-0.007422182708978653,-0.003220875049009919,0.002651916816830635,0.0102350153028965,0.013877666555345058,0.01180289313197136,0.013591938652098179,0.0245098564773798,0.042997777462005615,0.04688652604818344,0.04217737168073654,0.025950893759727478,0.00853522215038538,0.0026753111742436886,-0.00013179643428884447,-0.0011609948705881834,-0.0016360136214643717,-0.0019658636301755905,-0.002432330511510372,-0.003852748079225421,-0.005310307256877422,-0.005185800138860941,-0.005904210265725851,-0.007461846340447664,-0.008326811715960503,-0.008065980859100819,-0.007485406007617712,-0.007689110469073057,-0.009105307050049305,-0.0116810891777277,-0.013123111799359322
-0.016192549839615822,-0.012084437534213066,-0.008455663919448853,-0.005720388609915972,-0.0046341922134160995,-0.004049678333103657,-0.005792800337076187,-0.007062013726681471,-0.007231705356389284,-0.006789040751755238,-0.0053787315264344215,-0.004527657758444548,-0.0021417569369077682,0.0004321073938626796,0.002293975558131933,0.015610646456480026,0.027146846055984497,0.039215072989463806,0.04070786014199257,0.026178987696766853,0.011705406941473484,0.006309928838163614,0.004075491800904274,0.001407864736393094,-0.0006241597584448755,-0.0008677631267346442,-0.001557808369398117,-0.0023963411804288626,-0.0037049513775855303,-0.0042031798511743546,-0.004712133202701807,-0.005889585707336664,-0.0074548255652189255,-0.008605139330029488,-0.007444033399224281,-0.006033833604305983,-0.005920860450714827,-0.007339890580624342,-0.010680055245757103,-0.01323832105845213
-0.019625529646873474,-0.01624927669763565,-0.012940111570060253,-0.010152601636946201,-0.008669507689774036,-0.00719744386151433,-0.006061173509806395,-0.005207115784287453,-0.005023836158216,-0.006437512114644051,-0.010027186945080757,-0.008711251430213451,-0.010740050114691257,-0.008378497324883938,-0.004072823096066713,0.007525722961872816,0.014885608106851578,0.020133228972554207,0.02112554758787155,0.01085267961025238,0.0072092823684215546,0.00692822365090251,0.005945390090346336,0.0040578050538897514,0.0013250139309093356,0.0006527301156893373,-0.0005656159482896328,-0.0017035157652571797,-0.0021638437174260616,-0.0025371925439685583,-0.004053870216012001,-0.00559877697378397,-0.007346155121922493,-0.008431939408183098,-0.007158118300139904,-0.005209141876548529,-0.00463626766577363,-0.005617266986519098,-0.008496767841279507,-0.013051348738372326
-0.022950157523155212,-0.019988669082522392,-0.01654832437634468,-0.013129650615155697,-0.010290409438312054,-0.007120306137949228,-0.0040332549251616,-0.001702608773484826,-0.001358655747026205,-0.003697298699989915,-0.010438080877065659,-0.009584314189851284,-0.012095309793949127,-0.00992229301482439,-0.0063492050394415855,-0.0030370124150067568,0.0005962742725387216,0.004231592640280724,0.006381320301443338,0.00677124410867691,0.007149780169129372,0.006924353539943695,0.00691834045574069,0.006671320181339979,0.005248293746262789,0.002746304264292121,0.000945822277572006,0.00012531534594018012,0.00020118725660722703,-0.0012417478719726205,-0.003050817409530282,-0.004716482013463974,-0.006547235418111086,-0.0077110156416893005,-0.006727167405188084,-0.004512066021561623,-0.00329820578917861,-0.0036683171056210995,-0.006047797854989767,-0.017411815002560616
-0.02370605431497097,-0.020874446257948875,-0.017449917271733284,-0.014035943895578384,-0.012443256564438343,-0.006556241307407618,-0.0005683483905158937,0.004060514271259308,0.005888004787266254,0.003723176196217537,-0.004415388219058514,-0.010289411060512066,-0.013008106499910355,-0.012241254560649395,-0.00973515398800373,-0.0069335028529167175,-0.003115470288321376,0.000421680451836437,0.003798747668042779,0.0063583762384951115,0.00718719931319356,0.006483079865574837,0.006935419049113989,0.006705938838422298,0.007431626319885254,0.005126359406858683,0.003383701667189598,0.0025322232395410538,0.0017433982575312257,-3.636143810581416e-05,-0.001578161958605051,-0.0031632871832698584,-0.005193122662603855,-0.006720905192196369,-0.0057011074386537075,-0.0029233042150735855,-0.0003544575592968613,0.00041414020233787596,7.061103679006919e-05,-0.013288646005094051
