dougfraga/big_1.json
{"header": {"parameterUnit": "m.s-1", "parameterNumber": 3, "dx": 0.016666000000000736, "dy": 0.016666000000000736, "parameterNumberName": "Northward current", "la1": -22.891645999999998, "la2": -24.0416, "parameterCategory": 2, "lo2": -43.225054, "nx": 95, "ny": 70, "refTime": "2022-12-18 01:00:00", "lo1": -44.79166}, "data":
[rows 0 to 17 of 70, columns 40 to 79 of 95]
0.0,0.0,0.0,0.0,0.0,0.0,0.0,0.0,0.0,0.0,0.0,0.0,0.0,0.0,0.0,0.0,0.0,0.0,0.0,0.0,0.0,0.0,0.0,0.0,0.0,0.0,0.0,0.0,0.0,0.0,0.0,0.0,0.0,0.0,0.0,0.0,0.0,0.0,0.0,0.0
0.0,0.0,0.0,0.0,0.0,0.0,0.0,0.0,0.0,0.0,0.0,0.0,0.0,0.0,0.0,0.0,0.0,0.0,0.0,0.0,0.0,0.0,0.0,0.0,0.0,0.0,0.0,0.0,0.0,0.0,0.0,0.0,0.0,0.0,0.0,0.0,0.0,0.0,0.0,0.0
0.0,0.0,0.0,0.0,0.0,0.0,0.0,0.0,0.0,0.0,0.0,0.0,0.0,0.0,0.0,0.00036189696402288973,0.0,0.0,0.0,0.0,0.0,0.0,0.0,0.0,0.0,0.0,0.0,0.0,0.0,0.0,0.0,0.0,0.0,0.0,0.0,0.0,0.0,0.0,0.0,0.0
0.0,0.0,0.0,0.0,0.0,0.0,0.0,0.0,0.0,0.0,-0.00926657672971487,0.0,0.0,0.0,0.0,-0.0005841663223691285,-0.00039844834827817976,0.0,-0.001948927529156208,-0.001551840570755303,0.0,0.0,0.0,0.0,0.0,0.0,0.0,0.0,0.0,0.0,0.0,0.0,0.0,0.0,0.0,0.0,0.0,0.0,0.0,0.0
0.0,0.0,0.0,-0.006460611708462238,-0.00809257011860609,0.0,0.0,-0.010894125327467918,-0.0076515767723321915,-0.008720668032765388,-0.02149353362619877,-0.008046100847423077,-0.008781029842793941,0.0,0.0,-0.003361761337146163,-0.0027112613897770643,-0.0024465802125632763,-0.004348171409219503,-0.0033607424702495337,-0.0017188511556014419,-0.0021502510644495487,-0.004723506513983011,0.0,0.0,0.0,0.0,0.0,0.0,0.0,0.0,0.0,0.0,0.0,0.0,0.0,0.0,0.0,0.0,0.0
0.0,0.0,0.0,-0.01385436113923788,-0.01900961436331272,0.0,-0.0053003570064902306,-0.01866529881954193,-0.014705931767821312,-0.016444623470306396,-0.018875688314437866,-0.01051326934248209,-0.012879072688519955,-0.0014686038484796882,-0.002289282390847802,-0.005581181030720472,-0.004962051287293434,-0.004889341536909342,-0.004903753753751516,-0.0041082329116761684,-0.0043545253574848175,-0.0060158539563417435,-0.010030030272901058,-0.007943804375827312,0.0,0.0,0.0,0.0,0.0,0.0,0.0,0.0,0.0,0.0,0.0,0.0,0.0,0.0,0.0,0.0
0.0,0.0,0.0,-0.012277014553546906,-0.01749151200056076,-0.005325298756361008,-0.010508503764867783,-0.014369916170835495,-0.015415733680129051,-0.013664835132658482,-0.017429115250706673,-0.01192786917090416,-0.011127694509923458,-0.007275344803929329,-0.00812333170324564,-0.008042397908866405,-0.006771991960704327,-0.006021549925208092,-0.006326084956526756,-0.005143953487277031,-0.006384911946952343,-0.008305874653160572,-0.010960021987557411,-0.016615761443972588,-0.012679185718297958,0.0,0.0,0.0,0.0,0.0,0.0,0.0,0.0,0.0,0.0,0.0,0.0,0.0,0.0,0.0
0.0,0.0,-0.001951380749233067,-0.009999391622841358,-0.01287956815212965,-0.011379520408809185,-0.010066204704344273,-0.0070249829441308975,-0.012051725760102272,-0.017578616738319397,-0.02488921582698822,-0.022935597226023674,-0.01792951300740242,-0.015141681768000126,-0.014454529620707035,-0.013025986030697823,-0.011324798688292503,-0.009896712377667427,-0.00908952858299017,-0.00825750082731247,-0.008524124510586262,-0.009692181833088398,-0.011179840192198753,-0.015386187471449375,-0.0215259101241827,-0.005048710852861404,-0.006482201162725687,-0.014351743273437023,0.0,0.0,0.0,0.0,0.0,0.0,0.0,0.0,0.0,0.0,0.0,0.0
0.0,-0.0026222504675388336,-0.0030849091708660126,-0.006989668123424053,-0.007556550204753876,-0.008029730059206486,-0.006963461171835661,-0.007616925518959761,-0.013559238985180855,-0.022802595049142838,-0.022347940132021904,-0.023755839094519615,-0.020946580916643143,-0.019100280478596687,-0.01728939823806286,-0.016117559745907784,-0.014667751267552376,-0.013345262967050076,-0.013106707483530045,-0.012448431923985481,-0.011508394032716751,-0.010720744729042053,-0.010190775617957115,-0.009589008055627346,-0.015048356726765633,-0.010027891024947166,-0.011148212477564812,-0.01997893489897251,-0.002364126266911626,-0.003148720134049654,-0.005015483591705561,-0.010283805429935455,-0.024788375943899155,0.0,0.0,0.0,0.0,0.0,0.0,0.0
0.0011570538626983762,-0.0012167301028966904,-0.0014731253031641245,-0.005176300182938576,-0.007853718474507332,-0.0062053934670984745,-0.008642966859042645,-0.016148623079061508,-0.021816061809659004,-0.011164858937263489,-0.008239108137786388,-0.020699219778180122,-0.01988324522972107,-0.018554050475358963,-0.015514166094362736,-0.007968488149344921,-0.007465706206858158,-0.007027338724583387,-0.017619408667087555,-0.012713390402495861,-0.013494057580828667,-0.009299835190176964,-0.006953555159270763,0.0004307399212848395,-0.006201631855219603,-0.004979179706424475,-0.004666011314839125,-0.005627191159874201,-0.002364126266911626,-0.003148720134049654,-0.005015483591705561,-0.010283805429935455,-0.05586182698607445,-0.02023455686867237,0.0,0.0,0.0,0.0,0.0,0.0
-0.00045315283932723105,0.001383641385473311,-0.0024741599336266518,-0.009614013135433197,-0.012978462502360344,-0.0123211108148098,-0.011959088034927845,-0.012343881651759148,-0.01194716989994049,0.0,0.0,-0.010418279096484184,-0.009836525656282902,-0.008788712322711945,-0.006845247466117144,0.0,0.0,0.0,-0.009780654683709145,-0.005677836947143078,-0.0067605506628751755,-0.0038310003001242876,-0.0022891215048730373,0.0033055180683732033,0.0,0.0,0.0,0.0,0.0,0.0,0.0,0.0,-0.04383150488138199,-0.037208691239356995,0.0,0.0,0.0,-0.0002742462093010545,-0.0016069469274953008,-0.004289692267775536
-0.004630913492292166,-0.0024013426154851913,-0.00627286359667778,-0.010789412073791027,-0.011609621345996857,-0.017116589471697807,-0.016360227018594742,-0.003385943127796054,0.0,0.0,0.0,0.0,0.0,0.0,0.0,0.0,0.0,0.0,0.0,0.0,0.0,0.0,0.0,0.0,-0.0016100048087537289,0.0003678157809190452,-0.006393704563379288,-0.009194699116051197,-0.007371857762336731,-0.009492686949670315,-0.012069505639374256,-0.018004633486270905,-0.03246592730283737,-0.04082905128598213,0.0,0.0031275746878236532,0.0007873452268540859,0.007457173429429531,0.004226663615554571,-0.003553842892870307
-0.00806090421974659,-0.005881995428353548,-0.008104571141302586,-0.011902221478521824,-0.013061978854238987,-0.01790541037917137,-0.024662313982844353,0.0,0.0,0.0,0.0,0.0,0.0,0.002702188678085804,-0.0003204570384696126,-0.003756111254915595,-0.006060008425265551,-0.006740744225680828,-0.0025284267030656338,-0.0032496480271220207,-0.0035910592414438725,-0.00330146262422204,-0.002497181762009859,-0.00156025227624923,-0.0024972762912511826,-0.001287290477193892,-0.0061073750257492065,-0.011204083450138569,-0.011523265391588211,-0.018134018406271935,-0.022311478853225708,-0.025751395151019096,-0.029455013573169708,-0.04105444997549057,-0.010061887092888355,0.0035369466058909893,0.0036984572652727365,0.010521857999265194,0.007966098375618458,0.007284981198608875
-0.014728421345353127,-0.01316346600651741,-0.010007337667047977,-0.012478306889533997,-0.011961177922785282,-0.016906462609767914,-0.02790159359574318,0.0,0.0,0.003321923315525055,0.00530970050022006,0.003554855939000845,0.001930717844516039,0.012358981184661388,0.009457369334995747,0.0049492185935378075,0.002075886121019721,-0.00024288258282467723,0.002444603480398655,-5.874054113519378e-05,-0.0013497751206159592,-0.0015810412587597966,-0.001143428380601108,0.0007329118088819087,0.008984330110251904,0.009480193257331848,0.008430876769125462,0.0023628599010407925,-0.003019109135493636,-0.004119783639907837,-0.00826531182974577,-0.006756254937499762,-0.00949444342404604,-0.016895610839128494,-0.008802006021142006,0.004940509330481291,0.009142132475972176,0.008447815664112568,0.005864637903869152,0.007875313051044941
-0.019561024382710457,-0.018504029139876366,-0.010376871563494205,-0.012472616508603096,-0.011753324419260025,-0.012675239704549313,-0.019262973219156265,-0.0028247369918972254,1.3104709978506435e-05,0.01128727849572897,0.014033823274075985,0.011274120770394802,0.014482507482171059,0.024458659812808037,0.025040969252586365,0.023864571005105972,0.022746728733181953,0.020807800814509392,0.0192476287484169,0.013693314976990223,0.011176294647157192,0.009487951174378395,0.007772465702146292,0.0074808173812925816,0.01430912408977747,0.015339551493525505,0.017160890623927116,0.012770791538059711,0.006206878926604986,0.00755802309140563,0.0014852468157187104,-0.002897656289860606,-0.0051384191028773785,-0.0028835332486778498,0.006557108368724585,0.012855565175414085,0.016743820160627365,0.01671908237040043,0.013630464673042297,0.00675171846523881
-0.015103647485375404,-0.01585967279970646,-0.012844709679484367,-0.01228640042245388,-0.012755136936903,-0.0049419887363910675,-0.002400191267952323,-0.0002241089241579175,0.003370351856574416,0.018238043412566185,0.021433116868138313,0.02113453485071659,0.027319515123963356,0.027645345777273178,0.026777921244502068,0.02515316940844059,0.022424357011914253,0.02039209194481373,0.020450830459594727,0.02154058963060379,0.020682433620095253,0.020142432302236557,0.016784543171525,0.014385423623025417,0.012131265364587307,0.010395017452538013,0.013520702719688416,0.011790962889790535,0.012310564517974854,0.009194647893309593,0.0044639394618570805,0.0003956792934332043,-0.003816979704424739,-0.0007698138942942023,0.009972324594855309,0.014692527242004871,0.017740579321980476,0.018041087314486504,0.015589441172778606,0.012824192643165588
-0.00523084681481123,0.0004017736064270139,-0.012279756367206573,-0.006084554363042116,-0.006766228936612606,-0.002030787756666541,0.001701212371699512,0.008990040980279446,0.013441051356494427,0.019642557948827744,0.021393660455942154,0.02048724703490734,0.02088421955704689,0.023747656494379044,0.023980874568223953,0.023082535713911057,0.018910681828856468,0.015819083899259567,0.014895474538207054,0.018679577857255936,0.017845364287495613,0.018012873828411102,0.020248595625162125,0.018749147653579712,0.016494186595082283,0.014391455799341202,0.012775513343513012,0.011804402805864811,0.013349296525120735,0.010274460539221764,0.006538878660649061,0.0044575342908501625,0.005214111413806677,0.006894044112414122,0.010279740206897259,0.01328273955732584,0.015155644156038761,0.015106131322681904,0.013667305000126362,0.014553865417838097
0.0,0.0026995751541107893,-0.002294955076649785,-0.002702949335798621,0.001691701472736895,0.004311693366616964,0.004419201053678989,0.01223681028932333,0.0156299639493227,0.01902875117957592,0.018569469451904297,0.0174031313508749,0.017261851578950882,0.019830703735351562,0.019959941506385803,0.01932445913553238,0.020456718280911446,0.0190820824354887,0.017480092123150826,0.016459112986922264,0.01517028920352459,0.014730068854987621,0.01665918529033661,0.014642145484685898,0.012457341887056828,0.01038494985550642,0.009374679997563362,0.009076620452105999,0.009784605354070663,0.00730380043387413,0.0037043162155896425,0.0016163047403097153,0.004979089368134737,0.0067057861015200615,0.008714735507965088,0.011141052469611168,0.01306256651878357,0.012441718019545078,0.011982846073806286,0.010465799830853939
