dougfraga/big_1.json
{"header": {"parameterUnit": "m.s-1", "parameterNumber": 3, "dx": 0.016666000000000736, "dy": 0.016666000000000736, "parameterNumberName": "Northward current", "la1": -22.891645999999998, "la2": -24.0416, "parameterCategory": 2, "lo2": -43.225054, "nx": 95, "ny": 70, "refTime": "2022-12-18 01:00:00", "lo1": -44.79166}, "data":
[rows 36 to 53 of 70, columns 0 to 39 of 95]
-0.013751176185905933,-0.013751176185905933,-0.013506237417459488,-0.01330258883535862,-0.012162174098193645,-0.011099397204816341,-0.010815785266458988,-0.012175021693110466,-0.016467738896608353,-0.02005755715072155,-0.0218551866710186,-0.021626990288496017,-0.02270701713860035,-0.023391127586364746,-0.0241111870855093,-0.024989860132336617,-0.025836503133177757,-0.025894464924931526,-0.02663383074104786,-0.029765643179416656,-0.030813930556178093,-0.033062104135751724,-0.036535754799842834,-0.03828229755163193,-0.036370888352394104,-0.03362738713622093,-0.0324532650411129,-0.030136244371533394,-0.029727760702371597,-0.03172817453742027,-0.035701341927051544,-0.039293933659791946,-0.04216234013438225,-0.04151642695069313,-0.03840576484799385,-0.031389228999614716,-0.023059183731675148,-0.014433417469263077,-0.015282121486961842,-0.01825365051627159
-0.011639240197837353,-0.011639240197837353,-0.011873937211930752,-0.011967205442488194,-0.011479497887194157,-0.01148376427590847,-0.012905376963317394,-0.017490357160568237,-0.02237655036151409,-0.02558721788227558,-0.025206955149769783,-0.024989524856209755,-0.02450009062886238,-0.024498673155903816,-0.025049537420272827,-0.025542858988046646,-0.026188839226961136,-0.024937964975833893,-0.02757846564054489,-0.030341103672981262,-0.032789260149002075,-0.03536612167954445,-0.04055022448301315,-0.043427061289548874,-0.04269097000360489,-0.03994802385568619,-0.033647023141384125,-0.03061411716043949,-0.029897987842559814,-0.03279750049114227,-0.03900262340903282,-0.04413896054029465,-0.04567699879407883,-0.04367885738611221,-0.041271764785051346,-0.032937537878751755,-0.02138250321149826,-0.01559681911021471,-0.014697380363941193,-0.019009564071893692
-0.010476852767169476,-0.010476852767169476,-0.010142519138753414,-0.009977331385016441,-0.010463166981935501,-0.01221919059753418,-0.016727926209568977,-0.022246183827519417,-0.02678004838526249,-0.029840677976608276,-0.02919100411236286,-0.026789747178554535,-0.02427050471305847,-0.02428903803229332,-0.025359807536005974,-0.025480778887867928,-0.02475738152861595,-0.023068329319357872,-0.02645239233970642,-0.026883061975240707,-0.03165483474731445,-0.03439924120903015,-0.037752553820610046,-0.04245271161198616,-0.04487399756908417,-0.041552647948265076,-0.03165757283568382,-0.029656238853931427,-0.02825257182121277,-0.03167596831917763,-0.0397377572953701,-0.04699969291687012,-0.04887508228421211,-0.0464881993830204,-0.04124694690108299,-0.03355342149734497,-0.02547764778137207,-0.022687695920467377,-0.022523898631334305,-0.020693419501185417
-0.009970121085643768,-0.009970121085643768,-0.009099858812987804,-0.008614803664386272,-0.009410394355654716,-0.01246374286711216,-0.018542440608143806,-0.024279752746224403,-0.03077968768775463,-0.034629445523023605,-0.030876411125063896,-0.0292444359511137,-0.02354247495532036,-0.020832203328609467,-0.02411055564880371,-0.02402002550661564,-0.022051280364394188,-0.01973782852292061,-0.02015308104455471,-0.02146756835281849,-0.0279059000313282,-0.03254840150475502,-0.03516332432627678,-0.04025770351290703,-0.04501553624868393,-0.04239330813288689,-0.032216474413871765,-0.0280902162194252,-0.02294968254864216,-0.028701284900307655,-0.03628578037023544,-0.045530110597610474,-0.05105883628129959,-0.05014755576848984,-0.04322244971990585,-0.03734859079122543,-0.03542258217930794,-0.029992545023560524,-0.025141818448901176,-0.01614656299352646
-0.011012458242475986,-0.011012458242475986,-0.009892071597278118,-0.008990596048533916,-0.00958252139389515,-0.011922597885131836,-0.01676083728671074,-0.023815440014004707,-0.031669218093156815,-0.03778037428855896,-0.03826608508825302,-0.03188108280301094,-0.026991307735443115,-0.023225247859954834,-0.022125694900751114,-0.0216202549636364,-0.01970936916768551,-0.016632454469799995,-0.015256700105965137,-0.01654171757400036,-0.021269848570227623,-0.026913998648524284,-0.03085523657500744,-0.035242628306150436,-0.04091776907444,-0.04235665872693062,-0.03655967488884926,-0.029571563005447388,-0.024871880188584328,-0.026232611387968063,-0.031430743634700775,-0.043361514806747437,-0.050690945237874985,-0.05159539356827736,-0.0463397353887558,-0.04044583812355995,-0.037175681442022324,-0.029657403007149696,-0.01589731127023697,-0.010173503309488297
-0.01381119154393673,-0.01381119154393673,-0.01219485979527235,-0.00990635622292757,-0.00976896844804287,-0.011830841191112995,-0.014075404964387417,-0.020512117072939873,-0.029030289500951767,-0.03700500726699829,-0.04224547743797302,-0.03825780004262924,-0.03439490497112274,-0.02890896610915661,-0.023054182529449463,-0.021867385134100914,-0.019686270505189896,-0.015498856082558632,-0.01400853507220745,-0.014892530627548695,-0.018019510433077812,-0.021701302379369736,-0.025275392457842827,-0.03194978088140488,-0.03558865189552307,-0.0410085991024971,-0.04089374840259552,-0.03245643153786659,-0.029807118698954582,-0.026979699730873108,-0.03127355873584747,-0.04135749861598015,-0.047944776713848114,-0.050938546657562256,-0.048942506313323975,-0.04218101501464844,-0.033607013523578644,-0.020723829045891762,-0.012481012381613255,-0.008301560766994953
-0.018289541825652122,-0.018289541825652122,-0.016863269731402397,-0.014193049632012844,-0.012475722469389439,-0.012157736346125603,-0.011202553287148476,-0.018050655722618103,-0.025697527453303337,-0.03236021474003792,-0.03589210286736488,-0.03873730078339577,-0.03545016795396805,-0.02996995486319065,-0.026425454765558243,-0.02444964274764061,-0.0214210357517004,-0.017268802970647812,-0.016132451593875885,-0.01608901657164097,-0.01780509576201439,-0.020941272377967834,-0.026931297034025192,-0.033073216676712036,-0.03511135280132294,-0.038304731249809265,-0.04025004431605339,-0.03474358469247818,-0.03176039457321167,-0.03125555440783501,-0.03550686314702034,-0.041643474251031876,-0.045305944979190826,-0.049550093710422516,-0.048794183880090714,-0.03982716053724289,-0.031338974833488464,-0.019338486716151237,-0.013473293744027615,-0.009661976248025894
-0.024022914469242096,-0.024022914469242096,-0.023933682590723038,-0.022071102634072304,-0.01811441406607628,-0.015176065266132355,-0.013259881176054478,-0.018330618739128113,-0.024176843464374542,-0.028490779921412468,-0.0302700474858284,-0.030413376167416573,-0.029797665774822235,-0.029508525505661964,-0.028591735288500786,-0.02802366390824318,-0.026565084233880043,-0.023774534463882446,-0.01887228712439537,-0.0180034339427948,-0.016761967912316322,-0.020946187898516655,-0.029717322438955307,-0.03420954570174217,-0.03818656504154205,-0.03636195883154869,-0.034934137016534805,-0.032972775399684906,-0.032731134444475174,-0.03559659793972969,-0.03919650614261627,-0.04204642400145531,-0.0444040521979332,-0.05125003308057785,-0.04652203992009163,-0.03653120994567871,-0.026242656633257866,-0.020144952461123466,-0.016122540459036827,-0.016257500275969505
-0.02909328043460846,-0.02909328043460846,-0.029620971530675888,-0.028897112235426903,-0.024637706577777863,-0.019827907904982567,-0.017993200570344925,-0.0194966122508049,-0.0237764660269022,-0.02782304584980011,-0.027699943631887436,-0.028883814811706543,-0.02799271047115326,-0.027176085859537125,-0.02748747542500496,-0.028247887268662453,-0.028083859011530876,-0.026048574596643448,-0.02100103162229061,-0.020556021481752396,-0.019669627770781517,-0.02272162400186062,-0.028592199087142944,-0.032959163188934326,-0.03539412468671799,-0.03341231495141983,-0.03184796869754791,-0.031050799414515495,-0.03176850453019142,-0.03492402285337448,-0.038655996322631836,-0.0405098982155323,-0.04368564113974571,-0.04972553253173828,-0.04268144443631172,-0.033100344240665436,-0.024248041212558746,-0.019826892763376236,-0.019043641164898872,-0.02015712484717369
-0.03309478238224983,-0.03309478238224983,-0.03331351280212402,-0.03251735493540764,-0.02889367565512657,-0.02273143269121647,-0.019849713891744614,-0.01936360076069832,-0.02215057611465454,-0.02743753045797348,-0.029011042788624763,-0.02824677713215351,-0.02722063846886158,-0.02511296421289444,-0.024564456194639206,-0.024655140936374664,-0.0242780689150095,-0.02283564582467079,-0.02168838493525982,-0.02232871577143669,-0.0241116713732481,-0.02710975706577301,-0.02732906863093376,-0.02977149561047554,-0.029745614156126976,-0.02859444171190262,-0.028270507231354713,-0.02918567694723606,-0.029668373987078667,-0.03105478547513485,-0.03511909395456314,-0.03859558328986168,-0.04181768372654915,-0.04416672885417938,-0.038654714822769165,-0.031157786026597023,-0.024807076901197433,-0.021133052185177803,-0.019332483410835266,-0.020091744139790535
-0.035687610507011414,-0.035687610507011414,-0.03539465740323067,-0.033838968724012375,-0.03028920106589794,-0.0244717076420784,-0.02020278573036194,-0.017081044614315033,-0.01942094787955284,-0.02406664565205574,-0.027529718354344368,-0.026556897908449173,-0.026306550949811935,-0.02524748630821705,-0.023916568607091904,-0.023179005831480026,-0.022702772170305252,-0.022019602358341217,-0.021515611559152603,-0.022140897810459137,-0.024304918944835663,-0.02533169463276863,-0.02542528323829174,-0.027386510744690895,-0.027251068502664566,-0.026389673352241516,-0.025977734476327896,-0.02558853290975094,-0.026399733498692513,-0.029368538409471512,-0.03554418683052063,-0.039683256298303604,-0.04190979525446892,-0.041206665337085724,-0.03788093477487564,-0.03286333382129669,-0.026658089831471443,-0.02219076082110405,-0.02089153416454792,-0.021005744114518166
-0.03683732822537422,-0.03683732822537422,-0.036162592470645905,-0.034574560821056366,-0.030926663428544998,-0.025493048131465912,-0.01941356435418129,-0.0120799969881773,-0.016005616635084152,-0.01916424185037613,-0.02276044711470604,-0.026270108297467232,-0.028157798573374748,-0.02755236066877842,-0.025786487385630608,-0.024390926584601402,-0.023483555763959885,-0.022777486592531204,-0.02188033051788807,-0.021197756752371788,-0.022791823372244835,-0.022280756384134293,-0.02358131855726242,-0.02556758001446724,-0.02652140147984028,-0.026480471715331078,-0.026681028306484222,-0.02856510691344738,-0.030179614201188087,-0.03250957280397415,-0.0361279658973217,-0.03956611454486847,-0.0412793792784214,-0.039553578943014145,-0.037862032651901245,-0.034964919090270996,-0.03113667294383049,-0.026927316561341286,-0.025155777111649513,-0.024203065782785416
-0.03760987147688866,-0.03760987147688866,-0.03667903319001198,-0.03455948829650879,-0.030617857351899147,-0.0270377304404974,-0.019792422652244568,-0.011764202266931534,-0.010075848549604416,-0.011470220983028412,-0.019669726490974426,-0.027492837980389595,-0.03234047442674637,-0.032247427850961685,-0.02911793626844883,-0.027333328500390053,-0.02593783102929592,-0.0245217178016901,-0.022359857335686684,-0.020033549517393112,-0.021050963550806046,-0.02122449316084385,-0.021921999752521515,-0.02342519350349903,-0.025335486978292465,-0.027035485953092575,-0.02957424707710743,-0.031831640750169754,-0.03403559699654579,-0.03524787724018097,-0.03519853949546814,-0.03695371374487877,-0.03857586532831192,-0.039018843322992325,-0.038781192153692245,-0.03769579157233238,-0.03549490123987198,-0.03219118341803551,-0.03044724650681019,-0.030744291841983795
-0.03889353573322296,-0.03889353573322296,-0.03830581158399582,-0.0366160124540329,-0.03403579816222191,-0.03077389858663082,-0.02443058416247368,-0.01746184751391411,-0.010531473904848099,-0.008598017506301403,-0.015753207728266716,-0.024435637518763542,-0.03222065418958664,-0.03540179505944252,-0.034671176224946976,-0.030808594077825546,-0.028432553634047508,-0.026251692324876785,-0.022114716470241547,-0.01849914714694023,-0.01950044184923172,-0.019521648064255714,-0.020062275230884552,-0.02151728980243206,-0.024250928312540054,-0.028306331485509872,-0.030564095824956894,-0.0317469984292984,-0.03348227217793465,-0.03390461951494217,-0.03407454490661621,-0.03510298207402229,-0.036480534821748734,-0.03798816725611687,-0.03873825445771217,-0.039057645946741104,-0.03921845927834511,-0.037693340331315994,-0.03605077415704727,-0.034762609750032425
-0.04096447303891182,-0.04096447303891182,-0.041300829499959946,-0.041694145649671555,-0.04176076129078865,-0.03731522709131241,-0.03236457705497742,-0.02374783344566822,-0.017205925658345222,-0.01194032747298479,-0.012149829417467117,-0.01747242733836174,-0.026201758533716202,-0.03325030207633972,-0.03714083880186081,-0.03615642711520195,-0.032985031604766846,-0.030013179406523705,-0.021952878683805466,-0.017411313951015472,-0.01703924499452114,-0.01736362650990486,-0.018923170864582062,-0.02257215790450573,-0.025957049801945686,-0.028755096718668938,-0.029761934652924538,-0.031495314091444016,-0.03296167403459549,-0.03295685723423958,-0.03280222788453102,-0.03349420800805092,-0.035129860043525696,-0.03897511586546898,-0.04064060375094414,-0.041066039353609085,-0.04014035314321518,-0.040099937468767166,-0.03838442265987396,-0.03475801274180412
-0.04300439730286598,-0.04300439730286598,-0.044197194278240204,-0.04638737812638283,-0.04837436601519585,-0.04819357022643089,-0.044931452721357346,-0.036253154277801514,-0.024671250954270363,-0.019146595150232315,-0.012823096476495266,-0.013183552771806717,-0.01998424343764782,-0.02838628925383091,-0.033391788601875305,-0.03590807318687439,-0.03434140235185623,-0.03280753269791603,-0.028090357780456543,-0.022959649562835693,-0.016117513179779053,-0.016683822497725487,-0.02108202874660492,-0.02486727014183998,-0.028090810403227806,-0.029207393527030945,-0.031131083145737648,-0.03245958313345909,-0.03325919434428215,-0.03258080407977104,-0.032747507095336914,-0.03575143590569496,-0.03751865401864052,-0.03958906978368759,-0.041577909141778946,-0.04129396378993988,-0.039197515696287155,-0.039359208196401596,-0.038052380084991455,-0.035829320549964905
-0.04472937062382698,-0.04472937062382698,-0.0461045540869236,-0.04854140803217888,-0.05155624821782112,-0.05441560223698616,-0.052421532571315765,-0.04307049140334129,-0.033462610095739365,-0.022498073056340218,-0.015497288666665554,-0.01451563835144043,-0.01885928213596344,-0.02531355805695057,-0.029447564855217934,-0.0304074939340353,-0.03090704418718815,-0.030629904940724373,-0.03041951172053814,-0.02532089874148369,-0.018530020490288734,-0.02187352627515793,-0.025430718436837196,-0.027569448575377464,-0.03003951720893383,-0.03213793411850929,-0.033975645899772644,-0.03503115102648735,-0.03495410829782486,-0.0344928614795208,-0.03644605353474617,-0.03831442445516586,-0.039696622639894485,-0.03945012390613556,-0.041046809405088425,-0.04042947664856911,-0.040660057216882706,-0.04093554615974426,-0.03968760371208191,-0.037593018263578415
-0.04525680094957352,-0.04525680094957352,-0.046103399246931076,-0.04792928323149681,-0.05054686591029167,-0.0521571971476078,-0.051678478717803955,-0.04642050340771675,-0.036397237330675125,-0.024004170671105385,-0.01943361945450306,-0.02077246457338333,-0.023671748116612434,-0.02627030946314335,-0.027653561905026436,-0.027171825990080833,-0.02721579745411873,-0.026433492079377174,-0.024330561980605125,-0.022579187527298927,-0.023378755897283554,-0.027269557118415833,-0.029060201719403267,-0.03136875480413437,-0.033483993262052536,-0.035340357571840286,-0.036434683948755264,-0.037565696984529495,-0.040337711572647095,-0.039998654276132584,-0.03918249160051346,-0.0393047071993351,-0.040575407445430756,-0.04153585061430931,-0.04243503883481026,-0.04194645956158638,-0.042581796646118164,-0.04289735481142998,-0.04167839512228966,-0.03909291699528694
