dougfraga/big_1.json
{"header": {"parameterUnit": "m.s-1", "parameterNumber": 2, "dx": 0.016666000000000736, "dy": 0.016666000000000736, "parameterNumberName": "Eastward current", "la1": -22.891645999999998, "la2": -24.0416, "parameterCategory": 2, "lo2": -43.225054, "nx": 95, "ny": 70, "refTime": "2022-12-18 01:00:00", "lo1": -44.79166}, "data":
[rows 19 to 37 of 70, columns 0 to 41 of 95]
0.0,0.0,0.0,0.0,0.0,-0.0022647299338132143,-0.0032044039107859135,-0.0009396738605573773,0.0,0.0,0.004889922682195902,0.0071075172163546085,0.007855001837015152,0.008729370310902596,0.006420555058866739,0.005183620378375053,0.00767959700897336,0.01045311614871025,0.007818606682121754,0.004010916221886873,0.002194978529587388,0.0047355215065181255,0.009352513588964939,0.014404709450900555,0.003878672607243061,-0.004534923005849123,0.0,0.0,0.015821918845176697,0.023154625669121742,0.010376587510108948,0.0030438792891800404,0.0,0.0,-2.6064975504489333e-19,0.0,0.012856591492891312,0.02315855398774147,0.018663235008716583,0.01784415729343891,0.021303772926330566,0.019696805626153946
0.0,0.0,0.0,0.0,0.0,-0.001575780101120472,-0.001575780101120472,0.0,0.0,0.0,0.0,0.004060977604240179,0.006474094465374947,0.0044973562471568584,0.005742165260016918,0.006381896790117025,0.00982664618641138,0.011624245904386044,0.0021190340630710125,-0.007249598391354084,-0.007093022111803293,-1.3750826838077046e-05,0.010510251857340336,0.01575559936463833,0.009701430797576904,0.0022238739766180515,0.0,0.0,0.010942443273961544,0.017744500190019608,0.013849860057234764,0.017050597816705704,0.024281790480017662,0.030051028355956078,0.031623777002096176,0.033518530428409576,0.026062747463583946,0.018674181774258614,0.019639259204268456,0.02475770004093647,0.026874098926782608,0.020426694303750992
0.0,0.0,0.0,0.0,0.0,0.0,0.0,0.0,0.0,0.0,0.0,0.0003019787254743278,0.00610499968752265,0.012267799116671085,0.013933215290307999,0.016563044860959053,0.017021607607603073,0.010168460197746754,-0.0010051404824480414,-0.0067453994415700436,-0.0045598032884299755,0.0012258890783414245,0.009282896295189857,0.01331712119281292,0.014519868418574333,0.019828926771879196,0.02298560179769993,0.02553999423980713,0.023211650550365448,0.015383219346404076,0.013158013112843037,0.018376989290118217,0.023932302370667458,0.024656133726239204,0.02469680830836296,0.025507597252726555,0.0216933973133564,0.018669037148356438,0.01980973780155182,0.019703367725014687,0.023394610732793808,0.020904498174786568
0.0,0.0,0.0,0.0,0.0,0.0,0.0,0.0,0.0,0.0,0.0,0.0,0.0,0.007470434997230768,0.01659589260816574,0.01949368789792061,0.019707875326275826,0.016543665900826454,0.008861947804689407,0.0008470725151710212,0.00034399089054204524,0.004884063731878996,0.010546691715717316,0.011767972260713577,0.01235452201217413,0.017283346503973007,0.019681360572576523,0.01977480761706829,0.018883677199482918,0.014999491162598133,0.01145850121974945,0.013171721249818802,0.01612395979464054,0.015961581841111183,0.014656662940979004,0.014460863545536995,0.015553303994238377,0.016164734959602356,0.013978131115436554,0.014194869436323643,0.014517233707010746,0.01016780361533165
0.0,0.0,0.0,0.0,0.0,0.0,0.0,0.0,0.0,0.0,0.0,0.0,0.0,0.008760670199990273,0.019505400210618973,0.021512087434530258,0.02182988077402115,0.020908251404762268,0.01824604533612728,0.012631923891603947,0.00807786826044321,0.010962682776153088,0.014620001427829266,0.014831045642495155,0.019901366904377937,0.02251625433564186,0.018429910764098167,0.017935985699295998,0.01685427501797676,0.012983542867004871,0.010518203489482403,0.010694652795791626,0.012187443673610687,0.011879290454089642,0.009445415809750557,0.007690207101404667,0.007811989635229111,0.007798423059284687,0.0069292946718633175,0.007519443519413471,0.004164312966167927,0.004161852411925793
0.0,0.0,0.0,0.0,0.0,0.0,0.0,0.0,0.0,0.0,0.0,0.0,0.0,0.0,0.0,0.0,0.013907254673540592,0.02778056636452675,0.024995336309075356,0.021287309005856514,0.019824638962745667,0.019548455253243446,0.022083980962634087,0.021219715476036072,0.018124405294656754,0.018751222640275955,0.01874266378581524,0.019929010421037674,0.019370028749108315,0.015540208667516708,0.01290526520460844,0.010891356505453587,0.008992262184619904,0.007204622495919466,0.005786856170743704,0.006234444677829742,0.005963372066617012,0.004240941721946001,0.003750530071556568,0.0032894599717110395,0.002743977354839444,0.0026558851823210716
0.0,0.0,0.0,0.0,0.0,0.0,0.0,0.0,0.0,0.0,0.0,0.0,0.0,0.0,0.0,0.007162170019000769,0.023149969056248665,0.03169693797826767,0.026633620262145996,0.021437054499983788,0.021124444901943207,0.023499824106693268,0.023183515295386314,0.019650019705295563,0.01873529516160488,0.01923426426947117,0.01997160166501999,0.02289627492427826,0.022740865126252174,0.017762785777449608,0.014166568405926228,0.010821506381034851,0.00789723452180624,0.008357695303857327,0.007935564033687115,0.0053034196607768536,0.004099820274859667,0.003141466761007905,0.002414639573544264,0.0019757773261517286,0.0013844103086739779,0.0009252349263988435
0.0,0.0,0.0,0.0,0.0,0.0,0.0,0.0,0.0,0.0,0.0,0.0,0.0,0.0,0.01814194954931736,0.029519353061914444,0.023504605516791344,0.03059813380241394,0.03074071928858757,0.0228157639503479,0.02087080106139183,0.02035631239414215,0.020242681726813316,0.020523643121123314,0.020464112982153893,0.021121924743056297,0.025029195472598076,0.026272065937519073,0.02336011826992035,0.01981007494032383,0.01516275480389595,0.011290203779935837,0.009301106445491314,0.010967294685542583,0.009665132500231266,0.005644500721246004,0.004574856720864773,0.004152453038841486,0.0035133962519466877,0.002720081713050604,0.0018727034330368042,0.0013407976366579533
0.0,0.0,0.0,0.0,0.0,0.0,0.0,0.0,0.0,0.0,0.0,0.0,0.0,0.0,0.00826495885848999,0.02180325798690319,0.025946594774723053,0.02732059732079506,0.0249105803668499,0.019497552886605263,0.01875414326786995,0.01914920099079609,0.020027779042720795,0.02075936272740364,0.024799516424536705,0.027408037334680557,0.026874540373682976,0.026750655844807625,0.025058653205633163,0.02135169878602028,0.016931291669607162,0.015534428879618645,0.014017240144312382,0.011823137290775776,0.010381409898400307,0.00792370829731226,0.00670703686773777,0.0064320494420826435,0.0059020016342401505,0.005639197770506144,0.0056193009950220585,0.0058016786351799965
0.0,0.0,0.0,0.0,0.0,0.012051651254296303,0.022171180695295334,0.020472444593906403,0.011504010297358036,0.0011510950280353427,0.0,0.0,0.0,0.014841705560684204,0.03330247476696968,0.032744213938713074,0.027108408510684967,0.024840107187628746,0.021877028048038483,0.018596963956952095,0.017897848039865494,0.01818918250501156,0.02177479863166809,0.02555612102150917,0.02641618810594082,0.02768518775701523,0.028435001149773598,0.027015643194317818,0.024212606251239777,0.02290939725935459,0.020627934485673904,0.01725957915186882,0.015100526623427868,0.013537617400288582,0.012368084862828255,0.010928777977824211,0.009366699494421482,0.00891381036490202,0.009668665938079357,0.012123272754251957,0.012615947984158993,0.011117673479020596
0.0,0.0,0.0,0.0,0.026068493723869324,0.06593790650367737,0.0773930698633194,0.0653381273150444,0.04556260630488396,0.04264531657099724,0.038317788392305374,0.04093973711133003,0.04848526418209076,0.041303299367427826,0.03976212441921234,0.03590483218431473,0.03024713695049286,0.024934083223342896,0.019979484379291534,0.016919877380132675,0.01623031310737133,0.019413987174630165,0.024536466225981712,0.027112869545817375,0.02765136957168579,0.027097903192043304,0.028415175154805183,0.02704416774213314,0.02255862206220627,0.018257495015859604,0.020238442346453667,0.02131039649248123,0.016546353697776794,0.015434405766427517,0.014982521533966064,0.013688238337635994,0.012339815497398376,0.01393404696136713,0.01523505337536335,0.01454215869307518,0.013804836198687553,0.012815725058317184
0.09279374778270721,0.09208545088768005,0.09676209092140198,0.10612807422876358,0.10146693885326385,0.09354467689990997,0.09456685930490494,0.08484935015439987,0.060050640255212784,0.04484046995639801,0.041747767478227615,0.04080241173505783,0.041794829070568085,0.04027608409523964,0.038351744413375854,0.03447139263153076,0.029214877635240555,0.022893710061907768,0.014791070483624935,0.013623404316604137,0.017373185604810715,0.02003638818860054,0.02829795703291893,0.03181527554988861,0.02965150587260723,0.028033506125211716,0.023755129426717758,0.02104390785098076,0.02045014500617981,0.019933922216296196,0.018834363669157028,0.018251361325383186,0.017830582335591316,0.017693931236863136,0.017504660412669182,0.01640212908387184,0.016945630311965942,0.017706744372844696,0.01683233678340912,0.015898562967777252,0.014570239931344986,0.013341634534299374
0.106282539665699,0.10304709523916245,0.10120581835508347,0.10365664958953857,0.101734459400177,0.10023454576730728,0.09356234222650528,0.07195525616407394,0.05099770426750183,0.0435604602098465,0.04127008840441704,0.03890625387430191,0.03841017559170723,0.03637067228555679,0.03382772579789162,0.031095054000616074,0.027145374566316605,0.021407926455140114,0.013528145849704742,0.014321968890726566,0.020895875990390778,0.024715524166822433,0.03263960778713226,0.03577139973640442,0.03265766426920891,0.02761695347726345,0.021919086575508118,0.019402239471673965,0.01851818524301052,0.017834870144724846,0.01910008117556572,0.02132386341691017,0.02088109590113163,0.020524321123957634,0.02097981423139572,0.02232307568192482,0.02189159207046032,0.020122116431593895,0.019322747364640236,0.018277937546372414,0.01629376970231533,0.014290480874478817
0.11427966505289078,0.11105401068925858,0.10545230656862259,0.10259965807199478,0.10063241422176361,0.09726755321025848,0.088644839823246,0.07370918989181519,0.057534109801054,0.04511260613799095,0.03919888287782669,0.03634905442595482,0.03430495411157608,0.03239677846431732,0.030131371691823006,0.028243234381079674,0.02625979110598564,0.022574538365006447,0.015019397251307964,0.016579121351242065,0.0261367354542017,0.0330587662756443,0.034400682896375656,0.03924497216939926,0.041220299899578094,0.029827957972884178,0.023247022181749344,0.02186848595738411,0.0223095566034317,0.024051252752542496,0.02444724552333355,0.023967454209923744,0.02272152714431286,0.024111801758408546,0.028205735608935356,0.02827119454741478,0.02558584325015545,0.024199165403842926,0.023468945175409317,0.022412819787859917,0.019982589408755302,0.02083767205476761
0.10665838420391083,0.10535357892513275,0.10253633558750153,0.09964580833911896,0.09682712703943253,0.09328416734933853,0.0836513340473175,0.0682048350572586,0.05384993553161621,0.04363175109028816,0.037449680268764496,0.033766042441129684,0.033146824687719345,0.03140616789460182,0.027867941185832024,0.02626955881714821,0.025372441858053207,0.024127988144755363,0.024432651698589325,0.022532207891345024,0.02778296172618866,0.04087461158633232,0.043187886476516724,0.04215807467699051,0.041926149278879166,0.03333757072687149,0.026679130271077156,0.027419408783316612,0.02919498085975647,0.030569449067115784,0.03014759160578251,0.029200144112110138,0.028907325118780136,0.029738273471593857,0.0306844562292099,0.030422277748584747,0.029364842921495438,0.028330354019999504,0.027414929121732712,0.027505578473210335,0.025000741705298424,0.031770046800374985
0.10090579837560654,0.09952360391616821,0.09750989079475403,0.09573188424110413,0.091872438788414,0.08560443669557571,0.07579410821199417,0.06200186908245087,0.049118418246507645,0.04049285873770714,0.03580396622419357,0.034800268709659576,0.0333283506333828,0.030049657449126244,0.02787214331328869,0.0267652478069067,0.026504553854465485,0.02749992348253727,0.028008226305246353,0.032136037945747375,0.038375843316316605,0.04048648849129677,0.04126930981874466,0.04177873209118843,0.042416177690029144,0.03565528243780136,0.030644197016954422,0.033748939633369446,0.03557753562927246,0.036140359938144684,0.03506097197532654,0.034066639840602875,0.033753901720047,0.0334264375269413,0.03248695656657219,0.03153250738978386,0.03171694278717041,0.032046545296907425,0.03402842581272125,0.03577285259962082,0.03812764585018158,0.04519309476017952
0.09447602927684784,0.09349796175956726,0.09112298488616943,0.08885782212018967,0.08558763563632965,0.07881497591733932,0.06796113401651382,0.05461989715695381,0.043361060321331024,0.03758552670478821,0.0368402861058712,0.03529718890786171,0.03193071484565735,0.02985069900751114,0.02851623296737671,0.027642982080578804,0.027454597875475883,0.029309047386050224,0.032977234572172165,0.03611231967806816,0.03790836036205292,0.038820791989564896,0.03973285108804703,0.04046725109219551,0.03829779103398323,0.034670811146497726,0.03632611408829689,0.03995922580361366,0.041034042835235596,0.04099234938621521,0.0397966131567955,0.0388338565826416,0.037841495126485825,0.03597750514745712,0.0332334041595459,0.03129025176167488,0.03383824974298477,0.03899253159761429,0.04260346665978432,0.04177752882242203,0.04926890879869461,0.059985142201185226
0.08775336295366287,0.0870070829987526,0.08557803928852081,0.0838976800441742,0.07987626641988754,0.07210223376750946,0.06056458503007889,0.048385120928287506,0.040391575545072556,0.03851521760225296,0.03715791925787926,0.034376706928014755,0.03273242339491844,0.030979003757238388,0.029875759035348892,0.029198171570897102,0.029463352635502815,0.03136772662401199,0.034323859959840775,0.03714103624224663,0.0392746739089489,0.04090721160173416,0.04163142666220665,0.04121004790067673,0.040180426090955734,0.041698046028614044,0.04354996234178543,0.04473065212368965,0.04652000218629837,0.04657246917486191,0.045305728912353516,0.04343917593359947,0.04085677117109299,0.03671377897262573,0.03260538727045059,0.033727675676345825,0.037648316472768784,0.04310677573084831,0.05101456865668297,0.05678343400359154,0.06148984283208847,0.06872405111789703
0.08444031327962875,0.08353371173143387,0.08163732290267944,0.07894614338874817,0.07458735257387161,0.06693412363529205,0.05606864020228386,0.04730590060353279,0.041278742253780365,0.03718392923474312,0.03573219105601311,0.034812942147254944,0.0334736630320549,0.03238072246313095,0.03234017640352249,0.032552190124988556,0.032747454941272736,0.03471411392092705,0.041656482964754105,0.046098336577415466,0.04699701443314552,0.04900022968649864,0.04855406656861305,0.045652084052562714,0.04308890551328659,0.04353752359747887,0.04627135396003723,0.049420684576034546,0.05169735848903656,0.052241504192352295,0.05070904642343521,0.048553768545389175,0.04335957393050194,0.037242598831653595,0.034652482718229294,0.035495463758707047,0.0393347330391407,0.05107738450169563,0.06441754102706909,0.06969454139471054,0.07237949967384338,0.07465668767690659
