dougfraga/big_0.json
{"header": {"parameterUnit": "m.s-1", "parameterNumber": 2, "dx": 0.016666000000000736, "dy": 0.016666000000000736, "parameterNumberName": "Eastward current", "la1": -22.891645999999998, "la2": -24.0416, "parameterCategory": 2, "lo2": -43.225054, "nx": 95, "ny": 70, "refTime": "2022-12-18 00:00:00", "lo1": -44.79166}, "data":
[rows 18 to 35 of 70, columns 42 to 83 of 95]
0.009117687121033669,0.008850124664604664,0.009109805338084698,0.011272924952208996,0.009161815978586674,0.0027038296684622765,-0.0003279407974332571,-0.0026787950191646814,-0.002562904730439186,-0.000950210785958916,0.0005956146051175892,-0.0023683037143200636,-0.005799060687422752,-0.0032912511378526688,-0.001753945485688746,-0.0019303684821352363,-0.002487297635525465,-0.0033922563306987286,-0.00486730644479394,-0.0051456959918141365,-0.008142804726958275,-0.01249398197978735,-0.012451623566448689,-0.010249144397675991,-0.006744696758687496,-0.0032182002905756235,-0.0012855209643021226,-0.0008637909195385873,-0.0009352214983664453,-0.0008486474980600178,0.00028726112213917077,0.0025011247489601374,0.004879863932728767,0.007349714636802673,0.011747284792363644,0.015087317675352097,0.017073413357138634,0.02086399868130684,0.025678865611553192,0.030700821429491043,0.035434525460004807,0.04001345485448837
0.008142632432281971,0.002962758531793952,-0.0036546981427818537,-0.0032083471305668354,-0.0046547348611056805,-0.003020229982212186,-0.003052475629374385,-0.00891142524778843,-0.012140795588493347,-0.012676332145929337,-0.012874266132712364,-0.01361125335097313,-0.014270693063735962,-0.011608832515776157,-0.010691697709262371,-0.01169598288834095,-0.011607176624238491,-0.012252158485352993,-0.012697326950728893,-0.013635994866490364,-0.014921756461262703,-0.015787068754434586,-0.01546509750187397,-0.014150351285934448,-0.011626183986663818,-0.008629731833934784,-0.006474070716649294,-0.004963950719684362,-0.003306005848571658,-0.0009164912044070661,0.002410526154562831,0.00816411804407835,0.011906499043107033,0.012595242820680141,0.014803376980125904,0.017903832718729973,0.02137087471783161,0.02502906322479248,0.02886751852929592,0.0325361043214798,0.03611477091908455,0.040098655968904495
0.006210400722920895,0.0037111870478838682,0.006040929816663265,0.008451846428215504,0.00501213688403368,0.0026190977077931166,-0.0032190934289246798,-0.01191430352628231,-0.01590772159397602,-0.01671796850860119,-0.01643291860818863,-0.013248957693576813,-0.012555604800581932,-0.014844571240246296,-0.014762327075004578,-0.014268184080719948,-0.014358666725456715,-0.01504517812281847,-0.015965288504958153,-0.017085041850805283,-0.017803238704800606,-0.01739327237010002,-0.01621895655989647,-0.014528914354741573,-0.012041054666042328,-0.008831216022372246,-0.0040468513034284115,-0.0012555491412058473,-0.0004462042707018554,0.0021638302132487297,0.005484056659042835,0.009364533238112926,0.012438242323696613,0.01438246387988329,0.016857188194990158,0.020348764955997467,0.024098288267850876,0.027408866211771965,0.03052784688770771,0.03359963372349739,0.03686507046222687,0.04057623818516731
0.003309899941086769,0.002165962243452668,0.0026462378446012735,0.00022515379532705992,-0.005805406719446182,-0.010290216654539108,-0.013362331315875053,-0.014715765602886677,-0.012178088538348675,-0.010888149961829185,-0.011622622609138489,-0.011998043395578861,-0.013683713972568512,-0.0146933039650321,-0.014617484994232655,-0.014668936841189861,-0.015484655275940895,-0.01643461175262928,-0.01730235293507576,-0.017785273492336273,-0.017278995364904404,-0.014220370911061764,-0.012291534803807735,-0.011997072026133537,-0.009354300796985626,-0.005694979336112738,-0.002333661075681448,0.00021194848523009568,0.0025732098147273064,0.0053386325016617775,0.008245475590229034,0.01136771310120821,0.01430489495396614,0.016811341047286987,0.01980525068938732,0.024028468877077103,0.028240028768777847,0.031570494174957275,0.03447379916906357,0.03741573542356491,0.041130971163511276,0.0455341711640358
-0.006238454021513462,-0.007978248409926891,-0.008038886822760105,-0.00831413920968771,-0.007703830022364855,-0.009384633041918278,-0.012687317095696926,-0.013384352438151836,-0.01319644320756197,-0.012332686223089695,-0.010931574739515781,-0.01115419901907444,-0.012735165655612946,-0.01354709081351757,-0.013939776457846165,-0.014410280622541904,-0.014957761391997337,-0.01502537913620472,-0.013371619395911694,-0.012341015040874481,-0.012218405492603779,-0.010924608446657658,-0.009502134285867214,-0.007561477832496166,-0.004804634023457766,-0.0014883300755172968,0.0015013526426628232,0.0037663676775991917,0.006366024259477854,0.009061031974852085,0.01129088830202818,0.013746939599514008,0.017230184748768806,0.021399931982159615,0.02535015158355236,0.029973262920975685,0.03497925028204918,0.03916670382022858,0.042877327650785446,0.04690488427877426,0.05322195589542389,0.05746391788125038
-0.0069429948925971985,-0.009449535049498081,-0.009662443771958351,-0.010205552913248539,-0.010694812051951885,-0.011378908529877663,-0.012559330090880394,-0.013259366154670715,-0.013063035905361176,-0.012379602529108524,-0.011554006487131119,-0.01134729478508234,-0.011798875406384468,-0.012105915695428848,-0.012239819392561913,-0.01229541189968586,-0.01219868939369917,-0.01013769581913948,-0.00897893588989973,-0.009486651979386806,-0.008423778228461742,-0.006815704982727766,-0.005277435295283794,-0.003447239752858877,-0.0009982086485251784,0.001856642891652882,0.0044289687648415565,0.00666995020583272,0.009443956427276134,0.012284032069146633,0.014593875966966152,0.017100032418966293,0.02149786241352558,0.026899805292487144,0.031944889575242996,0.03806067258119583,0.04650852829217911,0.0523730032145977,0.055172570049762726,0.058862216770648956,0.062233567237854004,0.0646008551120758
-0.011042420752346516,-0.011953779496252537,-0.012302340939640999,-0.012691063806414604,-0.013222179375588894,-0.013607043772935867,-0.014159472659230232,-0.014242855831980705,-0.013695011846721172,-0.012413098476827145,-0.009495183825492859,-0.008786377497017384,-0.01058337651193142,-0.011137682013213634,-0.011174017563462257,-0.010774705559015274,-0.010486606508493423,-0.010065230540931225,-0.008632184937596321,-0.007068978156894445,-0.00538170849904418,-0.0037254169583320618,-0.0021349769085645676,-0.0003689650329761207,0.0013825123896822333,0.0036881491541862488,0.006300412118434906,0.009040831588208675,0.012123635038733482,0.015326863154768944,0.01822023279964924,0.021650662645697594,0.02694951929152012,0.03510596975684166,0.042438019067049026,0.04795685037970543,0.05423671379685402,0.05913851782679558,0.06250154227018356,0.06531678140163422,0.06725244224071503,0.06857968121767044
-0.013064870610833168,-0.013477200642228127,-0.013353822752833366,-0.013509904965758324,-0.013664801605045795,-0.013775447383522987,-0.01341418270021677,-0.010839326307177544,-0.009595686569809914,-0.010163454338908195,-0.009697409346699715,-0.009453991428017616,-0.009673730470240116,-0.00994177907705307,-0.0100348349660635,-0.009325405582785606,-0.008192908018827438,-0.007142559625208378,-0.005429673474282026,-0.0033284074161201715,-0.0011588759953156114,0.0005882547120563686,0.0018141469918191433,0.003160865278914571,0.004727120511233807,0.006942754611372948,0.010108377784490585,0.013634107075631618,0.017531368881464005,0.021690569818019867,0.02591807208955288,0.030659059062600136,0.0363922193646431,0.04328455775976181,0.052716661244630814,0.058189019560813904,0.06041548028588295,0.06433052569627762,0.06685055047273636,0.06850019842386246,0.06920670717954636,0.06979714334011078
-0.012345505878329277,-0.011926181614398956,-0.011384491808712482,-0.010808233171701431,-0.008534561842679977,-0.007822057232260704,-0.008300432935357094,-0.006991025526076555,-0.0065817637369036674,-0.006425969768315554,-0.006226840894669294,-0.006152190733700991,-0.006198579911142588,-0.006010245997458696,-0.005345046054571867,-0.004004557617008686,-0.0016998999053612351,0.0004870518750976771,0.002699626609683037,0.0049970317631959915,0.0076829358004033566,0.008535481058061123,0.008583768270909786,0.010269222781062126,0.012355702929198742,0.01553378440439701,0.020118283107876778,0.02554696798324585,0.030752895399928093,0.03541147708892822,0.04001212120056152,0.0445222407579422,0.0498533621430397,0.05957465246319771,0.0637277215719223,0.06329577416181564,0.06685288995504379,0.0689215213060379,0.07015357166528702,0.07144150137901306,0.07401765137910843,0.0743522197008133
-0.007821591570973396,-0.0052903564646840096,-0.004431642591953278,-0.004862651228904724,-0.0035976164508610964,-0.0029159728437662125,-0.0024048236664384604,-0.0013265932211652398,-0.0007329877698794007,-0.0003600928757805377,-0.0006438868585973978,-0.0017901669489219785,-0.0010815932182595134,0.001371951075270772,0.0038486262783408165,0.005866816267371178,0.008614221587777138,0.011511613614857197,0.01368211954832077,0.01621469482779503,0.018596066161990166,0.02001776546239853,0.02087467536330223,0.022307014092803,0.025413937866687775,0.030598679557442665,0.036673154681921005,0.045469608157873154,0.0510295145213604,0.053025130182504654,0.05674164742231369,0.05944794416427612,0.06313586235046387,0.06753060966730118,0.06947382539510727,0.07039061188697815,0.07487931847572327,0.07817446440458298,0.07793237268924713,0.07735145837068558,0.07635971903800964,0.0758180320262909
-0.0037326174788177013,-0.0027594901621341705,-0.001456133439205587,8.49160787765868e-05,0.0017532403580844402,0.0031684907153248787,0.0036540119908750057,0.0041422550566494465,0.004673384595662355,0.005096789449453354,0.004930195398628712,0.004311216063797474,0.005929364822804928,0.008905376307666302,0.012425493448972702,0.016418403014540672,0.019754840061068535,0.021678337827324867,0.02406133897602558,0.027342868968844414,0.03006058931350708,0.03406183421611786,0.036379046738147736,0.03524285927414894,0.0387735553085804,0.04903174564242363,0.05574056878685951,0.05857473239302635,0.0624706968665123,0.06508345901966095,0.06594942510128021,0.06710405647754669,0.06935964524745941,0.07249801605939865,0.0780031681060791,0.08134640753269196,0.08210135251283646,0.08321891725063324,0.08276787400245667,0.08023558557033539,0.07722887396812439,0.07770781219005585
-0.002679242752492428,-0.0012964587658643723,0.0013182759284973145,0.004366281442344189,0.006587226875126362,0.008204453624784946,0.009242015890777111,0.009447460062801838,0.009084898047149181,0.009220614098012447,0.009531313553452492,0.010212734341621399,0.012467407621443272,0.01567099802196026,0.019743457436561584,0.02388991229236126,0.027560686692595482,0.031150219962000847,0.034268200397491455,0.037317756563425064,0.04272674396634102,0.04613474756479263,0.04716956242918968,0.050161879509687424,0.053665291517972946,0.0588790588080883,0.06466397643089294,0.06781608611345291,0.06924094259738922,0.06968607753515244,0.0701344832777977,0.07358254492282867,0.07559733092784882,0.0765567347407341,0.07979549467563629,0.08273530006408691,0.08483639359474182,0.08522914350032806,0.08380215615034103,0.08121142536401749,0.07892730832099915,0.07751800864934921
-0.001982186920940876,0.001190601964481175,0.005500601138919592,0.009340637363493443,0.012091454118490219,0.013680278323590755,0.014544663950800896,0.014396540820598602,0.01360683050006628,0.013880239799618721,0.015406484715640545,0.01750439777970314,0.020070167258381844,0.023477792739868164,0.02758968621492386,0.03213050216436386,0.03686673194169998,0.04315781965851784,0.046306297183036804,0.04676654562354088,0.049458038061857224,0.052385274320840836,0.055561378598213196,0.05913328006863594,0.06236359477043152,0.06613509356975555,0.07039916515350342,0.07290642708539963,0.07610564678907394,0.07655558735132217,0.07371450960636139,0.07325751334428787,0.07429957389831543,0.07656921446323395,0.07986414432525635,0.08282265067100525,0.08392133563756943,0.08392301946878433,0.08501314371824265,0.08395899832248688,0.08112046867609024,0.07843071967363358
0.0008756520692259073,0.008724435232579708,0.014279518276453018,0.017487237229943275,0.019721126183867455,0.02079097367823124,0.02111157774925232,0.020803427323698997,0.021237224340438843,0.023229485377669334,0.027786096557974815,0.030072009190917015,0.030004361644387245,0.032641105353832245,0.036527715623378754,0.040775854140520096,0.045068658888339996,0.048804450780153275,0.05133292078971863,0.05325985699892044,0.05604568496346474,0.05932129919528961,0.06293147057294846,0.06697787344455719,0.06969675421714783,0.07266268879175186,0.07893616706132889,0.08214545994997025,0.08071666210889816,0.07763155549764633,0.07186255604028702,0.07008586078882217,0.0733385905623436,0.07656622678041458,0.08011328428983688,0.08528019487857819,0.0870337262749672,0.08513585478067398,0.08371994644403458,0.08070892095565796,0.07673531025648117,0.0749039351940155
0.01077247504144907,0.018480414524674416,0.02323661930859089,0.02917603962123394,0.031773895025253296,0.029612088575959206,0.031139852479100227,0.032395921647548676,0.03265614062547684,0.034825459122657776,0.037156082689762115,0.03812307491898537,0.03907592222094536,0.041218917816877365,0.044141754508018494,0.04739866033196449,0.050617896020412445,0.05351753905415535,0.05615384504199028,0.05898573622107506,0.06289373338222504,0.06712260097265244,0.07094023376703262,0.0766684040427208,0.0804433673620224,0.08235500007867813,0.08603881299495697,0.08799905329942703,0.08694521337747574,0.08379603922367096,0.08106853812932968,0.08258842676877975,0.08438954502344131,0.08529781550168991,0.08785849064588547,0.08903871476650238,0.08831720054149628,0.0859975516796112,0.08203572034835815,0.07568991929292679,0.07139348238706589,0.0727834403514862
0.027311338111758232,0.032718222588300705,0.036886658519506454,0.040490444749593735,0.040846630930900574,0.038584738969802856,0.039855554699897766,0.040516432374715805,0.04148605838418007,0.04302477091550827,0.044103678315877914,0.044731505215168,0.04585948586463928,0.047606393694877625,0.0497758612036705,0.052317794412374496,0.054975662380456924,0.05757864564657211,0.06078751012682915,0.06573944538831711,0.07435499131679535,0.07965490967035294,0.08073347061872482,0.08362936228513718,0.0863482654094696,0.08906839787960052,0.09162458777427673,0.0925074964761734,0.09111938625574112,0.09021489322185516,0.08978977799415588,0.08970889449119568,0.09087184071540833,0.09197064489126205,0.09283312410116196,0.09204915910959244,0.08892650157213211,0.08432427048683167,0.07890281081199646,0.07255584746599197,0.0702587440609932,0.07025528699159622
0.038290925323963165,0.04501482844352722,0.04752972722053528,0.04924478381872177,0.04697300121188164,0.044269174337387085,0.045938584953546524,0.04589201882481575,0.04641779139637947,0.04700028896331787,0.047681618481874466,0.04861624166369438,0.04997279495000839,0.05184898152947426,0.05402994155883789,0.056963879615068436,0.06221553683280945,0.0651732012629509,0.06670158356428146,0.07170581072568893,0.0773724913597107,0.08196369558572769,0.08519627153873444,0.0873292088508606,0.08894746750593185,0.09128311276435852,0.09332215785980225,0.09344316273927689,0.09411589056253433,0.09383193403482437,0.09244821220636368,0.0928369015455246,0.0930028110742569,0.09276760369539261,0.09196971356868744,0.08940939605236053,0.08503369987010956,0.07936252653598785,0.0733719915151596,0.06903880089521408,0.06815306842327118,0.0685063898563385
0.049863092601299286,0.054461296647787094,0.05472710356116295,0.05451498553156853,0.050569046288728714,0.04749192297458649,0.049860116094350815,0.04881984740495682,0.04826588183641434,0.04922691732645035,0.05242154747247696,0.05477658286690712,0.05578053370118141,0.05770158767700195,0.059282492846250534,0.06115879863500595,0.06353509426116943,0.06604498624801636,0.0696333721280098,0.07430107146501541,0.07875896990299225,0.08263315260410309,0.08572351932525635,0.08783409744501114,0.08938401937484741,0.09084517508745193,0.09224223345518112,0.09490277618169785,0.0957586020231247,0.09366515278816223,0.0919223427772522,0.09093709290027618,0.09028192609548569,0.08867743611335754,0.08649194985628128,0.08388235419988632,0.07967648655176163,0.07432319968938828,0.07018248736858368,0.06875989586114883,0.06967932730913162,0.07343076914548874
