dougfraga/big_10.json
{"header": {"parameterUnit": "m.s-1", "parameterNumber": 2, "dx": 0.016666000000000736, "dy": 0.016666000000000736, "parameterNumberName": "Eastward current", "la1": -22.891645999999998, "la2": -24.0416, "parameterCategory": 2, "lo2": -43.225054, "nx": 95, "ny": 70, "refTime": "2022-12-18 10:00:00", "lo1": -44.79166}, "data":
[rows 38 to 56 of 70, columns 42 to 83 of 95]
0.08399154245853424,0.08081455528736115,0.07668229937553406,0.06780222803354263,0.05857405811548233,0.05597097799181938,0.05598566681146622,0.05685870721936226,0.059372320771217346,0.062219467014074326,0.06383566558361053,0.06442595273256302,0.06442080438137054,0.0650525614619255,0.06812255829572678,0.07081441581249237,0.073385089635849,0.07688312977552414,0.07921230792999268,0.08094404637813568,0.08235616981983185,0.08404085040092468,0.08586824685335159,0.08762678503990173,0.08840113133192062,0.08843574672937393,0.09573310613632202,0.10682627558708191,0.1169600859284401,0.1151580959558487,0.1036541759967804,0.09816654026508331,0.0951264277100563,0.09366665035486221,0.09350782632827759,0.09474765509366989,0.09666843712329865,0.09820675849914551,0.10235616564750671,0.10833872854709625,0.11058532446622849,0.10907892882823944
0.0807102844119072,0.07298944890499115,0.06495475769042969,0.05721809342503548,0.054360851645469666,0.0540919229388237,0.053829312324523926,0.05523977801203728,0.05730750039219856,0.05946523696184158,0.06045633181929588,0.06086928769946098,0.06328873336315155,0.06516445428133011,0.06639882922172546,0.06912638247013092,0.07239589095115662,0.07567761838436127,0.07791426032781601,0.07947152107954025,0.08110222220420837,0.0831952914595604,0.08554595708847046,0.08794912695884705,0.09098049253225327,0.09607844054698944,0.10417478531599045,0.11250444501638412,0.11794159561395645,0.11509395390748978,0.11043347418308258,0.10457070171833038,0.09586938470602036,0.09179478138685226,0.08999543637037277,0.09082231670618057,0.09201221168041229,0.09375058114528656,0.09913244843482971,0.10364466160535812,0.10448266565799713,0.10386165976524353
0.07061458379030228,0.06357528269290924,0.05907516926527023,0.05523199215531349,0.05225637927651405,0.051734842360019684,0.0520971417427063,0.05323681980371475,0.05473377928137779,0.056506071239709854,0.059056855738162994,0.060399871319532394,0.061017051339149475,0.06254209578037262,0.0644809752702713,0.06764490157365799,0.07149488478899002,0.07480421662330627,0.07691419869661331,0.07843289524316788,0.08035136014223099,0.08293887227773666,0.0860423594713211,0.08953700214624405,0.09401629865169525,0.10001588612794876,0.10629589110612869,0.11129610240459442,0.11522158980369568,0.11893954873085022,0.11597966402769089,0.10605064779520035,0.09712186455726624,0.09051340818405151,0.08685383200645447,0.08602304756641388,0.08580652624368668,0.08895643055438995,0.09517278522253036,0.09828265011310577,0.09925264120101929,0.10028063505887985
0.06746155023574829,0.06293223053216934,0.05828091502189636,0.05508582293987274,0.05230461061000824,0.05071838200092316,0.050483621656894684,0.050832051783800125,0.052241772413253784,0.056082818657159805,0.05881061032414436,0.05895017459988594,0.05967745929956436,0.06112397089600563,0.06372277438640594,0.06738986074924469,0.0704488754272461,0.07272297888994217,0.07537859678268433,0.07851912081241608,0.0806325227022171,0.08274415135383606,0.08746570348739624,0.0952460840344429,0.1001686230301857,0.10283289849758148,0.10790537297725677,0.11245342344045639,0.11475729942321777,0.11483673006296158,0.1109645664691925,0.102592334151268,0.09436291456222534,0.08989254385232925,0.08842755109071732,0.08700793236494064,0.08645827323198318,0.0905679389834404,0.09516416490077972,0.09510999917984009,0.09507454186677933,0.09819353371858597
0.06633101403713226,0.062454987317323685,0.05849738419055939,0.05502104386687279,0.05159870162606239,0.04922682046890259,0.04874813184142113,0.050058089196681976,0.05439404770731926,0.05744891241192818,0.057790517807006836,0.05859190598130226,0.05972936376929283,0.06138303875923157,0.06358745694160461,0.06594306975603104,0.06826014816761017,0.07211253046989441,0.07708118110895157,0.08039723336696625,0.08428652584552765,0.08817518502473831,0.09119230508804321,0.09580732136964798,0.09995570778846741,0.1033400297164917,0.10683571547269821,0.10888412594795227,0.10862366110086441,0.10591506212949753,0.10140202939510345,0.09798001497983932,0.09703049808740616,0.09542499482631683,0.0899304524064064,0.08448748290538788,0.08305341750383377,0.08547963947057724,0.0869327262043953,0.0860515832901001,0.08587091416120529,0.08530040085315704
0.06359122693538666,0.06020672991871834,0.05662000924348831,0.053238142281770706,0.050175126641988754,0.049330469220876694,0.05229299142956734,0.05476149544119835,0.05586285516619682,0.057147201150655746,0.05779492110013962,0.05872860550880432,0.06010005250573158,0.061336949467659,0.06256633251905441,0.06454028934240341,0.06865475326776505,0.0748385339975357,0.07969503104686737,0.08427038043737411,0.0872674286365509,0.08806991577148438,0.0902252271771431,0.0934969037771225,0.09699004888534546,0.10006559640169144,0.10201827436685562,0.10202981531620026,0.10053618252277374,0.099067822098732,0.09804878383874893,0.09771368652582169,0.09726236760616302,0.0931553915143013,0.08834263682365417,0.08616171032190323,0.08463330566883087,0.08622816205024719,0.08740866929292679,0.08549991250038147,0.08443211019039154,0.08309002220630646
0.060408491641283035,0.05734701082110405,0.05382572486996651,0.05135103315114975,0.05200883001089096,0.05267142131924629,0.053163208067417145,0.05500676855444908,0.056349657475948334,0.057088498026132584,0.057678624987602234,0.05852043628692627,0.059447359293699265,0.06002837419509888,0.06190251559019089,0.06569116562604904,0.07144675403833389,0.0770653560757637,0.08231133967638016,0.08566485345363617,0.08553680777549744,0.08597199618816376,0.08747924119234085,0.09015806764364243,0.09316599369049072,0.09526211023330688,0.09587269276380539,0.09556159377098083,0.09498970210552216,0.09513368457555771,0.09673967212438583,0.0966353565454483,0.09397342801094055,0.09027667343616486,0.08705152571201324,0.08588366210460663,0.08627162873744965,0.087618388235569,0.08770934492349625,0.08602015674114227,0.08421294391155243,0.08191107958555222
0.05656369775533676,0.05399176850914955,0.052831701934337616,0.05219443887472153,0.05144328251481056,0.052113015204668045,0.05326930806040764,0.05476722493767738,0.05615686997771263,0.056958455592393875,0.05756787955760956,0.05826069042086601,0.058427050709724426,0.05711683630943298,0.05507957190275192,0.0704721137881279,0.08235520124435425,0.0810704156756401,0.08358394354581833,0.08251406252384186,0.08186256885528564,0.08204683661460876,0.08324933052062988,0.08515338599681854,0.08725743740797043,0.08884373307228088,0.08974719792604446,0.09089283645153046,0.09324979037046432,0.09495854377746582,0.09398986399173737,0.0926581621170044,0.09097377955913544,0.08796072751283646,0.08568032830953598,0.0857452005147934,0.08785045146942139,0.08925323188304901,0.08868953585624695,0.08679664880037308,0.08443306386470795,0.08138856291770935
0.05410092696547508,0.05372583121061325,0.05339759215712547,0.05164066702127457,0.051196206361055374,0.05202639847993851,0.05343606695532799,0.05484889820218086,0.05598472058773041,0.05673789232969284,0.05728600174188614,0.05790504440665245,0.05868232622742653,0.06129079312086105,0.06794741004705429,0.07711167633533478,0.08354949206113815,0.08364447951316833,0.08074942231178284,0.07839753478765488,0.07675853371620178,0.07654111087322235,0.0774347111582756,0.07875033468008041,0.08105108886957169,0.08513255417346954,0.08974423259496689,0.09228527545928955,0.09268850833177567,0.09206099063158035,0.09142769128084183,0.09125784039497375,0.08967085927724838,0.0866275280714035,0.08528853952884674,0.08688247203826904,0.08994843065738678,0.09146171063184738,0.0900292694568634,0.08764128386974335,0.08505573123693466,0.0815986692905426
0.05606595054268837,0.05580765753984451,0.053646549582481384,0.052446916699409485,0.05174082890152931,0.051725514233112335,0.052680227905511856,0.05403350293636322,0.055226970463991165,0.05608842521905899,0.05679309368133545,0.057678766548633575,0.05961327254772186,0.06530796736478806,0.07154437154531479,0.07754809409379959,0.08066745847463608,0.07845298945903778,0.07615874707698822,0.07459454238414764,0.07339295744895935,0.07361429929733276,0.07561346143484116,0.07851715385913849,0.0830409899353981,0.08789315819740295,0.09050557762384415,0.09195542335510254,0.09324419498443604,0.09283317625522614,0.09124691784381866,0.08973834663629532,0.08778451383113861,0.08611322939395905,0.08626402914524078,0.08842646330595016,0.09137357026338577,0.09306502342224121,0.09231741726398468,0.08874932676553726,0.0846763551235199,0.08306162804365158
0.05695600062608719,0.05569586902856827,0.05410470813512802,0.053141746670007706,0.052524399012327194,0.05246557295322418,0.0530569851398468,0.0540124848484993,0.0550169013440609,0.0560658797621727,0.057292234152555466,0.0582239143550396,0.05964021757245064,0.06558778136968613,0.07249022275209427,0.07405239343643188,0.07352253794670105,0.07339667528867722,0.07311203330755234,0.07242976874113083,0.07136870175600052,0.07178960740566254,0.07523860037326813,0.07992762327194214,0.08490335196256638,0.0897904634475708,0.09219922125339508,0.09340213984251022,0.09396452456712723,0.09230329096317291,0.08978976309299469,0.08776919543743134,0.08633210510015488,0.08600297570228577,0.08702363818883896,0.08945826441049576,0.09313154220581055,0.09527527540922165,0.09298079460859299,0.08778363466262817,0.08276316523551941,0.07849236577749252
0.05724676325917244,0.05587104707956314,0.054424673318862915,0.05334232747554779,0.052721425890922546,0.052762482315301895,0.05348197743296623,0.05406103655695915,0.054496537894010544,0.05559958890080452,0.05696369335055351,0.05838450789451599,0.060433682054281235,0.06428411602973938,0.07101323455572128,0.07312394678592682,0.07099606096744537,0.07074730098247528,0.07067878544330597,0.0702437236905098,0.0695473700761795,0.07084903120994568,0.07551245391368866,0.0812930166721344,0.08743993192911148,0.09246271848678589,0.0939570814371109,0.09350860863924026,0.09207175672054291,0.08986592292785645,0.08694735914468765,0.08503253012895584,0.08465462177991867,0.08534847944974899,0.08790644258260727,0.09140534698963165,0.09451434761285782,0.09568572044372559,0.09261294454336166,0.08675774931907654,0.0828157588839531,0.0805804580450058
0.05650641396641731,0.05558061972260475,0.054336514323949814,0.05339905247092247,0.05299795791506767,0.0532350018620491,0.05347813293337822,0.05337310954928398,0.05348418653011322,0.054865509271621704,0.05746323987841606,0.060537151992321014,0.06578823179006577,0.06864872574806213,0.06971420347690582,0.07120943814516068,0.0703541710972786,0.06922616064548492,0.0683831050992012,0.06773628294467926,0.06833118945360184,0.07118934392929077,0.07695372402667999,0.0843384712934494,0.08989527821540833,0.09294620156288147,0.09329885244369507,0.09107367694377899,0.0885002464056015,0.08635352551937103,0.08394061774015427,0.08236122876405716,0.08257094025611877,0.0850457176566124,0.08911833167076111,0.09363581985235214,0.09555205702781677,0.09365636110305786,0.09194637835025787,0.09457036107778549,0.0917677953839302,0.08459465950727463
0.053875602781772614,0.05339927598834038,0.05317611247301102,0.053187932819128036,0.05318489670753479,0.05307226628065109,0.05330684781074524,0.05413157492876053,0.05814826488494873,0.06031645089387894,0.060471393167972565,0.0635056272149086,0.06652649492025375,0.06867585331201553,0.06984084099531174,0.06998573243618011,0.06853485107421875,0.06666787713766098,0.06566122174263,0.06653274595737457,0.069659523665905,0.07460037618875504,0.08048911392688751,0.08606548607349396,0.0898900255560875,0.09153290838003159,0.09009423851966858,0.08686721324920654,0.0846838727593422,0.08312689512968063,0.08139665424823761,0.07972593605518341,0.08025316894054413,0.08448223769664764,0.09030638635158539,0.09497763961553574,0.09553034603595734,0.09368656575679779,0.0991869568824768,0.10001765936613083,0.09138187766075134,0.08493839204311371
0.05408382788300514,0.05241294950246811,0.05178339406847954,0.05190567672252655,0.05256705731153488,0.054009873420000076,0.05624686926603317,0.06111298128962517,0.06325110793113708,0.06144203618168831,0.061806343495845795,0.06364667415618896,0.06600663810968399,0.06811066716909409,0.06883915513753891,0.06831075996160507,0.06728731095790863,0.06648954749107361,0.06690718233585358,0.06923360377550125,0.07351414114236832,0.07951340824365616,0.08396763354539871,0.0864798054099083,0.08822363615036011,0.08799230307340622,0.08558615297079086,0.08282443881034851,0.08144771307706833,0.08046088367700577,0.07913012057542801,0.07776126265525818,0.0791015475988388,0.08484887331724167,0.091763935983181,0.09628976881504059,0.09594980627298355,0.09956573694944382,0.09689805656671524,0.10276186466217041,0.10419128835201263,0.08600694686174393
0.05210116133093834,0.050579022616147995,0.0509701631963253,0.05263851210474968,0.05477383732795715,0.05734781548380852,0.06055028364062309,0.06769911199808121,0.06899041682481766,0.06371214240789413,0.06310480833053589,0.06513049453496933,0.06814507395029068,0.0697268396615982,0.0696178451180458,0.06906075775623322,0.06886540353298187,0.07009123265743256,0.07230538874864578,0.0747298076748848,0.07799739390611649,0.08270461112260818,0.08636744320392609,0.08708426356315613,0.0861639752984047,0.08403906971216202,0.08130048215389252,0.07959283888339996,0.07882100343704224,0.0782494768500328,0.07723593711853027,0.07647570222616196,0.07892312109470367,0.08574728667736053,0.09301219880580902,0.09720426797866821,0.10320713371038437,0.10515221208333969,0.09969581663608551,0.09831433743238449,0.09478076547384262,0.08487216383218765
0.0521443635225296,0.05508282035589218,0.05725879222154617,0.05729115754365921,0.05868879705667496,0.058812517672777176,0.06311538815498352,0.07594554871320724,0.07685195654630661,0.0673718973994255,0.06567267328500748,0.06769509613513947,0.07030919194221497,0.0713098794221878,0.07091508060693741,0.07109733670949936,0.07262135297060013,0.07542291283607483,0.07861863821744919,0.08056694269180298,0.08335282653570175,0.08551611006259918,0.08622708171606064,0.08646779507398605,0.08397198468446732,0.08062902837991714,0.07800707966089249,0.07677505910396576,0.07640352845191956,0.07624407857656479,0.07585069537162781,0.07573102414608002,0.07897569239139557,0.08656831830739975,0.09410911053419113,0.09652803838253021,0.10449691116809845,0.1072235256433487,0.09743917733430862,0.09169232100248337,0.08617955446243286,0.0795348584651947
0.05406276136636734,0.05563783273100853,0.05769079178571701,0.05959508568048477,0.06288338452577591,0.06826011091470718,0.07549691945314407,0.08046871423721313,0.07784360647201538,0.07193071395158768,0.06992841511964798,0.07060912251472473,0.07172609120607376,0.07225179672241211,0.07210223376750946,0.07333126664161682,0.07607623934745789,0.07968302071094513,0.08334410190582275,0.08627187460660934,0.08803990483283997,0.08710126578807831,0.08526672422885895,0.08417866379022598,0.08112043142318726,0.07716590166091919,0.07476858794689178,0.0737762451171875,0.07366055995225906,0.07412455230951309,0.07499486207962036,0.07569543272256851,0.07904785126447678,0.08650785684585571,0.09337743371725082,0.09963035583496094,0.10167041420936584,0.09807532280683517,0.09172192960977554,0.08363289386034012,0.07739070802927017,0.0742824524641037
0.053737249225378036,0.05440260469913483,0.056869905441999435,0.06069883704185486,0.06564275175333023,0.07180527597665787,0.07803591340780258,0.0803457647562027,0.07823216170072556,0.07516777515411377,0.07345835864543915,0.07309053838253021,0.07240286469459534,0.07217229902744293,0.07334411889314651,0.07534759491682053,0.07909432798624039,0.08391416072845459,0.08687744289636612,0.08848827332258224,0.08916513621807098,0.08736342936754227,0.0840621292591095,0.08040682226419449,0.07710880041122437,0.07436759769916534,0.07236583530902863,0.07125590741634369,0.07111641764640808,0.07268167287111282,0.07473203539848328,0.07643965631723404,0.07924266159534454,0.08458889275789261,0.08995457738637924,0.09729814529418945,0.09688360244035721,0.08953417092561722,0.08342450112104416,0.07555874437093735,0.0709581971168518,0.07163214683532715
