dougfraga/big_7.json
{"header": {"parameterUnit": "m.s-1", "parameterNumber": 3, "dx": 0.016666000000000736, "dy": 0.016666000000000736, "parameterNumberName": "Northward current", "la1": -22.891645999999998, "la2": -24.0416, "parameterCategory": 2, "lo2": -43.225054, "nx": 95, "ny": 70, "refTime": "2022-12-18 07:00:00", "lo1": -44.79166}, "data":
[rows 36 to 53 of 70, columns 42 to 83 of 95]
0.04395628720521927,0.046044133603572845,0.05021461099386215,0.047622840851545334,0.04392693191766739,0.03237074986100197,0.03252934291958809,0.03426753357052803,0.03731362894177437,0.040082063525915146,0.043215688318014145,0.046705249696969986,0.04855401813983917,0.04994824528694153,0.05074436217546463,0.05207892134785652,0.054807666689157486,0.05682370439171791,0.0592922568321228,0.06176412105560303,0.06356558203697205,0.06466034054756165,0.06641780585050583,0.06972349435091019,0.07515785843133926,0.08240940421819687,0.08576091378927231,0.08630461990833282,0.08492009341716766,0.08138763159513474,0.07753250002861023,0.07487302273511887,0.07114637643098831,0.06969021260738373,0.06745635718107224,0.06706759333610535,0.06802216917276382,0.07048796117305756,0.07380253821611404,0.07853728532791138,0.08186101913452148,0.0838765874505043
0.04696463793516159,0.052459534257650375,0.05363816022872925,0.049226902425289154,0.04075023904442787,0.03332827612757683,0.03347073495388031,0.035750649869441986,0.03924158588051796,0.0435834564268589,0.04682447388768196,0.04945382848381996,0.051415544003248215,0.05300898477435112,0.05384935811161995,0.05316188931465149,0.05556917190551758,0.05811098963022232,0.05991222336888313,0.06228023022413254,0.06588136404752731,0.06690727174282074,0.06800667941570282,0.0700603500008583,0.07346542179584503,0.07844411581754684,0.08769174665212631,0.09369982033967972,0.09828566014766693,0.0913684144616127,0.08710737526416779,0.08266184478998184,0.07773646712303162,0.0759669840335846,0.07190627604722977,0.06931404769420624,0.06913859397172928,0.0704357847571373,0.0730004757642746,0.07350379228591919,0.07817061990499496,0.08503091335296631
0.04967404156923294,0.05778251215815544,0.05667104944586754,0.04901214689016342,0.03902895003557205,0.03632726892828941,0.0370464101433754,0.04016239941120148,0.043710410594940186,0.0474759116768837,0.051002342253923416,0.05398092046380043,0.056054797023534775,0.055956028401851654,0.05625144764780998,0.055524226278066635,0.05680809170007706,0.06073325499892235,0.06294375658035278,0.06515055149793625,0.06698323786258698,0.06778034567832947,0.06821585446596146,0.06887619197368622,0.07029106467962265,0.07273729890584946,0.07952558249235153,0.08843421190977097,0.09700082242488861,0.09988340735435486,0.0982135608792305,0.08989143371582031,0.08692234009504318,0.08285785466432571,0.07771342992782593,0.07385674118995667,0.07218414545059204,0.07312106341123581,0.07497106492519379,0.07732845097780228,0.08231992274522781,0.086839959025383
0.05631333589553833,0.057998232543468475,0.05511711537837982,0.049686603248119354,0.042608592659235,0.04063725098967552,0.041773322969675064,0.0449608713388443,0.048443444073200226,0.05259469524025917,0.056539956480264664,0.05842217803001404,0.060011446475982666,0.06012443080544472,0.05946538224816322,0.05990348756313324,0.060394711792469025,0.06272878497838974,0.06471371650695801,0.06647541373968124,0.06737524271011353,0.0678609311580658,0.06772450357675552,0.06716301292181015,0.06682057678699493,0.06600294262170792,0.06568777561187744,0.07282817363739014,0.08497394621372223,0.10010118782520294,0.0995078980922699,0.09541715681552887,0.09217335283756256,0.0881267711520195,0.08274892717599869,0.07464204728603363,0.0708591490983963,0.07255250960588455,0.07492706924676895,0.07973305881023407,0.08515886217355728,0.08520251512527466
0.05908332020044327,0.05737242475152016,0.054405346512794495,0.0504741333425045,0.04560292884707451,0.04453200474381447,0.04551154375076294,0.048880983144044876,0.05304212123155594,0.05774592608213425,0.06104094535112381,0.0628298968076706,0.06371896713972092,0.06496965140104294,0.06377661973237991,0.06292404234409332,0.06315120309591293,0.06520019471645355,0.06746247410774231,0.06861703097820282,0.06855753064155579,0.06910700350999832,0.06941871345043182,0.06835617870092392,0.06488967686891556,0.06393139809370041,0.06449751555919647,0.06866465508937836,0.07806704938411713,0.08976723998785019,0.09387285262346268,0.09679335355758667,0.09505140036344528,0.08587682247161865,0.07623478770256042,0.06042957305908203,0.05467711389064789,0.057577408850193024,0.065690778195858,0.07539625465869904,0.08004365116357803,0.070829376578331
0.05679149925708771,0.05579262599349022,0.05413103848695755,0.05253411456942558,0.04902028664946556,0.0470457524061203,0.0481882318854332,0.05169014260172844,0.056044578552246094,0.05960684269666672,0.06365567445755005,0.0668710246682167,0.06740059703588486,0.06711775809526443,0.06590772420167923,0.06570872664451599,0.06759922206401825,0.07062294334173203,0.07248730212450027,0.07239086180925369,0.071811243891716,0.06973358243703842,0.06848534196615219,0.06773117184638977,0.065922312438488,0.06500506401062012,0.06564396619796753,0.06779918074607849,0.0730845183134079,0.08024217933416367,0.08763555437326431,0.08533502370119095,0.08571619540452957,0.06566786766052246,0.05076500400900841,0.0400613397359848,0.037028465420007706,0.03951597958803177,0.046709150075912476,0.05631854385137558,0.060555193573236465,0.054055105894804
0.05498320236802101,0.055480703711509705,0.054905544966459274,0.053768910467624664,0.05129760131239891,0.049278680235147476,0.04988628625869751,0.05082359164953232,0.05421803146600723,0.05872898921370506,0.06422718614339828,0.06758489459753036,0.06785402446985245,0.06731971353292465,0.0672064945101738,0.0690208449959755,0.07295787334442139,0.07574807852506638,0.07628342509269714,0.07594934850931168,0.07400768995285034,0.0715286135673523,0.0688890814781189,0.0681324228644371,0.06979615241289139,0.06992621719837189,0.07094698399305344,0.07326867431402206,0.07752597332000732,0.0810851901769638,0.07515475898981094,0.0577859990298748,0.0561504028737545,0.04070781543850899,0.032585181295871735,0.031677089631557465,0.03186757490038872,0.033328425139188766,0.034514427185058594,0.03843149542808533,0.042652737349271774,0.0456237755715847
0.05530674755573273,0.055457256734371185,0.05531882494688034,0.05509989708662033,0.053049877285957336,0.049354277551174164,0.049302566796541214,0.05011732876300812,0.052942387759685516,0.058383625000715256,0.0630888119339943,0.06632307916879654,0.06724565476179123,0.06831204891204834,0.07076194882392883,0.07293263077735901,0.07624201476573944,0.07769972831010818,0.07892151921987534,0.07806386798620224,0.07694263011217117,0.07623033225536346,0.074521504342556,0.07403463125228882,0.07500645518302917,0.07633283734321594,0.07792377471923828,0.0798238143324852,0.08305063098669052,0.07895825803279877,0.05343065410852432,0.03530537709593773,0.032960958778858185,0.030463220551609993,0.031070897355675697,0.03215744346380234,0.03248756006360054,0.03277095779776573,0.03316301479935646,0.033939097076654434,0.03665647283196449,0.040878862142562866
0.05569497495889664,0.05591575801372528,0.05623406544327736,0.054586175829172134,0.052068307995796204,0.04951007291674614,0.04945734888315201,0.05227145552635193,0.05549516901373863,0.05923466384410858,0.06306521594524384,0.0660211592912674,0.06819532066583633,0.07158814370632172,0.07769117504358292,0.0849032923579216,0.08025240153074265,0.08147277683019638,0.08087790757417679,0.08047641813755035,0.08072611689567566,0.07936991751194,0.07879273593425751,0.07934156805276871,0.08110173046588898,0.08314705640077591,0.08538374304771423,0.08471192419528961,0.0813431590795517,0.05860172212123871,0.0346018448472023,0.029189718887209892,0.028468448668718338,0.029364142566919327,0.030855413526296616,0.032790135592222214,0.033308736979961395,0.03185179457068443,0.0318322516977787,0.03168806806206703,0.03315049782395363,0.036324117332696915
0.054604385048151016,0.05578261613845825,0.0551673024892807,0.05326409637928009,0.05118580535054207,0.051311906427145004,0.05183590576052666,0.05412711948156357,0.05764912813901901,0.06109612062573433,0.0644528716802597,0.06755706667900085,0.07058422267436981,0.07446803152561188,0.07889018207788467,0.08340588957071304,0.08614172041416168,0.0862046480178833,0.08474414050579071,0.0840519592165947,0.0818600282073021,0.08044072240591049,0.0812331959605217,0.08265506476163864,0.08596223592758179,0.0833466425538063,0.08271384239196777,0.07612340897321701,0.05830042436718941,0.036372557282447815,0.029644496738910675,0.029518790543079376,0.029230350628495216,0.029951756820082664,0.031107567250728607,0.03232699632644653,0.032324373722076416,0.030506478622555733,0.028967492282390594,0.028155524283647537,0.028501315042376518,0.030317753553390503
0.053156983107328415,0.053373947739601135,0.0534522607922554,0.05344110354781151,0.05245804414153099,0.05209466069936752,0.05315171182155609,0.05582389980554581,0.05978227034211159,0.06311312317848206,0.06625407934188843,0.06935876607894897,0.0728495642542839,0.07627373188734055,0.07730180025100708,0.07811989635229111,0.08925449848175049,0.09140133857727051,0.09095635265111923,0.08759202808141708,0.08309966325759888,0.08311605453491211,0.07859794050455093,0.07734975218772888,0.08062329143285751,0.06608855724334717,0.05854502692818642,0.05061415210366249,0.03508143126964569,0.029878664761781693,0.029297301545739174,0.029688963666558266,0.030223194509744644,0.030265236273407936,0.030583517625927925,0.031099854037165642,0.03086412325501442,0.029496120288968086,0.02696872130036354,0.024693967774510384,0.023857582360506058,0.024327477440238
0.05041347071528435,0.0514201894402504,0.05332963168621063,0.05385824292898178,0.05341441556811333,0.05264514684677124,0.05337107926607132,0.056712910532951355,0.06162821501493454,0.06517132371664047,0.0682225227355957,0.07089456170797348,0.07456734031438828,0.07943899184465408,0.08263520151376724,0.0866846963763237,0.09304409474134445,0.09772609174251556,0.09614227712154388,0.09148488938808441,0.08783335238695145,0.09052065014839172,0.06749752908945084,0.05608593672513962,0.05544430762529373,0.04185369983315468,0.03490747883915901,0.03281606733798981,0.030522258952260017,0.030104734003543854,0.029658393934369087,0.029573969542980194,0.02985057607293129,0.029764853417873383,0.02933974377810955,0.029629146680235863,0.029502809047698975,0.028055716305971146,0.02509099803864956,0.022652558982372284,0.021432911977171898,0.02154587395489216
0.048764608800411224,0.051799286156892776,0.05350389704108238,0.05466889962553978,0.05471913516521454,0.053934693336486816,0.054535966366529465,0.05832093954086304,0.06347034871578217,0.06759843975305557,0.07102513313293457,0.0739193931221962,0.07729806005954742,0.08354778587818146,0.09103082865476608,0.0939239040017128,0.09890960156917572,0.10116955637931824,0.09899353981018066,0.09484841674566269,0.09429535269737244,0.09176719188690186,0.05102672800421715,0.03646014630794525,0.034333664923906326,0.03110511228442192,0.029615648090839386,0.02984181046485901,0.030614713206887245,0.031159544363617897,0.03056660108268261,0.030579043552279472,0.030489468947052956,0.03023619018495083,0.029687218368053436,0.028923016041517258,0.028016438707709312,0.02623242884874344,0.02361925132572651,0.021784687414765358,0.021172383800148964,0.021921861916780472
0.050402022898197174,0.052985887974500656,0.054898813366889954,0.05621619522571564,0.05652746558189392,0.05654432252049446,0.0577668659389019,0.061954207718372345,0.06601577252149582,0.07055050879716873,0.07455272227525711,0.07800845056772232,0.0810377225279808,0.08461175113916397,0.09338290989398956,0.09984919428825378,0.10229966789484024,0.10255838185548782,0.10006828606128693,0.09889230877161026,0.09674273431301117,0.07310926169157028,0.038536570966243744,0.03198864683508873,0.031819477677345276,0.03186773881316185,0.031385645270347595,0.030761506408452988,0.03175901249051094,0.03232530504465103,0.03198301047086716,0.0320018008351326,0.032430414110422134,0.03259538486599922,0.0317058190703392,0.029379289597272873,0.026089148595929146,0.02454121597111225,0.023840731009840965,0.020339610055088997,0.01134283747524023,0.01061556302011013
0.051045022904872894,0.054165247827768326,0.05652882531285286,0.05813080072402954,0.059108082205057144,0.06077343598008156,0.06289099901914597,0.06622564047574997,0.06824943423271179,0.06903474777936935,0.07145066559314728,0.07446958124637604,0.07866525650024414,0.08406830579042435,0.09115676581859589,0.09931539744138718,0.1025036871433258,0.10344535112380981,0.10357040911912918,0.09899775683879852,0.08480140566825867,0.05036976933479309,0.03503142297267914,0.03423565253615379,0.034430451691150665,0.034586597234010696,0.033942773938179016,0.034134577959775925,0.034523557871580124,0.034520991146564484,0.03407318890094757,0.033659812062978745,0.03503114730119705,0.03616829961538315,0.035090122371912,0.032076168805360794,0.02776372618973255,0.025844544172286987,0.02523324452340603,0.014448934234678745,0.0033074375241994858,-0.00249094283208251
0.04620414599776268,0.05399221181869507,0.056951623409986496,0.05957023426890373,0.0623963437974453,0.06637616455554962,0.06880336254835129,0.06841187179088593,0.06634892523288727,0.06618310511112213,0.06532935798168182,0.06752227246761322,0.07274734973907471,0.08086381107568741,0.08748161792755127,0.09469057619571686,0.10009131580591202,0.10475083440542221,0.0999174416065216,0.08236045390367508,0.06125427037477493,0.04285949468612671,0.03797934204339981,0.03814798220992088,0.03763437271118164,0.03717294707894325,0.03737093135714531,0.037953827530145645,0.0376126766204834,0.037076812237501144,0.036191426217556,0.03581079840660095,0.03751695156097412,0.03941823169589043,0.038453515619039536,0.03556741774082184,0.03191278502345085,0.029977379366755486,0.022224314510822296,0.022815896198153496,0.006633635610342026,-0.004132030997425318
0.034509431570768356,0.05519388988614082,0.058633603155612946,0.06189903989434242,0.06597836315631866,0.07136635482311249,0.07370201498270035,0.06998679041862488,0.066584013402462,0.06632611155509949,0.0645536407828331,0.06730716675519943,0.07189205288887024,0.077159583568573,0.08424679189920425,0.09250954538583755,0.09286027401685715,0.09645438194274902,0.07602439075708389,0.05786042660474777,0.04743875563144684,0.044971439987421036,0.04399430751800537,0.04216248169541359,0.04062493145465851,0.04026392474770546,0.0413021594285965,0.04107460007071495,0.040428951382637024,0.03959256410598755,0.03853054717183113,0.03824177011847496,0.03985832631587982,0.04182322695851326,0.04090787097811699,0.03881341218948364,0.03548229858279228,0.02481672540307045,0.014814981259405613,0.01665479876101017,0.0061908988282084465,-0.004615648649632931
0.028405819088220596,0.05777011439204216,0.058507148176431656,0.06090299040079117,0.06541060656309128,0.07101055234670639,0.07644159346818924,0.07413458824157715,0.07287353277206421,0.0681917741894722,0.06734482198953629,0.06943890452384949,0.07083206623792648,0.07334847003221512,0.07732468098402023,0.08331285417079926,0.0721786767244339,0.06796228885650635,0.05223757028579712,0.04578293487429619,0.04576440528035164,0.04599592089653015,0.04766678810119629,0.04554315656423569,0.04391365125775337,0.043667834252119064,0.04404636472463608,0.04351024329662323,0.04293426498770714,0.0421014241874218,0.0408843494951725,0.040353674441576004,0.042195383459329605,0.04442202299833298,0.04415355995297432,0.04304351657629013,0.04300539195537567,0.026739854365587234,0.016050182282924652,0.0013159771915525198,0.0008493271889165044,-0.006314544938504696
