dougfraga/big_23.json
{"header": {"parameterUnit": "m.s-1", "parameterNumber": 3, "dx": 0.016666000000000736, "dy": 0.016666000000000736, "parameterNumberName": "Northward current", "la1": -22.891645999999998, "la2": -24.0416, "parameterCategory": 2, "lo2": -43.225054, "nx": 95, "ny": 70, "refTime": "2022-12-18 23:00:00", "lo1": -44.79166}, "data":
[rows 36 to 53 of 70, columns 40 to 79 of 95]
-0.007566297426819801,-0.0010605215793475509,0.004485705867409706,0.008554822765290737,0.014343664981424809,0.014562112279236317,0.012811905704438686,-0.0030785552226006985,-0.013399849645793438,-0.022648833692073822,-0.03147146478295326,-0.03898891061544418,-0.04395880177617073,-0.04598554968833923,-0.04725612327456474,-0.04669313505291939,-0.04493921250104904,-0.04249913617968559,-0.04040142148733139,-0.041037410497665405,-0.04138418287038803,-0.041498664766550064,-0.041847050189971924,-0.04208898916840553,-0.041140906512737274,-0.038409776985645294,-0.033224157989025116,-0.025139980018138885,-0.015779364854097366,-0.008020441047847271,-0.002308496506884694,-0.0011724799405783415,-0.0018525023479014635,-0.0019215508364140987,-0.003868203144520521,-0.005953138694167137,-0.008554643020033836,-0.01049511507153511,-0.011133050546050072,-0.009906303137540817
-0.0037610591389238834,-0.004759259521961212,0.002602961612865329,0.007512971758842468,0.010168110951781273,0.010506232269108295,0.006301695480942726,-0.005972831975668669,-0.016537928953766823,-0.02478576824069023,-0.0321396179497242,-0.03746381029486656,-0.041914790868759155,-0.044639669358730316,-0.0452902615070343,-0.044274959713220596,-0.041977494955062866,-0.04107658192515373,-0.03943750262260437,-0.038840726017951965,-0.03940380737185478,-0.04006905481219292,-0.03961428254842758,-0.04049471393227577,-0.04054122418165207,-0.03921712934970856,-0.03627586364746094,-0.03077041730284691,-0.017627287656068802,-0.007364011835306883,0.002187573118135333,-4.709891072707251e-05,0.0006232286687009037,0.0002655722782947123,-0.00012906291522085667,-0.0010071584256365895,-0.003679310204461217,-0.006026807241141796,-0.007514385972172022,-0.007349537219852209
-0.0037056147120893,-0.0017340268241241574,0.0004976498894393444,0.00359136494807899,0.00367524940520525,-0.0002938792749773711,-0.006430957466363907,-0.013444466516375542,-0.020404107868671417,-0.025631926953792572,-0.03129846975207329,-0.03626406937837601,-0.04001994803547859,-0.042106810957193375,-0.04217882081866264,-0.04248521476984024,-0.04077591747045517,-0.03909159079194069,-0.037397440522909164,-0.03496391326189041,-0.03490452468395233,-0.03577836602926254,-0.037629224359989166,-0.039489470422267914,-0.04060525819659233,-0.04074132815003395,-0.03971646726131439,-0.036334071308374405,-0.028061063960194588,-0.017410866916179657,-0.0070152305997908115,0.0004239583795424551,0.00467459624633193,0.0037654933985322714,0.004898832645267248,0.0029689488001167774,-0.00016586307901889086,-0.0028816997073590755,-0.005136737134307623,-0.005012114532291889
-0.005574296228587627,-0.0003549580287653953,0.001116573577746749,-0.0010014555882662535,-0.0041083418764173985,-0.00930856354534626,-0.015340692363679409,-0.01979031041264534,-0.022955691441893578,-0.02641056850552559,-0.03082272782921791,-0.03430787846446037,-0.03668646514415741,-0.03905689716339111,-0.03946303203701973,-0.03889522701501846,-0.03737038001418114,-0.03436952084302902,-0.03244369849562645,-0.030949681997299194,-0.0309959277510643,-0.03229272738099098,-0.03499533236026764,-0.03748171031475067,-0.039206475019454956,-0.040247321128845215,-0.040833763778209686,-0.04021713510155678,-0.037719886749982834,-0.028242429718375206,-0.016598423942923546,0.00015084045298863202,0.003404060611501336,0.00722082844004035,0.007154617924243212,0.00478390883654356,0.0014276127330958843,-0.0020975875668227673,-0.004603030160069466,-0.004384500440210104
-0.004199102520942688,-0.003692493075504899,-0.001591452513821423,-0.004984093364328146,-0.009651555679738522,-0.015084934420883656,-0.020774303004145622,-0.02341245673596859,-0.02515958808362484,-0.027425067499279976,-0.029949551448225975,-0.03203609585762024,-0.03421565890312195,-0.035413723438978195,-0.035712920129299164,-0.033822063356637955,-0.031943220645189285,-0.030131565406918526,-0.028291484341025352,-0.026494622230529785,-0.026012379676103592,-0.02756662480533123,-0.030887546017766,-0.03370235860347748,-0.03547751158475876,-0.03663245588541031,-0.038731396198272705,-0.037415001541376114,-0.032982468605041504,-0.02545957826077938,-0.016157718375325203,-0.005850357934832573,-7.361261668847874e-05,0.00625094398856163,0.005673282314091921,0.002270841272547841,-0.002568161580711603,-0.0073448363691568375,-0.00975080206990242,-0.010411608964204788
-0.004681823775172234,-0.00670582614839077,-0.008141164667904377,-0.011049199849367142,-0.015156523324549198,-0.01855495758354664,-0.022846801206469536,-0.02613813243806362,-0.02756340242922306,-0.028588414192199707,-0.02968873642385006,-0.03215619921684265,-0.032746825367212296,-0.03192921727895737,-0.03136475011706352,-0.030511049553751945,-0.028775256127119064,-0.026387963443994522,-0.023574424907565117,-0.021358639001846313,-0.021437523886561394,-0.023523496463894844,-0.02619979903101921,-0.030192630365490913,-0.03282826021313667,-0.033472806215286255,-0.032863251864910126,-0.030959704890847206,-0.027339892461895943,-0.022270694375038147,-0.01648261584341526,-0.010509416460990906,-0.0026533007621765137,1.0446137821418233e-06,-0.0019522324437275529,-0.0072481040842831135,-0.013303742744028568,-0.01760203018784523,-0.020131584256887436,-0.020970385521650314
-0.009254379197955132,-0.011613897047936916,-0.014208493754267693,-0.01599692739546299,-0.01877940632402897,-0.021984299644827843,-0.025524597615003586,-0.0288799237459898,-0.030488139018416405,-0.032625433057546616,-0.033538818359375,-0.03378638997673988,-0.032243117690086365,-0.031235387548804283,-0.030247313901782036,-0.029051929712295532,-0.02676420658826828,-0.02370729111135006,-0.020954422652721405,-0.019944636151194572,-0.0203440859913826,-0.020703056827187538,-0.022295096889138222,-0.024357393383979797,-0.02657209523022175,-0.02698468416929245,-0.024799102917313576,-0.023327847942709923,-0.02079857513308525,-0.016728179529309273,-0.012890285812318325,-0.010650349780917168,-0.009707942605018616,-0.011040080338716507,-0.01414379384368658,-0.019626008346676826,-0.024066900834441185,-0.02697359398007393,-0.02887905202805996,-0.028644973412156105
-0.015120584517717361,-0.01618140935897827,-0.018271800130605698,-0.02032877504825592,-0.02278733067214489,-0.025418266654014587,-0.028597243130207062,-0.03330090269446373,-0.03533532842993736,-0.03612349554896355,-0.03617647662758827,-0.03437615931034088,-0.033034421503543854,-0.03159492462873459,-0.02975882962346077,-0.027478709816932678,-0.024572385475039482,-0.022095510736107826,-0.021983608603477478,-0.021159296855330467,-0.018489696085453033,-0.016785424202680588,-0.015830567106604576,-0.01594211533665657,-0.01746281422674656,-0.018357735127210617,-0.018372418358922005,-0.017646290361881256,-0.016141828149557114,-0.014318717643618584,-0.014440786093473434,-0.015863265842199326,-0.018514374271035194,-0.022405212745070457,-0.02583223767578602,-0.02929958514869213,-0.031200015917420387,-0.032102856785058975,-0.032180055975914,-0.03185105696320534
-0.020381590351462364,-0.021133432164788246,-0.02256130613386631,-0.024126969277858734,-0.026068223640322685,-0.02981613203883171,-0.03342413529753685,-0.03623775765299797,-0.03764486685395241,-0.03634496405720711,-0.035260338336229324,-0.03422131389379501,-0.03274219483137131,-0.03073553740978241,-0.02822401002049446,-0.02531558834016323,-0.022541280835866928,-0.01569356769323349,-0.021600184962153435,-0.01811344362795353,-0.01383067388087511,-0.010286926291882992,-0.008718551136553288,-0.01064541470259428,-0.013039626181125641,-0.014671653509140015,-0.015120910480618477,-0.01528218761086464,-0.01569329760968685,-0.017222613096237183,-0.02045256271958351,-0.02442171983420849,-0.02773403376340866,-0.03096417896449566,-0.03376416489481926,-0.03475986048579216,-0.0348910428583622,-0.033914316445589066,-0.03271625563502312,-0.0327892042696476
-0.026907308027148247,-0.027194136753678322,-0.027555638924241066,-0.02794840559363365,-0.0304193664342165,-0.033296480774879456,-0.03590163215994835,-0.03609154000878334,-0.036366961896419525,-0.03592010214924812,-0.03470306098461151,-0.033139169216156006,-0.03135151416063309,-0.02899155579507351,-0.02643904834985733,-0.024114323779940605,-0.023786507546901703,-0.020942961797118187,-0.016247650608420372,-0.011207505129277706,-0.005456230137497187,-0.0033488324843347073,-0.006074273493140936,-0.009974422864615917,-0.013505135662853718,-0.016249574720859528,-0.017853841185569763,-0.019416444003582,-0.02202574722468853,-0.02509913221001625,-0.02828337624669075,-0.03197804465889931,-0.034356262534856796,-0.03554510325193405,-0.03630036115646362,-0.03582296147942543,-0.034983906894922256,-0.0338316336274147,-0.03256065770983696,-0.032192379236221313
-0.0339646153151989,-0.03348586708307266,-0.03271135315299034,-0.03356599435210228,-0.03440992161631584,-0.03470313549041748,-0.03561381250619888,-0.036181963980197906,-0.03592413291335106,-0.03502098098397255,-0.03353595733642578,-0.03178777918219566,-0.030005158856511116,-0.02809581719338894,-0.0259187500923872,-0.023775529116392136,-0.023555899038910866,-0.022265564650297165,-0.008438603952527046,-0.0011269618989899755,0.003190048970282078,-0.00033954952959902585,-0.0074074892327189445,-0.013321307487785816,-0.018136726692318916,-0.02165103517472744,-0.024323193356394768,-0.026831619441509247,-0.02943425625562668,-0.03145924583077431,-0.03369969502091408,-0.035410329699516296,-0.03639080747961998,-0.036261700093746185,-0.03523125499486923,-0.03431703895330429,-0.03353503718972206,-0.03251073509454727,-0.0313669815659523,-0.030889488756656647
-0.039561931043863297,-0.039975855499506,-0.03924180567264557,-0.03866848349571228,-0.0370340496301651,-0.03650500997900963,-0.036557137966156006,-0.03685663640499115,-0.03650644049048424,-0.03523597493767738,-0.03353868052363396,-0.031622786074876785,-0.029993480071425438,-0.0286849495023489,-0.026812376454472542,-0.023294007405638695,-0.018340639770030975,-0.010759680531919003,-0.0009473853860981762,0.00618116045370698,0.005260284524410963,-0.0016743334708735347,-0.010325079783797264,-0.016957608982920647,-0.02164788916707039,-0.02533862367272377,-0.028013087809085846,-0.030179282650351524,-0.0318632647395134,-0.03265343979001045,-0.03378653526306152,-0.034063637256622314,-0.034313179552555084,-0.033799830824136734,-0.03267071396112442,-0.03161999210715294,-0.031085070222616196,-0.03018324263393879,-0.029418284073472023,-0.02982369065284729
-0.04534446820616722,-0.044784896075725555,-0.04379737004637718,-0.04126759245991707,-0.03979441896080971,-0.03846679627895355,-0.0377783440053463,-0.037731096148490906,-0.037226587533950806,-0.03597719594836235,-0.03432653844356537,-0.03257046267390251,-0.031046604737639427,-0.02940046787261963,-0.027542049065232277,-0.02378975786268711,-0.01503660622984171,-0.0075828563421964645,0.0012632835423573852,0.0038634019438177347,0.0012135031865909696,-0.0057659209705889225,-0.012821287848055363,-0.01836761087179184,-0.021969152614474297,-0.024726707488298416,-0.026465807110071182,-0.027689814567565918,-0.028949948027729988,-0.029960552230477333,-0.02990211918950081,-0.029598502442240715,-0.029793813824653625,-0.029327010735869408,-0.028618108481168747,-0.02777995727956295,-0.027181407436728477,-0.0269574336707592,-0.02737826481461525,-0.028994061052799225
-0.0488961860537529,-0.04681721702218056,-0.04509850963950157,-0.043349940329790115,-0.04167609661817551,-0.04009836167097092,-0.039056986570358276,-0.03825295343995094,-0.037101343274116516,-0.035634029656648636,-0.03445309028029442,-0.033771123737096786,-0.032466690987348557,-0.030671972781419754,-0.02848898433148861,-0.02698240987956524,-0.019214512780308723,-0.009601254016160965,-0.003996147774159908,-0.0034108515828847885,-0.005588363856077194,-0.009802179411053658,-0.013876835815608501,-0.017492933198809624,-0.019726792350411415,-0.020908862352371216,-0.021639389917254448,-0.0219245757907629,-0.022901948541402817,-0.024060506373643875,-0.02385075017809868,-0.023815764114260674,-0.024236317723989487,-0.024489110335707664,-0.023982012644410133,-0.0231782179325819,-0.02270081825554371,-0.023220650851726532,-0.02552424557507038,-0.02802513726055622
-0.05052189528942108,-0.04951398819684982,-0.0480991005897522,-0.046300847083330154,-0.04425246641039848,-0.042270395904779434,-0.04042910039424896,-0.03855973854660988,-0.03634127974510193,-0.03462603688240051,-0.03454957157373428,-0.03710605949163437,-0.0370451845228672,-0.0360235795378685,-0.03342141583561897,-0.029461590573191643,-0.024267325177788734,-0.01645555905997753,-0.012245182879269123,-0.011193855665624142,-0.011646349914371967,-0.012371128425002098,-0.01345931738615036,-0.014793132431805134,-0.015905143693089485,-0.01576801761984825,-0.015737826004624367,-0.015764055773615837,-0.01647239178419113,-0.016786905005574226,-0.017066363245248795,-0.017697490751743317,-0.018643997609615326,-0.019831037148833275,-0.019424131140112877,-0.018490051850676537,-0.017826266586780548,-0.018648145720362663,-0.021655790507793427,-0.02508174441754818
-0.0551459975540638,-0.054554738104343414,-0.05331185832619667,-0.051390908658504486,-0.0489010289311409,-0.04584851861000061,-0.04238474369049072,-0.03899484872817993,-0.03596301004290581,-0.03408496454358101,-0.03708441182971001,-0.038776420056819916,-0.04043424874544144,-0.040665049105882645,-0.03859085217118263,-0.033186234533786774,-0.02872960828244686,-0.024030303582549095,-0.020322097465395927,-0.017991241067647934,-0.016182847321033478,-0.014434333890676498,-0.013208781369030476,-0.012239991687238216,-0.012010830454528332,-0.010860583744943142,-0.01029417384415865,-0.010278008878231049,-0.010063854046165943,-0.010169163346290588,-0.011072415858507156,-0.012184242717921734,-0.013704926706850529,-0.015249270014464855,-0.01527893915772438,-0.01425692904740572,-0.01329935435205698,-0.014012902043759823,-0.016581445932388306,-0.020343508571386337
-0.060643233358860016,-0.06016112118959427,-0.058633312582969666,-0.05612250417470932,-0.05329182744026184,-0.04951053112745285,-0.04510463401675224,-0.04067927226424217,-0.03651312366127968,-0.033230748027563095,-0.037091612815856934,-0.038020454347133636,-0.04112592339515686,-0.04268425703048706,-0.0417369119822979,-0.039311669766902924,-0.03533843532204628,-0.03108842857182026,-0.02678557299077511,-0.022938160225749016,-0.019598275423049927,-0.016911331564188004,-0.014034480787813663,-0.01123078539967537,-0.00867850799113512,-0.007473638281226158,-0.006485587451606989,-0.0057798754423856735,-0.0048899659886956215,-0.005387394689023495,-0.006475592963397503,-0.007746543735265732,-0.009418342262506485,-0.011066613718867302,-0.011424500495195389,-0.01032183039933443,-0.009174543432891369,-0.009433899074792862,-0.010558570735156536,-0.01902705617249012
-0.06444381922483444,-0.0637635812163353,-0.06204991415143013,-0.05931999161839485,-0.05804833769798279,-0.05441737547516823,-0.04967048764228821,-0.04460391402244568,-0.037074148654937744,-0.03160930052399635,-0.03313041478395462,-0.03712722286581993,-0.04208260774612427,-0.045377884060144424,-0.045499205589294434,-0.043913595378398895,-0.04050617665052414,-0.036530233919620514,-0.031825948506593704,-0.026996232569217682,-0.02279595658183098,-0.019632169976830482,-0.01595010980963707,-0.013156198896467686,-0.009080466814339161,-0.006884186528623104,-0.005007252097129822,-0.0034960517659783363,-0.00262088724412024,-0.0030144150368869305,-0.003801771206781268,-0.0048426734283566475,-0.006312550976872444,-0.007978537119925022,-0.008172059431672096,-0.006630261894315481,-0.004710259381681681,-0.0038563203997910023,-0.0017907926812767982,-0.011797716841101646
