dougfraga/big_5.json
{"header": {"parameterUnit": "m.s-1", "parameterNumber": 2, "dx": 0.016666000000000736, "dy": 0.016666000000000736, "parameterNumberName": "Eastward current", "la1": -22.891645999999998, "la2": -24.0416, "parameterCategory": 2, "lo2": -43.225054, "nx": 95, "ny": 70, "refTime": "2022-12-18 05:00:00", "lo1": -44.79166}, "data":
[rows 19 to 37 of 70, columns 42 to 83 of 95]
0.034512750804424286,0.02526710368692875,0.016319921240210533,0.01413028035312891,0.011667055077850819,0.013410046696662903,0.014357632026076317,0.013304957188665867,0.015597712248563766,0.01858065091073513,0.020976275205612183,0.021059731021523476,0.019586512818932533,0.021331099793314934,0.021899187937378883,0.021970104426145554,0.02436235547065735,0.026082055643200874,0.027849106118083,0.028857311233878136,0.028982244431972504,0.029094500467181206,0.030054274946451187,0.03086119145154953,0.03134153410792351,0.032613642513751984,0.03565121814608574,0.03970963880419731,0.04340760409832001,0.046889182180166245,0.05074459686875343,0.056518927216529846,0.05978933349251747,0.06058977544307709,0.06324494630098343,0.06602347642183304,0.06936395913362503,0.0735526829957962,0.0778890922665596,0.08196765184402466,0.08604387193918228,0.09047848731279373
0.03511997312307358,0.028376257047057152,0.025815574452280998,0.02275857888162136,0.016949325799942017,0.01558712124824524,0.01587296463549137,0.015518294647336006,0.016016941517591476,0.01744455099105835,0.019182978197932243,0.023459816351532936,0.024706996977329254,0.0232602059841156,0.024436045438051224,0.02553921565413475,0.026372531428933144,0.02727484330534935,0.02841704711318016,0.029471540823578835,0.03060123324394226,0.03205788880586624,0.03361143171787262,0.03550789877772331,0.03801177442073822,0.04119659587740898,0.04638386517763138,0.049771953374147415,0.05132153630256653,0.054508667439222336,0.05783427134156227,0.06141996011137962,0.06406949460506439,0.0657985657453537,0.06794717907905579,0.0705343708395958,0.07350609451532364,0.0767132043838501,0.0801420584321022,0.0836842879652977,0.08752179145812988,0.09170792251825333
0.03436409309506416,0.030847150832414627,0.02736307494342327,0.024199042469263077,0.021530257537961006,0.02024207077920437,0.019706739112734795,0.02016605995595455,0.02383824996650219,0.02477121353149414,0.022429179400205612,0.023101365193724632,0.024063924327492714,0.02492568828165531,0.02630987949669361,0.027116522192955017,0.0274813249707222,0.028448451310396194,0.03006414882838726,0.032193224877119064,0.034915078431367874,0.03922221437096596,0.041290659457445145,0.04177745431661606,0.044766832143068314,0.0482989065349102,0.05170167237520218,0.05464616417884827,0.05745020881295204,0.06044568121433258,0.06333357095718384,0.06605838984251022,0.06810637563467026,0.06938677281141281,0.07063912600278854,0.07264380902051926,0.07525109499692917,0.07823499292135239,0.08152583241462708,0.08499767631292343,0.08909175544977188,0.09410848468542099
0.03503089025616646,0.032445501536130905,0.030192652717232704,0.028677422553300858,0.030823655426502228,0.031480833888053894,0.029552076011896133,0.02969907596707344,0.029820537194609642,0.02879384346306324,0.027056237682700157,0.026963863521814346,0.02812640741467476,0.028921717777848244,0.029406430199742317,0.029782792553305626,0.030502013862133026,0.03239203989505768,0.03645280748605728,0.03931841999292374,0.04059113189578056,0.04265186935663223,0.04440832510590553,0.046685267239809036,0.049688998609781265,0.0529281310737133,0.055872224271297455,0.05830378085374832,0.060994286090135574,0.06364728510379791,0.06585206836462021,0.06785985082387924,0.06987715512514114,0.07164207845926285,0.07267224043607712,0.07422395795583725,0.07690171152353287,0.08039188385009766,0.08426767587661743,0.08857076615095139,0.0955846831202507,0.10111845284700394
0.042863842099905014,0.03911985456943512,0.037816163152456284,0.03645196184515953,0.03582657128572464,0.03541397303342819,0.03435176983475685,0.03336145356297493,0.03290841355919838,0.032601840794086456,0.032596517354249954,0.032886479049921036,0.03315696865320206,0.03349697217345238,0.03388533741235733,0.034528154879808426,0.03590722009539604,0.0397794209420681,0.042394768446683884,0.04275276139378548,0.044234443455934525,0.04586685821413994,0.04749876633286476,0.049577660858631134,0.05216852203011513,0.05491340905427933,0.05735272541642189,0.05956977605819702,0.06216256320476532,0.06466582417488098,0.06670303642749786,0.06848453730344772,0.07092123478651047,0.07325542718172073,0.07495088130235672,0.07804513722658157,0.08382678031921387,0.08864136040210724,0.09250160306692123,0.09761641919612885,0.10229164361953735,0.10585199296474457
0.042145099490880966,0.04022037237882614,0.03913743793964386,0.03838004171848297,0.03798462823033333,0.03789503872394562,0.03731616213917732,0.03674287348985672,0.03627057000994682,0.03635448217391968,0.038593050092458725,0.039380814880132675,0.03831353038549423,0.038516853004693985,0.03890863060951233,0.039772484451532364,0.04090285673737526,0.04255177825689316,0.044629666954278946,0.04587788134813309,0.046957820653915405,0.04815210774540901,0.04961007460951805,0.051438089460134506,0.053199321031570435,0.05529383569955826,0.0575239472091198,0.05976212024688721,0.06217435747385025,0.06462037563323975,0.0667799785733223,0.06900665163993835,0.0721549540758133,0.07688376307487488,0.08021261543035507,0.08297519385814667,0.08811924606561661,0.09293496608734131,0.0971941128373146,0.1015954539179802,0.10539188235998154,0.10842064768075943
0.042091164737939835,0.04109499976038933,0.04059247672557831,0.039942361414432526,0.03961882367730141,0.03943914547562599,0.03963465243577957,0.0417487658560276,0.04235723987221718,0.041540782898664474,0.042105671018362045,0.042520347982645035,0.04251445457339287,0.04231936112046242,0.042140986770391464,0.04277392849326134,0.044085100293159485,0.04554419592022896,0.04722940921783447,0.04860135540366173,0.04974066838622093,0.0507180318236351,0.05169503763318062,0.05297527834773064,0.05429297685623169,0.05596189573407173,0.05824105814099312,0.060578618198633194,0.06314892321825027,0.0660146176815033,0.06887976080179214,0.07196083664894104,0.07544112950563431,0.07885605841875076,0.08461102843284607,0.08826478570699692,0.09082062542438507,0.09608188271522522,0.10043288767337799,0.10433651506900787,0.107182577252388,0.1095576211810112
0.04304002597928047,0.04278833419084549,0.04268110916018486,0.04278682917356491,0.04453529417514801,0.04462866485118866,0.04371893033385277,0.04453863948583603,0.04460117593407631,0.04492443799972534,0.04562100023031235,0.046101734042167664,0.04615531489253044,0.04610283300280571,0.04617786407470703,0.04681484028697014,0.04852716624736786,0.050220787525177,0.05171000584959984,0.05287840962409973,0.05413348227739334,0.05422316864132881,0.05430743843317032,0.05583156645298004,0.05731853097677231,0.05927125737071037,0.06216195970773697,0.06570088863372803,0.06924377381801605,0.07270664721727371,0.07629772275686264,0.07959405332803726,0.08326215296983719,0.0903262346982956,0.09207792580127716,0.09128742665052414,0.09571894258260727,0.09929708391427994,0.10297654569149017,0.10739841312170029,0.11261662095785141,0.11416573822498322
0.046279918402433395,0.048220522701740265,0.04844854027032852,0.047560304403305054,0.04805510491132736,0.04776882007718086,0.047500129789114,0.04796598479151726,0.04830692708492279,0.04894787445664406,0.049326736479997635,0.0488472618162632,0.049500174820423126,0.05087130144238472,0.05122237280011177,0.050874654203653336,0.052152086049318314,0.054243091493844986,0.05558041110634804,0.05685799568891525,0.057815756648778915,0.05849305912852287,0.05933178588747978,0.06080351024866104,0.06323874741792679,0.06644752621650696,0.07038608938455582,0.07737496495246887,0.0817139595746994,0.08366705477237701,0.08764249086380005,0.0902380421757698,0.09344647824764252,0.09734301269054413,0.09837585687637329,0.09851846098899841,0.10297136753797531,0.1070299819111824,0.10895445942878723,0.11127956211566925,0.1126539334654808,0.11417898535728455
0.050339605659246445,0.050767507404088974,0.051184218376874924,0.05155780166387558,0.051815737038850784,0.05175323784351349,0.05118381232023239,0.05109579861164093,0.051392726600170135,0.05197202041745186,0.0523187629878521,0.05209524184465408,0.053107719868421555,0.05442184954881668,0.05521206930279732,0.05581977590918541,0.05684544891119003,0.05816707760095596,0.06024148315191269,0.06246519833803177,0.06403063982725143,0.06700605154037476,0.0683693066239357,0.06712988018989563,0.07070203870534897,0.07880551367998123,0.08269929140806198,0.08468673378229141,0.08859150111675262,0.09150628745555878,0.093128502368927,0.09438861161470413,0.09607277065515518,0.0989714041352272,0.10392063111066818,0.10653545707464218,0.10782042145729065,0.11100061982870102,0.11352769285440445,0.1143701821565628,0.11415579915046692,0.11531785130500793
0.051672883331775665,0.05241626128554344,0.0536859892308712,0.05492408573627472,0.05517163872718811,0.054966237396001816,0.054719116538763046,0.05431442707777023,0.053824059665203094,0.05405249074101448,0.05446963012218475,0.054852843284606934,0.05606506019830704,0.057471442967653275,0.05890590324997902,0.06015630438923836,0.061823394149541855,0.06435321271419525,0.06681594997644424,0.06920235604047775,0.0729983001947403,0.07447902113199234,0.07445354759693146,0.07673830538988113,0.0798267349600792,0.08454722166061401,0.08913255482912064,0.09164514392614365,0.09320934116840363,0.09389658272266388,0.09507979452610016,0.0987820103764534,0.10032098740339279,0.10125752538442612,0.10465025156736374,0.10755126923322678,0.11042790114879608,0.11309408396482468,0.11410518735647202,0.11354110389947891,0.113895483314991,0.1169455274939537
0.052453190088272095,0.05436984822154045,0.056562166661024094,0.05813753977417946,0.05856302008032799,0.05798184126615524,0.05741993337869644,0.05668985843658447,0.0557696558535099,0.055865705013275146,0.05678069218993187,0.057848673313856125,0.05921422690153122,0.06116608902812004,0.06353934109210968,0.06627809256315231,0.06969995051622391,0.07444260269403458,0.07582887262105942,0.07508621364831924,0.07633969932794571,0.07759743928909302,0.07956156134605408,0.08228303492069244,0.0850832536816597,0.0889199897646904,0.09296543151140213,0.09555965662002563,0.09940917044878006,0.10019120573997498,0.09839580953121185,0.09912189096212387,0.10021797567605972,0.10247474908828735,0.1059790626168251,0.10898375511169434,0.11116312444210052,0.11400496959686279,0.1173265352845192,0.11695792526006699,0.11530694365501404,0.11662998795509338
0.05323929712176323,0.058058127760887146,0.06079094111919403,0.061999961733818054,0.06184926629066467,0.060342274606227875,0.05912628769874573,0.058357786387205124,0.05852023884654045,0.05998086929321289,0.06360048800706863,0.0651739165186882,0.06488224118947983,0.06695287674665451,0.06973973661661148,0.07255178689956665,0.07535145431756973,0.0777217373251915,0.07870228588581085,0.07865716516971588,0.07914794236421585,0.0807979628443718,0.08381064981222153,0.08736387640237808,0.08991596102714539,0.09352324157953262,0.10018981993198395,0.10340911149978638,0.10315238684415817,0.10278557240962982,0.10110043734312057,0.1000746563076973,0.10043659806251526,0.1030287817120552,0.10825394839048386,0.11469204723834991,0.11703521013259888,0.11678843200206757,0.11756771057844162,0.11730087548494339,0.11812624335289001,0.12177447229623795
0.057569313794374466,0.06138412654399872,0.06409355998039246,0.06854917854070663,0.06761803478002548,0.062271345406770706,0.06273481249809265,0.06393168866634369,0.06448842585086823,0.06661736965179443,0.06855248659849167,0.06932840496301651,0.07024296373128891,0.07206934690475464,0.07436628639698029,0.07672552019357681,0.07867056876420975,0.0799824446439743,0.08061905205249786,0.08087597787380219,0.08177562057971954,0.08433977514505386,0.08839596062898636,0.09440836310386658,0.09826679527759552,0.10075222700834274,0.10527267307043076,0.1078864261507988,0.10806167125701904,0.10661067813634872,0.10469639301300049,0.10570325702428818,0.10683363676071167,0.10835147649049759,0.11291848868131638,0.11699337512254715,0.11850818246603012,0.1181473582983017,0.1178625300526619,0.11769894510507584,0.12106934934854507,0.1264677196741104
0.0692562460899353,0.07021131366491318,0.07209311425685883,0.07418448477983475,0.07156723737716675,0.06620830297470093,0.06619139015674591,0.0668659508228302,0.06852693855762482,0.07074248045682907,0.07231537252664566,0.07330044358968735,0.07458241283893585,0.07619073241949081,0.07784108072519302,0.07925070822238922,0.07985403388738632,0.08003702759742737,0.08091314882040024,0.08375032246112823,0.08989810943603516,0.09313146770000458,0.0940169170498848,0.09787484258413315,0.1016753688454628,0.1053992360830307,0.10911677777767181,0.11125519871711731,0.11114077270030975,0.11105228215456009,0.10994312167167664,0.10895801335573196,0.11023344844579697,0.11225376278162003,0.11563026160001755,0.11851947754621506,0.11900113523006439,0.11795706301927567,0.11812319606542587,0.11977105587720871,0.12410415709018707,0.12449001520872116
0.07490130513906479,0.0778919905424118,0.07840362191200256,0.07883868366479874,0.07391690462827682,0.06795080751180649,0.06772828102111816,0.06778976321220398,0.0697292760014534,0.07170277833938599,0.07319730520248413,0.07429825514554977,0.07562502473592758,0.07741115242242813,0.07899966835975647,0.08045334368944168,0.08312341570854187,0.08346188813447952,0.0832095518708229,0.08641630411148071,0.09009619802236557,0.09315906465053558,0.09605106711387634,0.09914802014827728,0.10237880796194077,0.10659050196409225,0.11064562201499939,0.1120363250374794,0.11315406858921051,0.1129368394613266,0.11054882407188416,0.1102433055639267,0.11105498671531677,0.11223765462636948,0.11377041786909103,0.1146329864859581,0.11480531841516495,0.11492131650447845,0.11638932675123215,0.1203962042927742,0.12314200401306152,0.11446202546358109
0.08094795793294907,0.08350983262062073,0.08246707916259766,0.0812358558177948,0.07461623847484589,0.06789350509643555,0.06769059598445892,0.06671061366796494,0.06799464672803879,0.07057267427444458,0.07470939308404922,0.07695851475000381,0.07773779332637787,0.07931533455848694,0.07991886138916016,0.08022242039442062,0.08080863952636719,0.08154185116291046,0.08343406021595001,0.0862669050693512,0.08901640772819519,0.09186380356550217,0.09505126625299454,0.0984300822019577,0.10227478295564651,0.10659892857074738,0.11040692031383514,0.11357516050338745,0.11417218297719955,0.11257509887218475,0.11111965775489807,0.11056644469499588,0.11037066578865051,0.10976426303386688,0.11010610312223434,0.11109306663274765,0.11215174943208694,0.11370629817247391,0.11716031283140182,0.12229730188846588,0.1219257265329361,0.1205168217420578
0.0885547325015068,0.08593104034662247,0.08557034283876419,0.07964570820331573,0.06900446116924286,0.06286852806806564,0.06168869882822037,0.06429436057806015,0.06923344731330872,0.07282660156488419,0.07445595413446426,0.07643293589353561,0.07770971208810806,0.07836433500051498,0.0781109407544136,0.07814254611730576,0.07959111034870148,0.08154629915952682,0.08451768755912781,0.0898195281624794,0.09276758134365082,0.09369539469480515,0.0963546559214592,0.09875697642564774,0.10083484649658203,0.10625540465116501,0.1127806156873703,0.11847259104251862,0.11949711292982101,0.11618071794509888,0.11314625293016434,0.1101527214050293,0.11138959974050522,0.11168328672647476,0.11032320559024811,0.11093106865882874,0.1116645559668541,0.1125800833106041,0.11376597732305527,0.11829870939254761,0.1245703399181366,0.12561476230621338
0.09238240122795105,0.0889919102191925,0.08058562129735947,0.07059881836175919,0.06189143285155296,0.056856900453567505,0.058527328073978424,0.06543754041194916,0.07034759223461151,0.07408419996500015,0.0766286626458168,0.07825750857591629,0.07906163483858109,0.07926563918590546,0.07892892509698868,0.07994481176137924,0.08495458215475082,0.08889782428741455,0.09070273488759995,0.09349215030670166,0.09546303004026413,0.09722989052534103,0.09932880848646164,0.10142908990383148,0.1037173941731453,0.10820522904396057,0.11537030339241028,0.12236043065786362,0.12440857291221619,0.12131192535161972,0.1145225241780281,0.10978303849697113,0.11032236367464066,0.11048964411020279,0.11011078208684921,0.11064983159303665,0.11141204088926315,0.11270558089017868,0.11643841117620468,0.12239301949739456,0.1252356916666031,0.12231595814228058
