dougfraga/big_2.json
{"header": {"parameterUnit": "m.s-1", "parameterNumber": 3, "dx": 0.016666000000000736, "dy": 0.016666000000000736, "parameterNumberName": "Northward current", "la1": -22.891645999999998, "la2": -24.0416, "parameterCategory": 2, "lo2": -43.225054, "nx": 95, "ny": 70, "refTime": "2022-12-18 02:00:00", "lo1": -44.79166}, "data":
[rows 18 to 35 of 70, columns 40 to 79 of 95]
0.0,-0.0029108859598636627,-2.0870145363005577e-06,-0.008857479318976402,-0.0059723625890910625,-0.003940975293517113,0.0012175440788269043,0.005924318451434374,0.005519371014088392,0.01074504479765892,0.011181270703673363,0.011122804135084152,0.011984028853476048,0.013973772525787354,0.013251560740172863,0.0128020653501153,0.014956607483327389,0.014601193368434906,0.012738179415464401,0.011808802373707294,0.011136897839605808,0.010781626217067242,0.011093607172369957,0.008696542121469975,0.005973515100777149,0.003181966720148921,0.0015795124927535653,0.0011251810938119888,0.004095446318387985,0.002620511455461383,0.000860871106851846,6.310263415798545e-05,0.0002595677797216922,0.001609103404916823,0.0011792128207162023,0.0025011980906128883,0.004510735627263784,0.006496518384665251,0.007526175118982792,0.007748968433588743
-0.0016506988322362304,0.007139728870242834,0.003073790343478322,0.0032138461247086525,0.0014525686856359243,-0.00020910048624500632,0.005532446783035994,0.009298537857830524,0.010870617814362049,0.011463731527328491,0.010842197574675083,0.009683421812951565,0.009746983647346497,0.014441341161727905,0.012393058277666569,0.011629556305706501,0.011817836202681065,0.010694836266338825,0.009392981417477131,0.00795905850827694,0.006708043627440929,0.0059693786315619946,0.008093216456472874,0.006263295654207468,0.003440458793193102,0.001067694160155952,2.5380804800079204e-05,9.27866276470013e-05,9.781066910363734e-05,-0.002632778836414218,-0.004274237435311079,-0.004847575910389423,-0.004156641196459532,-0.002593981334939599,-0.0016360223526135087,-0.0005962864379398525,0.0014472785405814648,0.005447464529424906,0.007737055886536837,0.009560294449329376
0.0018266781698912382,0.0003618513874243945,-0.0012296284548938274,0.004167310427874327,0.0041979290544986725,0.006817297078669071,0.008396479301154613,0.008589872159063816,0.011422286741435528,0.012728780508041382,0.013467923738062382,0.011458533816039562,0.010226842015981674,0.010365672409534454,0.010412140749394894,0.009092267602682114,0.010138493962585926,0.0092830965295434,0.009408584795892239,0.009001489728689194,0.008388552814722061,0.007304728962481022,0.006195259280502796,0.0044438657350838184,0.00034635630436241627,-0.002529709367081523,-0.0042389207519590855,-0.004806572571396828,-0.004936090670526028,-0.005623148754239082,-0.006722230464220047,-0.0072318208403885365,-0.006592086050659418,-0.004642177373170853,-0.0009871618822216988,0.0009785450529307127,0.00315068825148046,0.006061091087758541,0.008930322714149952,0.011786202900111675
0.0011160317808389664,0.004945704713463783,0.003606045851483941,0.0027201941702514887,0.0026862947270274162,0.007673869375139475,0.010175137780606747,0.008320570923388004,0.0074163880199193954,0.007041760254651308,0.007251774426549673,0.007958650588989258,0.0065651689656078815,0.005939044523984194,0.008648008108139038,0.008416155353188515,0.007960131391882896,0.008081942796707153,0.00843043439090252,0.00848405621945858,0.007682320196181536,0.004625845234841108,0.0022813165560364723,0.0002996360999532044,-0.0019067361718043685,-0.00473472336307168,-0.006875688210129738,-0.007815074175596237,-0.00790648814290762,-0.006461037322878838,-0.006268195807933807,-0.006061348598450422,-0.00498959980905056,-0.0028697126545011997,2.2890673790243454e-05,0.002115871524438262,0.004153458867222071,0.007174234371632338,0.010622939094901085,0.01406565960496664
-0.004439182113856077,0.0038035521283745766,0.001713919104076922,0.000688197382260114,-5.002585385227576e-05,0.0009074411354959011,0.0024435974191874266,0.003337207483127713,0.0019212078768759966,0.0005444946582429111,0.00032331861439161,0.0036937419790774584,0.0044126142747700214,0.004805996082723141,0.005410872865468264,0.00527769373729825,0.00501590920612216,0.005247783847153187,0.005395522341132164,0.00538278091698885,0.0033366025891155005,0.0016006950754672289,-0.0003176506143063307,-0.0021243509836494923,-0.0025876774452626705,-0.00457343365997076,-0.006205355748534203,-0.0066161202266812325,-0.006348624359816313,-0.005692381411790848,-0.004964369349181652,-0.004218337591737509,-0.003131749341264367,-0.0012944962363690138,0.0013730400241911411,0.003388941753655672,0.005525367800146341,0.0084124356508255,0.011672924272716045,0.013011840172111988
-0.005384440999478102,-0.004487186204642057,-0.0035812242422252893,-0.004238241817802191,-0.004696953110396862,-0.004869936034083366,-0.004084853455424309,-0.0012644503731280565,-0.0011818362399935722,-0.0014472829643636942,-0.0013835907448083162,-0.00034900603350251913,0.0006069153314456344,-0.00020345623488537967,-0.0005768576520495117,-0.001003205543383956,-0.001485369517467916,-0.0017350728157907724,-0.002057749545201659,-0.001565619488246739,-0.0007372639956884086,0.0006680924561806023,0.0007076839101500809,-0.00012326546129770577,-0.0014712484553456306,-0.0031657791696488857,-0.004200793337076902,-0.004195506684482098,-0.0035441189538687468,-0.002644779859110713,-0.0016290396451950073,-0.0002846361312549561,0.0008825850090943277,0.002437053481116891,0.004478845279663801,0.00657116761431098,0.006821211893111467,0.007951704785227776,0.01037588156759739,0.01251399889588356
-0.007410612888634205,-0.008777879178524017,-0.005411041900515556,-0.004615879151970148,-0.004113307688385248,-0.0037427814677357674,-0.0034050457179546356,-0.0028476440347731113,-0.002235142048448324,-0.0023323739878833294,-0.0042532081715762615,-0.0047598048113286495,-0.004514537286013365,-0.0042319828644394875,-0.004842170048505068,-0.005397878121584654,-0.005740217864513397,-0.0055129192769527435,-0.005293413531035185,-0.004185562487691641,-0.000849996053148061,0.0010946025140583515,0.0020737519953399897,0.002166625577956438,0.0016021080082282424,0.0007851022528484464,0.00026595560484565794,0.0006674542673863471,0.001663685543462634,0.0027571439277380705,0.004128688480705023,0.005798737984150648,0.007321168202906847,0.00880942028015852,0.01051087211817503,0.012621662579476833,0.013131055980920792,0.010339375585317612,0.012216893956065178,0.016175800934433937
-0.008926305919885635,-0.007838917896151543,-0.006277318578213453,-0.0049314540810883045,-0.004008281044661999,-0.002893477212637663,-0.0023649591021239758,-0.003476239275187254,-0.0037199100479483604,-0.004383840598165989,-0.005784360226243734,-0.007304138038307428,-0.008176207542419434,-0.006796624511480331,-0.006697763688862324,-0.006302452180534601,-0.0057843029499053955,-0.004548652563244104,-0.0030774970073252916,-0.0018253014422953129,-0.0001597939699422568,0.0017506030853837729,0.003035591449588537,0.003304277081042528,0.0038426860701292753,0.00436230655759573,0.00493238028138876,0.005895246285945177,0.007205951027572155,0.008399252779781818,0.009415489621460438,0.0106684360653162,0.011984530836343765,0.01334386970847845,0.01499883271753788,0.01622672565281391,0.015185905620455742,0.0159317497164011,0.017135124653577805,0.019768809899687767
-0.010326286777853966,-0.009280676022171974,-0.007682838477194309,-0.0064946371130645275,-0.006601301021873951,-0.005570296198129654,-0.0047997646033763885,-0.004688629414886236,-0.005411960184574127,-0.006141531281173229,-0.006280010566115379,-0.008029457181692123,-0.010006413795053959,-0.010752960108220577,-0.009954708628356457,-0.009147332981228828,-0.00826371181756258,-0.007258736062794924,-0.005080524832010269,-0.003404472954571247,-0.0013689324259757996,0.0007041285862214863,0.0024712986778467894,0.003576856106519699,0.0042601777240633965,0.005392593331634998,0.007169818039983511,0.00859252642840147,0.009816315025091171,0.010569514706730843,0.008643550798296928,0.008586104027926922,0.008543163537979126,0.009340284392237663,0.01131118182092905,0.013427088968455791,0.015526958741247654,0.019110674038529396,0.020543953403830528,0.020701488479971886
-0.014499546028673649,-0.014461258426308632,-0.0133753577247262,-0.011719088070094585,-0.010031526908278465,-0.008992516435682774,-0.007832339033484459,-0.005902425851672888,-0.006182248704135418,-0.006269676145166159,-0.007192068733274937,-0.009117242880165577,-0.011665258556604385,-0.013576497323811054,-0.013620764948427677,-0.013259483501315117,-0.012040004134178162,-0.01110723614692688,-0.009558199904859066,-0.007582235615700483,-0.004507299978286028,-0.0017557427054271102,0.0008805945981293917,0.0030751372687518597,0.0019627960864454508,0.0025083059445023537,0.006081333849579096,0.007722757291048765,0.006877246778458357,0.007905332371592522,0.008498976938426495,0.007521175779402256,0.007066240068525076,0.0076696742326021194,0.009476124309003353,0.013445883989334106,0.020011432468891144,0.018446674570441246,0.019540611654520035,0.02038395032286644
-0.018268393352627754,-0.018326958641409874,-0.017209462821483612,-0.014956529252231121,-0.01126781664788723,-0.00967592652887106,-0.008368251845240593,-0.007269737310707569,-0.007206502836197615,-0.00757323345169425,-0.008158029988408089,-0.009287610650062561,-0.011237054131925106,-0.01361807994544506,-0.015473715960979462,-0.015525048598647118,-0.014299564063549042,-0.012627869844436646,-0.010804916732013226,-0.00853030662983656,-0.0060943844728171825,-0.0030178374145179987,-5.690724356099963e-05,0.00023178034462034702,0.0003789455513469875,-0.00010370622476330027,0.000878488237503916,0.003763135988265276,0.006216744426637888,0.008113769814372063,0.012057388201355934,0.012759942561388016,0.014176548458635807,0.014576787129044533,0.01341608352959156,0.015600140206515789,0.017902208492159843,0.017893385142087936,0.018472980707883835,0.02105622924864292
-0.01797615922987461,-0.01711484231054783,-0.015311680734157562,-0.013061543926596642,-0.011154405772686005,-0.009836098179221153,-0.00894147902727127,-0.008239084854722023,-0.007667601108551025,-0.008113093674182892,-0.008218809962272644,-0.008627203293144703,-0.009501403197646141,-0.01172211579978466,-0.013745217584073544,-0.014244715683162212,-0.01354436855763197,-0.011587263084948063,-0.009067568928003311,-0.007068936713039875,-0.007710461039096117,-0.005513496696949005,-0.002698207274079323,-0.0002508033358026296,0.002262241207063198,0.0024968688376247883,0.001559289637953043,0.004880981519818306,0.010801916942000389,0.013804707676172256,0.016445240005850792,0.01635436899960041,0.017551714554429054,0.017878426238894463,0.017737742513418198,0.017694251611828804,0.018541110679507256,0.02074356935918331,0.021791838109493256,0.023228568956255913
-0.017039399594068527,-0.014882920309901237,-0.01103650126606226,-0.00864691287279129,-0.008385502733290195,-0.008145935833454132,-0.008544310927391052,-0.008480359800159931,-0.008023391477763653,-0.007368737366050482,-0.0067192562855780125,-0.00660522747784853,-0.007260922342538834,-0.01096913032233715,-0.013381711207330227,-0.014627780765295029,-0.014791557565331459,-0.013604973442852497,-0.011807394213974476,-0.009756042622029781,-0.008419395424425602,-0.006856121122837067,-0.003976212814450264,0.0010183117119595408,0.00430512148886919,0.006561172194778919,0.008298248052597046,0.011613655835390091,0.01571611873805523,0.017311716452240944,0.0194116048514843,0.020281098783016205,0.019801001995801926,0.02080455981194973,0.02265019156038761,0.02301257662475109,0.024297725409269333,0.025037189945578575,0.023697298020124435,0.0232782531529665
-0.01687602885067463,-0.012501630000770092,-0.008682548999786377,-0.005601637531071901,-0.0042782435193657875,-0.003546070773154497,-0.007655374240130186,-0.008739394135773182,-0.008675127290189266,-0.00908790435642004,-0.0090378038585186,-0.008966220542788506,-0.009420312941074371,-0.010812637396156788,-0.012767242267727852,-0.01438247412443161,-0.015209517441689968,-0.014957913197577,-0.013720473274588585,-0.011299106292426586,-0.007415900472551584,-0.005298923701047897,-0.002458197297528386,0.0011729291873052716,0.005419216584414244,0.009278633631765842,0.010895579122006893,0.01407378539443016,0.017541389912366867,0.019975801929831505,0.021379169076681137,0.024087239056825638,0.023531131446361542,0.024561680853366852,0.02357928454875946,0.02411271445453167,0.024776799604296684,0.0255531407892704,0.024785280227661133,0.022342192009091377
-0.016799813136458397,-0.008335288614034653,-0.008174629881978035,-0.004627583548426628,-0.0032797539606690407,-0.002718082396313548,-0.007658160291612148,-0.010036067105829716,-0.011492602527141571,-0.01216468308120966,-0.012541614472866058,-0.012478961609303951,-0.011871354654431343,-0.010185540653765202,-0.010602976195514202,-0.011427531950175762,-0.011573444120585918,-0.011064395308494568,-0.010122916661202908,-0.008416978642344475,-0.006122022867202759,-0.003757941070944071,-0.0015329938614740968,-0.001167742651887238,0.0023696913849562407,0.007289473433047533,0.01171206310391426,0.014879255555570126,0.018059689551591873,0.022313829511404037,0.023739410564303398,0.02394191361963749,0.021453745663166046,0.02133491262793541,0.021652868017554283,0.021839475259184837,0.02239384688436985,0.023548739030957222,0.024378346279263496,0.022167593240737915
-0.01800253987312317,-0.012765109539031982,-0.008676205761730671,-0.004655178636312485,-0.003997085150331259,-0.0044832173734903336,-0.007887300103902817,-0.010391207411885262,-0.013216020539402962,-0.012926965020596981,-0.012632138095796108,-0.011984378099441528,-0.010630580596625805,-0.009657450020313263,-0.009039821103215218,-0.008363192901015282,-0.00726502388715744,-0.005931989289820194,-0.0054152910597622395,-0.006938272155821323,-0.006593983620405197,-0.005672764498740435,-0.003954684361815453,-0.00211672717705369,0.0011017185170203447,0.005881256889551878,0.012606728821992874,0.017086535692214966,0.02048434689640999,0.02299187146127224,0.023950617760419846,0.02097931317985058,0.01801164075732231,0.016772009432315826,0.018488062545657158,0.01962703838944435,0.02142329141497612,0.022976655513048172,0.02227986976504326,0.020272841677069664
-0.017424417659640312,-0.018666908144950867,-0.011411304585635662,-0.006501162424683571,-0.00436370400711894,-0.003776495810598135,-0.007383373565971851,-0.009611139073967934,-0.011970759369432926,-0.012221301905810833,-0.011186996474862099,-0.009522344917058945,-0.00787460058927536,-0.008057835511863232,-0.007675665430724621,-0.007082054857164621,-0.00604798411950469,-0.004462715238332748,-0.0032375575974583626,-0.003146232571452856,-0.0041331821121275425,-0.004537132568657398,-0.002840164816007018,0.002348782029002905,0.006307142321020365,0.010632014833390713,0.015439771115779877,0.01994539611041546,0.023415056988596916,0.024970246478915215,0.023060310631990433,0.019771145656704903,0.017334245145320892,0.01588098704814911,0.016462227329611778,0.018465109169483185,0.021013934165239334,0.022498290985822678,0.021659476682543755,0.019731704145669937
-0.021957363933324814,-0.017606200650334358,-0.014433667063713074,-0.009551317431032658,-0.00533100962638855,-0.007478969171643257,-0.007846488617360592,-0.01192554086446762,-0.011511498130857944,-0.010202695615589619,-0.008212658576667309,-0.007694999221712351,-0.006389371585100889,-0.005569912027567625,-0.005284451879560947,-0.004818886052817106,-0.003998803906142712,-0.002272253390401602,0.00018685389659367502,0.003481372259557247,0.0040361820720136166,0.0044344039633870125,0.004185561556369066,0.006574247498065233,0.009731917642056942,0.01368609257042408,0.01830880157649517,0.02399189956486225,0.026873549446463585,0.02775975503027439,0.02402450516819954,0.021533966064453125,0.016354430466890335,0.015426573343575,0.01703898422420025,0.017291100695729256,0.01850959286093712,0.018748510628938675,0.017627505585551262,0.01593245565891266
