dougfraga/big_9.json
{"header": {"parameterUnit": "m.s-1", "parameterNumber": 3, "dx": 0.016666000000000736, "dy": 0.016666000000000736, "parameterNumberName": "Northward current", "la1": -22.891645999999998, "la2": -24.0416, "parameterCategory": 2, "lo2": -43.225054, "nx": 95, "ny": 70, "refTime": "2022-12-18 09:00:00", "lo1": -44.79166}, "data":
[rows 18 to 35 of 70, columns 41 to 81 of 95]
0.0005164896138012409,0.01509743183851242,0.013494160026311874,0.01894683577120304,0.018830956891179085,0.01863529160618782,0.017042789608240128,0.0132861053571105,0.01616816036403179,0.011623982340097427,0.0074262735433876514,0.007034828886389732,0.0075650871731340885,0.005855944473296404,0.004888142459094524,0.007869194261729717,0.008255970664322376,0.007662974298000336,0.007795387879014015,0.007835003547370434,0.008237270638346672,0.010147014632821083,0.011570118367671967,0.009470425546169281,0.004440556280314922,0.0014397436752915382,0.001404146896675229,0.005370627157390118,0.0066917771473526955,0.007836602628231049,0.011678903363645077,0.015041438862681389,0.01618093252182007,0.015153647400438786,0.01604219153523445,0.017061589285731316,0.018573226407170296,0.02087673731148243,0.023255320265889168,0.025758663192391396,0.029033029451966286
0.010028744116425514,0.012951280921697617,0.015890059992671013,0.015557411126792431,0.01275281049311161,0.01664033532142639,0.017278045415878296,0.01680637337267399,0.015960615128278732,0.013334494084119797,0.011331300251185894,0.011725352145731449,0.01627957820892334,0.01310447696596384,0.012478307820856571,0.013851462863385677,0.013618452474474907,0.01330630574375391,0.01278113666921854,0.012668687850236893,0.013676662929356098,0.01792241260409355,0.017874455079436302,0.016720101237297058,0.014960803091526031,0.013161170296370983,0.013615344651043415,0.014801369048655033,0.01552486140280962,0.016250798478722572,0.017600074410438538,0.019021963700652122,0.019703809171915054,0.01991361379623413,0.02029859833419323,0.0216993298381567,0.02543823979794979,0.028422126546502113,0.031344566494226456,0.03428953140974045,0.037580303847789764
-0.006767869461327791,-0.0009116632863879204,0.00935344584286213,0.011115342378616333,0.012890888378024101,0.013112020678818226,0.01308325957506895,0.016476914286613464,0.017765114083886147,0.017419444397091866,0.014398722909390926,0.013726036064326763,0.014770225621759892,0.014874373562633991,0.014486394822597504,0.016881227493286133,0.016583813354372978,0.01731521636247635,0.01769760437309742,0.01860642060637474,0.02005361020565033,0.021836260333657265,0.022251147776842117,0.02045726589858532,0.019982939586043358,0.019429078325629234,0.019579779356718063,0.02047066204249859,0.02175980620086193,0.021863773465156555,0.022043772041797638,0.022754162549972534,0.024133319035172462,0.02735741436481476,0.028063859790563583,0.029026208445429802,0.030914006754755974,0.03367149457335472,0.03687925264239311,0.04027861729264259,0.04392467066645622
-0.0011716604931280017,0.0003882347955368459,0.0033888136968016624,0.006745861377567053,0.013347655534744263,0.015191957354545593,0.013488265685737133,0.013940509408712387,0.01431202981621027,0.014027946628630161,0.0134561937302351,0.011360949836671352,0.011645925231277943,0.015484674833714962,0.01597251184284687,0.016639575362205505,0.017652340233325958,0.018829774111509323,0.019986798986792564,0.02109084092080593,0.021237127482891083,0.022638369351625443,0.023612208664417267,0.023970359936356544,0.023408398032188416,0.022947920486330986,0.02294771932065487,0.024061797186732292,0.0271709393709898,0.028016069903969765,0.028615009039640427,0.029685653746128082,0.031028863042593002,0.03278249502182007,0.03333650529384613,0.033770520240068436,0.03515748679637909,0.038096122443675995,0.04177694395184517,0.045704279094934464,0.04974297061562538
0.003878738032653928,0.0022120883222669363,0.003918502479791641,0.005943036172538996,0.009124115109443665,0.011482810601592064,0.012670500203967094,0.011715734377503395,0.010856070555746555,0.010710819624364376,0.013387166894972324,0.01262640580534935,0.013185356743633747,0.014895773492753506,0.015715481713414192,0.016483856365084648,0.017826296389102936,0.019107164815068245,0.02035437524318695,0.020420260727405548,0.022066136822104454,0.023385178297758102,0.024544410407543182,0.02686304599046707,0.026910996064543724,0.027019904926419258,0.027776869013905525,0.029095744714140892,0.03095930628478527,0.03240074962377548,0.03362634778022766,0.0349283404648304,0.03619953989982605,0.03760392591357231,0.0380839928984642,0.03884328901767731,0.0403050035238266,0.04284931346774101,0.04416513070464134,0.047186095267534256,0.05055823549628258
-0.0001848089596023783,0.001533743692561984,0.002539508044719696,0.004052547737956047,0.005785276647657156,0.007983453571796417,0.011913948692381382,0.012259304523468018,0.01232162956148386,0.012534522451460361,0.012931703589856625,0.0127564063295722,0.011927932500839233,0.012412959709763527,0.012931155040860176,0.013478622771799564,0.014409555122256279,0.015579380095005035,0.01779084838926792,0.02090342529118061,0.024777520447969437,0.026748064905405045,0.02814766764640808,0.029302077367901802,0.02977081947028637,0.030497200787067413,0.03170095011591911,0.033340588212013245,0.03515215590596199,0.03695961460471153,0.03893110901117325,0.04056078940629959,0.04192348197102547,0.043057724833488464,0.043821610510349274,0.0434538908302784,0.04404744878411293,0.04544861987233162,0.04690384119749069,0.04884294420480728,0.05162554606795311
-0.0010883290087804198,0.003809241345152259,0.005193821154534817,0.00677257077768445,0.008329754695296288,0.009762722067534924,0.01179520133882761,0.01329511683434248,0.01359621249139309,0.012236839160323143,0.011824498884379864,0.011792002245783806,0.012074957601726055,0.011857268400490284,0.012028567492961884,0.012557480484247208,0.013793827965855598,0.015477597713470459,0.018484989181160927,0.023955820128321648,0.02724972926080227,0.029630884528160095,0.03162074089050293,0.03306078910827637,0.034100987017154694,0.03514929488301277,0.036682840436697006,0.03851693123579025,0.04041580483317375,0.04274885356426239,0.045252442359924316,0.04750191420316696,0.04913608357310295,0.0506744422018528,0.05235879868268967,0.05289485678076744,0.04895222932100296,0.049689676612615585,0.052580881863832474,0.054540954530239105,0.05735495686531067
0.003031004685908556,0.005634987726807594,0.007263410836458206,0.008573001250624657,0.010036767460405827,0.010855120606720448,0.01082734577357769,0.011898038908839226,0.012198657728731632,0.01195747870951891,0.011513341218233109,0.011630496010184288,0.013607770204544067,0.013874041847884655,0.014721971936523914,0.015838416293263435,0.017911531031131744,0.020484743639826775,0.023083150386810303,0.02622903697192669,0.029301026836037636,0.03176020085811615,0.033839933574199677,0.036225076764822006,0.03829798102378845,0.039993226528167725,0.04180726408958435,0.04388372227549553,0.0458846315741539,0.04822833463549614,0.05073640123009682,0.0533100925385952,0.05542752891778946,0.05785385146737099,0.059558238834142685,0.05810750648379326,0.05629666894674301,0.055849358439445496,0.057501401752233505,0.060272518545389175,0.0639025941491127
0.005281184799969196,0.0070241172797977924,0.007680024951696396,0.00746739748865366,0.008453570306301117,0.00910486001521349,0.009703547693789005,0.010024136863648891,0.010598084889352322,0.01207084022462368,0.0119443628937006,0.011825105175375938,0.01256477925926447,0.013948654755949974,0.015147185884416103,0.016336701810359955,0.017924854531884193,0.021448558196425438,0.024249695241451263,0.027036717161536217,0.030019672587513924,0.032704487442970276,0.035477131605148315,0.03815857321023941,0.04091056063771248,0.043475326150655746,0.04540998488664627,0.047674357891082764,0.04932286962866783,0.0483885295689106,0.04981572553515434,0.05124060809612274,0.05301572009921074,0.055868636816740036,0.058440618216991425,0.059027381241321564,0.061128903180360794,0.06112807244062424,0.05997728556394577,0.0612628310918808,0.06399018317461014
0.004347518552094698,0.0051231118850409985,0.00569145055487752,0.006319824140518904,0.006518552545458078,0.007332672830671072,0.009359019808471203,0.009663757868111134,0.01072987075895071,0.011477508582174778,0.011568794026970863,0.011450168676674366,0.011672682128846645,0.012848951853811741,0.013805546797811985,0.01502691488713026,0.015520002692937851,0.018498273566365242,0.02203431911766529,0.026049362495541573,0.0299709253013134,0.03354644402861595,0.037499066442251205,0.0382947213947773,0.0409802570939064,0.04602595791220665,0.04764135181903839,0.047264985740184784,0.04886817932128906,0.049397148191928864,0.04941398650407791,0.05009486526250839,0.05133380740880966,0.0538361519575119,0.05817219614982605,0.06410208344459534,0.062422409653663635,0.06322328746318817,0.062319979071617126,0.06154884770512581,0.0621480718255043
0.004221406765282154,0.004429081920534372,0.005175482016056776,0.007147818338125944,0.007153530139476061,0.007649143226444721,0.008509131148457527,0.009022167883813381,0.009860201738774776,0.010994765907526016,0.01196777168661356,0.012610319070518017,0.012665755115449429,0.012639833614230156,0.013550014235079288,0.014785822480916977,0.01548408530652523,0.018110934644937515,0.022245390340685844,0.0265804510563612,0.03169086575508118,0.03591513633728027,0.03763863071799278,0.03904804587364197,0.040445491671562195,0.043733637779951096,0.0466732531785965,0.04827763885259628,0.05010295286774635,0.05401436984539032,0.055302463471889496,0.057575907558202744,0.058613989502191544,0.05818719416856766,0.06104394420981407,0.0644306093454361,0.06467784196138382,0.06506890803575516,0.06678520888090134,0.0669030249118805,0.0676569789648056
0.007831279188394547,0.007836931385099888,0.007896307855844498,0.008076449856162071,0.007892696186900139,0.007660949602723122,0.007759584579616785,0.008476394228637218,0.009129395708441734,0.01087083388119936,0.012728563509881496,0.014572225511074066,0.015188612043857574,0.015514294616878033,0.016436155885457993,0.017614325508475304,0.019400866702198982,0.02263244055211544,0.026320725679397583,0.027482738718390465,0.03177041932940483,0.03585958108305931,0.03852308914065361,0.04165435954928398,0.04293648153543472,0.043568842113018036,0.04737287387251854,0.052669867873191833,0.05549125373363495,0.058386001735925674,0.05833045765757561,0.060082852840423584,0.06119224429130554,0.062029879540205,0.06320533156394958,0.06561344861984253,0.06906400620937347,0.07065634429454803,0.07290638983249664,0.0738019198179245,0.07256070524454117
0.012182490900158882,0.01306499820202589,0.012291362509131432,0.010827156715095043,0.00978364422917366,0.008463467471301556,0.007641931995749474,0.008072520606219769,0.009668564423918724,0.012137851677834988,0.014649108052253723,0.01684088259935379,0.016496026888489723,0.017235374078154564,0.018198512494564056,0.019389020279049873,0.021425537765026093,0.02410673163831234,0.027239913120865822,0.028899826109409332,0.03121526725590229,0.03459468111395836,0.03967577591538429,0.04334741458296776,0.046300843358039856,0.048906110227108,0.052750371396541595,0.057005420327186584,0.05814562737941742,0.05993759259581566,0.05975279584527016,0.05933311954140663,0.060660604387521744,0.06455844640731812,0.06700273603200912,0.07070063054561615,0.07383378595113754,0.0741511732339859,0.07579910010099411,0.07667332887649536,0.07558243721723557
0.016336433589458466,0.016626711934804916,0.01663270965218544,0.01651805266737938,0.015772445127367973,0.010655757039785385,0.008384346961975098,0.008104507811367512,0.00862247683107853,0.010763494297862053,0.01354732271283865,0.01619129627943039,0.018291736021637917,0.019619591534137726,0.020782701671123505,0.0221853107213974,0.02395973913371563,0.025839578360319138,0.02849600464105606,0.032107725739479065,0.03373754397034645,0.03593119978904724,0.04017176106572151,0.04503144323825836,0.04957873746752739,0.05146341025829315,0.0551229827105999,0.058757271617650986,0.059982020407915115,0.0604100339114666,0.0622238852083683,0.06209626421332359,0.0633501335978508,0.06456723809242249,0.06737013161182404,0.07078059762716293,0.0744103491306305,0.0760205090045929,0.07587160915136337,0.07677232474088669,0.07689516991376877
0.024376245215535164,0.02084209956228733,0.02204345539212227,0.022064819931983948,0.02130298875272274,0.014561203308403492,0.009732375852763653,0.007435206789523363,0.007573696319013834,0.009227081201970577,0.012431062757968903,0.016708387061953545,0.022040463984012604,0.02472984604537487,0.026843545958399773,0.029397429898381233,0.03183358162641525,0.033167850226163864,0.034811943769454956,0.03700708597898483,0.03857995942234993,0.039604369550943375,0.04034602642059326,0.044337015599012375,0.04976159706711769,0.05350613221526146,0.056734152138233185,0.060117457062006,0.06395747512578964,0.06505418568849564,0.06544554978609085,0.06376014649868011,0.06392166763544083,0.06478992104530334,0.06600121408700943,0.06801026314496994,0.07184936851263046,0.07666410505771637,0.07675676792860031,0.07769999653100967,0.07536402344703674
0.025076856836676598,0.026192715391516685,0.02810218371450901,0.02721039205789566,0.02577529288828373,0.020023910328745842,0.013311668299138546,0.008835391141474247,0.009768988937139511,0.011653217487037182,0.015675107017159462,0.021155154332518578,0.025805968791246414,0.02941618114709854,0.03286214545369148,0.036705344915390015,0.04010799154639244,0.04071739688515663,0.039359256625175476,0.03982151299715042,0.0403890535235405,0.04129672050476074,0.042675767093896866,0.04534912109375,0.05008292570710182,0.05657748132944107,0.06134192273020744,0.06534275412559509,0.06885190308094025,0.07103318721055984,0.06854961067438126,0.06527142971754074,0.06285635381937027,0.06339525431394577,0.06435862183570862,0.06652424484491348,0.07053142040967941,0.07467043399810791,0.07570858299732208,0.07600183039903641,0.0735526755452156
0.02147783897817135,0.028143392875790596,0.03191628307104111,0.0330536775290966,0.032978493720293045,0.026143111288547516,0.018732892349362373,0.013447041623294353,0.013314270414412022,0.015565971843898296,0.02035495825111866,0.025928622111678123,0.029064349830150604,0.03212279826402664,0.03511105850338936,0.0383925586938858,0.041399892419576645,0.042100951075553894,0.04221395403146744,0.04178101196885109,0.04185041785240173,0.04380957782268524,0.04847216606140137,0.05171531066298485,0.05588902160525322,0.061464227735996246,0.06709982454776764,0.07204234600067139,0.07470174878835678,0.07392947375774384,0.07021744549274445,0.0664491280913353,0.062317121773958206,0.06033560633659363,0.062025077641010284,0.06533899903297424,0.06961584091186523,0.0734642893075943,0.07556694746017456,0.07607363164424896,0.07517863065004349
0.024675505235791206,0.028591254726052284,0.03431079909205437,0.038697585463523865,0.03576317057013512,0.030117467045783997,0.020392609760165215,0.01700722984969616,0.01748731918632984,0.02020784094929695,0.02319209836423397,0.02782110683619976,0.03129947930574417,0.03370106965303421,0.03568873926997185,0.037244610488414764,0.03879764303565025,0.04051487520337105,0.04436129704117775,0.0461798831820488,0.047950759530067444,0.04896296188235283,0.05155622586607933,0.05472777783870697,0.05908789485692978,0.06530424952507019,0.07359631359577179,0.07844877243041992,0.0791168287396431,0.07453400641679764,0.07119882851839066,0.06618757545948029,0.06250683963298798,0.06070084124803543,0.05985969677567482,0.0616128146648407,0.06431853026151657,0.06718646734952927,0.0700666606426239,0.0732734277844429,0.07877924293279648
