dougfraga/big_20.json
{"header": {"parameterUnit": "m.s-1", "parameterNumber": 3, "dx": 0.016666000000000736, "dy": 0.016666000000000736, "parameterNumberName": "Northward current", "la1": -22.891645999999998, "la2": -24.0416, "parameterCategory": 2, "lo2": -43.225054, "nx": 95, "ny": 70, "refTime": "2022-12-18 20:00:00", "lo1": -44.79166}, "data":
[rows 0 to 17 of 70, columns 41 to 81 of 95]
0.0,0.0,0.0,0.0,0.0,0.0,0.0,0.0,0.0,0.0,0.0,0.0,0.0,0.0,0.0,0.0,0.0,0.0,0.0,0.0,0.0,0.0,0.0,0.0,0.0,0.0,0.0,0.0,0.0,0.0,0.0,0.0,0.0,0.0,0.0,0.0,0.0,0.0,0.0,0.0,0.0
0.0,0.0,0.0,0.0,0.0,0.0,0.0,0.0,0.0,0.0,0.0,0.0,0.0,0.0,0.0,0.0,0.0,0.0,0.0,0.0,0.0,0.0,0.0,0.0,0.0,0.0,0.0,0.0,0.0,0.0,0.0,0.0,0.0,0.0,0.0,0.0,0.0,0.0,0.0,0.0,0.0
0.0,0.0,0.0,0.0,0.0,0.0,0.0,0.0,0.0,0.0,0.0,0.0,0.0,0.0,0.002404964528977871,0.0,0.0,0.0,0.0,0.0,0.0,0.0,0.0,0.0,0.0,0.0,0.0,0.0,0.0,0.0,0.0,0.0,0.0,0.0,0.0,0.0,0.0,0.0,0.0,0.0,0.0
0.0,0.0,0.0,0.0,0.0,0.0,0.0,0.0,0.0,-0.0018843775615096092,0.0,0.0,0.0,0.0,0.006549323443323374,0.002616008510813117,0.0,0.008100459352135658,0.004247947130352259,0.0,0.0,0.0,0.0,0.0,0.0,0.0,0.0,0.0,0.0,0.0,0.0,0.0,0.0,0.0,0.0,0.0,0.0,0.0,0.0,0.0,0.0
0.0,0.0,-0.0003764595021493733,-0.00023338601749856025,0.0,0.0,0.011226960457861423,0.0036954227834939957,-0.00016883834905456752,-0.005291508510708809,-0.010210332460701466,-0.01956348307430744,0.0,0.0,0.01807764358818531,0.01027465146034956,0.004011206328868866,0.013740607537329197,0.008967679925262928,0.002682087477296591,0.0026063749101012945,0.0028028935194015503,0.0,0.0,0.0,0.0,0.0,0.0,0.0,0.0,0.0,0.0,0.0,0.0,0.0,0.0,0.0,0.0,0.0,0.0,0.0
0.0,0.0,-0.0013589755399152637,-0.005165795795619488,0.0,0.02817157655954361,0.03247286379337311,0.013617602176964283,0.003116178559139371,-0.0035089035518467426,-0.013188540004193783,-0.026631440967321396,-0.002008951734751463,-0.003447246737778187,0.015088805928826332,0.009858463890850544,0.0063172816298902035,0.00891872588545084,0.008459492586553097,0.006693038158118725,0.008012477308511734,0.010842345654964447,0.010632096789777279,0.0,0.0,0.0,0.0,0.0,0.0,0.0,0.0,0.0,0.0,0.0,0.0,0.0,0.0,0.0,0.0,0.0,0.0
0.0,0.0,0.019370103254914284,0.007143388036638498,0.012987631373107433,0.0501696802675724,0.040266986936330795,0.024671904742717743,0.0118897445499897,0.002404052298516035,-0.005550120957195759,-0.012685522437095642,-0.009772174060344696,-0.009547702968120575,-0.002390182577073574,-9.417470573680475e-05,0.001269607455469668,0.0035875265020877123,0.005152443889528513,0.0069765797816216946,0.010669122450053692,0.01796487718820572,0.0284736268222332,0.02263847552239895,0.0,0.0,0.0,0.0,0.0,0.0,0.0,0.0,0.0,0.0,0.0,0.0,0.0,0.0,0.0,0.0,0.0
0.0,0.018190911039710045,0.040149446576833725,0.03034054860472679,0.035075291991233826,0.050171706825494766,0.04405661299824715,0.031680669635534286,0.013302554376423359,-0.0013080935459583998,-0.009486672468483448,-0.013005253858864307,-0.015037770383059978,-0.01293990295380354,-0.010304397903382778,-0.007901421748101711,-0.005443493369966745,-0.0031590641010552645,-0.00065678107785061,0.002855403581634164,0.007461515720933676,0.015512886457145214,0.02858315035700798,0.03733071684837341,0.012695123441517353,0.019236018881201744,0.029535023495554924,0.0,0.0,0.0,0.0,0.0,0.0,0.0,0.0,0.0,0.0,0.0,0.0,0.0,0.0
0.008321456611156464,0.038219038397073746,0.046810079365968704,0.04563695564866066,0.05119014158844948,0.0608031339943409,0.054353225976228714,0.043345045298337936,0.003164677880704403,-0.009410586208105087,-0.017907943576574326,-0.01760939322412014,-0.014228446409106255,-0.010938618332147598,-0.013985611498355865,-0.012471016496419907,-0.010961252264678478,-0.010795165784657001,-0.008508049882948399,-0.0050251721404492855,-0.0012252555461600423,0.0030583112966269255,0.009592801332473755,0.01839076541364193,0.0170358344912529,0.024745404720306396,0.036853209137916565,0.0025109003763645887,-3.84793384000659e-05,-0.0019271384226158261,-0.002235257998108864,0.04026235267519951,0.0,0.0,0.0,0.0,0.0,0.0,0.0,0.0,0.0
0.02082941308617592,0.036038052290678024,0.05489226430654526,0.054733142256736755,0.05807808041572571,0.06376611441373825,0.059607941657304764,0.06144025921821594,-0.0015331482281908393,-0.005596667993813753,-0.032341472804546356,-0.024903511628508568,-0.013665422797203064,0.0001463230437366292,-0.007226916030049324,-0.00686359079554677,-0.006554226391017437,-0.019032560288906097,-0.01476313080638647,-0.011705382727086544,-0.010829889215528965,-0.014080743305385113,-0.017950307577848434,0.0036985264159739017,0.004340711981058121,0.005509384907782078,0.007318186108022928,0.0025109003763645887,-3.84793384000659e-05,-0.0019271384226158261,-0.002235257998108864,0.09217367321252823,0.040528830140829086,0.0,0.0,0.0,0.0,0.0,0.0,-0.015454006381332874,-0.018837569281458855
0.025198036804795265,0.029467880725860596,0.054937638342380524,0.057447366416454315,0.05856001749634743,0.06206388399004936,0.05557112768292427,0.03502615541219711,0.0,0.0,-0.021348288282752037,-0.014681806787848473,-0.006711524445563555,0.004245494492352009,0.0,0.0,0.0,-0.011705406941473484,-0.008324546739459038,-0.0067904358729720116,-0.0074061378836631775,-0.01155159343034029,-0.016801489517092705,0.0,0.0,0.0,0.0,0.0,0.0,0.0,0.0,0.09943671524524689,0.09217492491006851,0.0,0.0,0.0,-0.019412219524383545,-0.019137701019644737,-0.019718514755368233,-0.02929680421948433,-0.035463135689496994
0.024416053667664528,0.02608547732234001,0.055193182080984116,0.06441989541053772,0.06423433125019073,0.06987595558166504,0.02528087981045246,0.0,0.0,0.0,0.0,0.0,0.0,0.0,0.0,0.0,0.0,0.0,0.0,0.0,0.0,0.0,0.0,-0.012702591717243195,-0.008868448436260223,-0.013406443409621716,-0.014489471912384033,-0.01180291548371315,-0.01240959856659174,-0.01237319316715002,-0.010764838196337223,0.061684660613536835,0.07246805727481842,0.0,-0.021009504795074463,-0.020266618579626083,-0.033012356609106064,-0.03277381509542465,-0.03621350973844528,-0.030509844422340393,-0.026954693719744682
0.024817872792482376,0.02941293828189373,0.05684905871748924,0.06976768374443054,0.07359978556632996,0.07406789809465408,0.0,0.0,0.0,0.0,0.0,0.0,-0.012819317169487476,-0.012535871006548405,-0.013346640393137932,-0.014032987877726555,-0.014245410449802876,-0.011835968121886253,-0.013467502780258656,-0.014293687418103218,-0.014027261175215244,-0.013124463148415089,-0.012697895988821983,-0.025759555399417877,-0.021272925660014153,-0.022556595504283905,-0.023031452670693398,-0.018106354400515556,-0.02257511578500271,-0.02043517865240574,-0.009034068323671818,0.02141660824418068,0.01945904642343521,-0.017357798293232918,-0.03944477438926697,-0.038693055510520935,-0.03241955488920212,-0.030868912115693092,-0.02485322207212448,-0.024394111707806587,-0.023478811606764793
0.032384514808654785,0.045223917812108994,0.06342855095863342,0.07474765181541443,0.08239664137363434,0.07509739696979523,0.0,0.0,-0.015882030129432678,-0.011422837153077126,-0.011662778444588184,-0.013387505896389484,-0.020441848784685135,-0.01952197775244713,-0.02007146365940571,-0.02023238129913807,-0.021201519295573235,-0.01958771049976349,-0.022787297144532204,-0.024437708780169487,-0.024068374186754227,-0.0222458578646183,-0.01987735740840435,-0.011734605766832829,-0.00955936312675476,-0.007224441971629858,-0.006797344423830509,-0.00539194792509079,-0.0032467555720359087,0.0001694221282377839,0.014148041605949402,0.0217415951192379,0.009518985636532307,-0.019157567992806435,-0.028327492997050285,-0.032115109264850616,-0.034330468624830246,-0.032450832426548004,-0.02150442637503147,-0.020614737644791603,-0.01948002353310585
0.044984057545661926,0.05966591835021973,0.058781545609235764,0.06346462666988373,0.07784989476203918,0.06496691703796387,0.003919902723282576,-0.001838395488448441,-0.02014787122607231,-0.018277203664183617,-0.019689789041876793,-0.016529295593500137,-0.008962880820035934,-0.007069577928632498,-0.005146820098161697,-0.0030621306505054235,-0.002251268830150366,-0.0029247866477817297,-0.01034903060644865,-0.01277429610490799,-0.013597349636256695,-0.013293126598000526,-0.011378898285329342,-0.0018911572406068444,-0.0005191417294554412,0.008385727182030678,0.009506725706160069,0.005879122763872147,0.012874631211161613,0.014573788270354271,0.019765207543969154,0.0220271497964859,0.017305420711636543,0.004822071176022291,-0.010206438601016998,-0.01770404726266861,-0.020848460495471954,-0.020917071029543877,-0.021086035296320915,-0.020150260999798775,-0.01206678431481123
0.04586312547326088,0.045747410506010056,0.03816162422299385,0.03955331817269325,0.05674679949879646,0.04453384876251221,0.011875404044985771,-0.0011924576247110963,-0.002816797001287341,-0.005711001809686422,-0.0067983404733240604,-0.001017050351947546,-0.003088532015681267,-0.0033161421306431293,-0.002430183347314596,-0.0013695585075765848,0.0001742265303619206,0.001413447200320661,0.002527006668969989,0.0017518376698717475,0.0010012155398726463,-0.002675495808944106,-0.0034416676498949528,-0.003028400242328644,-0.0038456523325294256,0.006758042611181736,0.00853803288191557,0.011746574193239212,0.013791589066386223,0.015884121879935265,0.018647214397788048,0.015591095201671124,0.012795473448932171,0.01075590681284666,-0.0008725141524337232,-0.008605392649769783,-0.011752977035939693,-0.012118474580347538,-0.009611289016902447,-0.008535620756447315,-0.006415687035769224
0.04294152557849884,0.02500404231250286,0.027369052171707153,0.027976159006357193,0.03388042002916336,0.029220199212431908,0.019277503713965416,0.009685053490102291,0.004571184050291777,0.00029827276011928916,-0.0028856920544058084,-0.0031955945305526257,-0.0013497447362169623,-0.0013015912845730782,-0.001749282469972968,-0.00503051932901144,-0.006107702851295471,-0.005019470117986202,0.0023209548089653254,0.0021930562797933817,0.002752173226326704,0.005221046507358551,0.004218864254653454,0.0035340420436114073,0.0033316928893327713,0.005461278837174177,0.006682995706796646,0.011133951134979725,0.011927671730518341,0.01333277765661478,0.015608347952365875,0.01600177399814129,0.012975404970347881,0.00907067023217678,0.0023760292679071426,-0.0033988244831562042,-0.005856928415596485,-0.004980613011866808,0.0009749016026034951,0.001908316626213491,0.003573249327018857
0.01900550350546837,0.018579810857772827,0.022344671189785004,0.02664223127067089,0.027056807652115822,0.024183882400393486,0.02143806219100952,0.014146867208182812,0.009135665372014046,0.0036137665156275034,0.00017743361240718514,-0.001105848583392799,0.0013110635336488485,0.0008525568409822881,-0.0004119513905607164,0.000582562293857336,-0.0010522579541429877,-0.0010071699507534504,0.0007892517023719847,0.001360447844490409,0.002386989537626505,0.006951211951673031,0.005774838384240866,0.0047609140165150166,0.004276334308087826,0.004911887459456921,0.0056819552555680275,0.007876241579651833,0.007659364026039839,0.007550745736807585,0.008949893526732922,0.013392768800258636,0.012008735910058022,0.010050959885120392,0.007865955121815205,0.005676082335412502,0.003319655079394579,0.00431239465251565,0.005927988328039646,0.006279957480728626,0.007110296748578548
