dougfraga/big_13.json
{"header": {"parameterUnit": "m.s-1", "parameterNumber": 2, "dx": 0.016666000000000736, "dy": 0.016666000000000736, "parameterNumberName": "Eastward current", "la1": -22.891645999999998, "la2": -24.0416, "parameterCategory": 2, "lo2": -43.225054, "nx": 95, "ny": 70, "refTime": "2022-12-18 13:00:00", "lo1": -44.79166}, "data":
[rows 0 to 18 of 70, columns 42 to 83 of 95]
0.0,0.0,0.0,0.0,0.0,0.0,0.0,0.0,0.0,0.0,0.0,0.0,0.0,0.0,0.0,0.0,0.0,0.0,0.0,0.0,0.0,0.0,0.0,0.0,0.0,0.0,0.0,0.0,0.0,0.0,0.0,0.0,0.0,0.0,0.0,0.0,0.0,0.0,0.0,0.0,0.0,0.0
0.0,0.0,0.0,0.0,0.0,0.0,0.0,0.0,0.0,0.0,0.0,0.0,0.0,0.0,0.0,0.0,0.0,0.0,0.0,0.0,0.0,0.0,0.0,0.0,0.0,0.0,0.0,0.0,0.0,0.0,0.0,0.0,0.0,0.0,0.0,0.0,0.0,0.0,0.0,0.0,0.0,0.0
0.0,0.0,0.0,0.0,0.0,0.0,0.0,0.0,0.0,0.0,0.0,0.0,0.0,-3.3655600980521606e-19,0.0,0.0,0.0,0.0,0.0,0.0,0.0,0.0,0.0,0.0,0.0,0.0,0.0,0.0,0.0,0.0,0.0,0.0,0.0,0.0,0.0,0.0,0.0,0.0,0.0,0.0,0.0,0.0
0.0,0.0,0.0,0.0,0.0,0.0,0.0,0.0,-7.649540381185596e-19,0.0,0.0,0.0,0.0,0.00042007770389318466,0.00042007770389318466,0.0,-0.0018826237646862864,-0.0018826237646862864,0.0,0.0,0.0,0.0,0.0,0.0,0.0,0.0,0.0,0.0,0.0,0.0,0.0,0.0,0.0,0.0,0.0,0.0,0.0,0.0,0.0,0.0,0.0,0.0
0.0,-0.0005602664896287024,-0.0005602664896287024,0.0,0.0,0.0049991183914244175,0.006530705373734236,-0.00012169474211987108,-0.002464067656546831,-0.006661429535597563,-0.005850643385201693,0.0,0.0,-0.0022143234964460135,-0.004476192407310009,-0.004478409420698881,-0.0006329433526843786,0.006360857747495174,0.008430245332419872,0.003956523723900318,0.00030353895272128284,0.0,0.0,0.0,0.0,0.0,0.0,0.0,0.0,0.0,0.0,0.0,0.0,0.0,0.0,0.0,0.0,0.0,0.0,0.0,0.0,0.0
0.0,-0.0010648855241015553,-0.0010648855241015553,0.0,-0.0015621143393218517,-0.0042782314121723175,-0.00765252998098731,-0.011315776035189629,-0.013540145941078663,-0.01900063455104828,-0.026514766737818718,-0.029740773141384125,-0.02759096771478653,-0.017892926931381226,-0.007562930695712566,-0.002242787042632699,0.0026840739883482456,0.007400451693683863,0.009864323772490025,0.011594032868742943,0.013955900445580482,0.007557486649602652,0.0,0.0,0.0,0.0,0.0,0.0,0.0,0.0,0.0,0.0,0.0,0.0,0.0,0.0,0.0,0.0,0.0,0.0,0.0,0.0
0.0,-0.0027482928708195686,-0.004819787573069334,-0.004969995468854904,-0.004027987830340862,-0.0024259458296000957,-0.006760986987501383,-0.017211778089404106,-0.025466499850153923,-0.023816348984837532,-0.023082135245203972,-0.02559339441359043,-0.021204203367233276,-0.012755260802805424,-0.0050842296332120895,0.0007595245260745287,0.005724831484258175,0.010205144062638283,0.014129441231489182,0.018429353833198547,0.025456642732024193,0.03214165195822716,0.01714957505464554,0.0,0.0,0.0,0.0,0.0,0.0,0.0,0.0,0.0,0.0,0.0,0.0,0.0,0.0,0.0,0.0,0.0,0.0,0.0
-0.001975859282538295,-0.0010433298302814364,0.0024739294312894344,0.0009587929234839976,-0.0023973858915269375,-0.007962754927575588,-0.01789258047938347,-0.025534629821777344,-0.02774352766573429,-0.027422046288847923,-0.024369364604353905,-0.020208479836583138,-0.015292852185666561,-0.00850171223282814,-0.0022483617067337036,0.0032717359717935324,0.008354108780622482,0.013177952729165554,0.018254412338137627,0.024816477671265602,0.036027174443006516,0.05274226516485214,0.07457032054662704,0.08204000443220139,0.06607069820165634,0.02749643474817276,0.0,0.0,0.0,0.0,0.0,0.0,0.0,0.0,0.0,0.0,0.0,0.0,0.0,0.0,0.0,0.0
0.009331165812909603,0.01021790225058794,0.008498609997332096,0.002482637297362089,-0.008389974944293499,-0.013489820994436741,-0.01848948746919632,-0.026565376669168472,-0.029763372614979744,-0.030804229900240898,-0.0258523877710104,-0.017629126086831093,-0.010259680449962616,-0.004562741611152887,0.00038546285941265523,0.006337652914226055,0.011694436892867088,0.016342008486390114,0.022554870694875717,0.03049067221581936,0.04259788990020752,0.06273113936185837,0.08207128942012787,0.08970879018306732,0.09157058596611023,0.10292968899011612,0.10918119549751282,0.10215113312005997,0.09450186043977737,0.07456126809120178,0.029561035335063934,0.0,0.0,0.0,0.0,0.0,0.0,0.0,0.0,0.0,0.0,0.0
0.0016465828521177173,-0.00030157240689732134,0.0037364051677286625,0.0009153689024969935,-0.008757310919463634,-0.014989911578595638,-0.02589636668562889,-0.034610096365213394,-0.03494691848754883,-0.030252773314714432,-0.0221116840839386,-0.015430191531777382,-0.0107814846560359,-0.007436592597514391,-0.001661120681092143,0.008152992464601994,0.014988725073635578,0.018116870895028114,0.02371974289417267,0.03195103257894516,0.04545942693948746,0.07044888287782669,0.08903225511312485,0.09428135305643082,0.1011744886636734,0.11198209971189499,0.11780956387519836,0.11425594985485077,0.10919256508350372,0.10359534621238708,0.07474848628044128,0.024535810574889183,0.0,0.0,0.0,0.0,0.0,0.0,0.01608545333147049,0.03901124745607376,0.041466984897851944,0.03824084624648094
0.0021528692450374365,0.004978441633284092,0.006445882376283407,0.0003947308287024498,-0.006859444081783295,-0.014529316686093807,-0.008348455652594566,0.0,0.0,-0.005413707811385393,-0.01184663362801075,-0.012218899093568325,-0.005785973276942968,0.0,0.0,0.0,0.0013406024081632495,0.007278631906956434,0.01769927702844143,0.02811240777373314,0.02953660488128662,0.013185445219278336,0.0,0.0,0.0,0.0,0.0,0.0,0.0,0.0,-0.003467796603217721,-0.003467796603217721,0.0,0.0,0.0,0.020958950743079185,0.04796592891216278,0.059902310371398926,0.06359151005744934,0.05938773229718208,0.05790145695209503,0.07039085030555725
0.0058782207779586315,0.004238673020154238,0.0056418441236019135,0.00036773306783288717,-0.012738369405269623,-0.00989888422191143,0.0,0.0,0.0,0.0,0.0,0.0,0.0,0.0,0.0,0.0,0.0,0.0,0.0,0.0,0.0,0.0,0.017719969153404236,0.03143971040844917,0.030100977048277855,0.037965282797813416,0.04037792980670929,0.038111284375190735,0.033454690128564835,0.028970209881663322,0.0280094463378191,0.013176524080336094,0.0,0.010900761932134628,0.034035008400678635,0.04202524572610855,0.051660776138305664,0.06601469963788986,0.07313896715641022,0.0751550942659378,0.07081013917922974,0.07433144748210907
0.007528216112405062,0.005156298633664846,0.007133659441024065,0.0025342702865600586,-0.0011092724744230509,0.0,0.0,0.0,0.0,0.0,0.0,0.011067580431699753,0.025402987375855446,0.029925718903541565,0.03280910849571228,0.03849071264266968,0.036449287086725235,0.031575970351696014,0.033602405339479446,0.03463416546583176,0.03464827686548233,0.03912969306111336,0.04320801794528961,0.04330401495099068,0.048491526395082474,0.05441715940833092,0.055372659116983414,0.0555003359913826,0.05453680828213692,0.04857799783349037,0.04879795014858246,0.0727027952671051,0.082018181681633,0.070229172706604,0.0649118423461914,0.0565820038318634,0.0685865730047226,0.08189921826124191,0.0759667381644249,0.07316425442695618,0.07655862718820572,0.08606501668691635
0.011676881462335587,0.010289746336638927,0.01307482086122036,0.01638125255703926,0.009011808782815933,0.0,0.0,0.019450878724455833,0.03563983365893364,0.0345827080309391,0.04152349382638931,0.03833363950252533,0.03155355155467987,0.033487699925899506,0.0341002382338047,0.034043386578559875,0.03254443034529686,0.031339578330516815,0.03186070919036865,0.03169439360499382,0.03210753574967384,0.04503919556736946,0.06141708418726921,0.0638711154460907,0.05919457599520683,0.05662073567509651,0.06092249974608421,0.060758866369724274,0.05602273344993591,0.05670274794101715,0.06419970095157623,0.07730250805616379,0.07734047621488571,0.06052602082490921,0.058061450719833374,0.07149489223957062,0.08011221885681152,0.08334007859230042,0.08699272572994232,0.0830252394080162,0.07819627225399017,0.08337580412626266
0.011211920529603958,0.01420588232576847,0.025277120992541313,0.03465338423848152,0.043327536433935165,0.047786470502614975,0.051694393157958984,0.049850888550281525,0.03997468203306198,0.042309295386075974,0.04175873100757599,0.03750893473625183,0.03778805583715439,0.038516633212566376,0.038786984980106354,0.03840629383921623,0.03640248626470566,0.03466217592358589,0.03445759415626526,0.03425128012895584,0.03389778733253479,0.03503621369600296,0.03840136155486107,0.04615729674696922,0.055595654994249344,0.06036544591188431,0.052135493606328964,0.040988340973854065,0.03982069715857506,0.04168764874339104,0.046755872666835785,0.06633506715297699,0.07862783968448639,0.0734565332531929,0.07203996181488037,0.07441390305757523,0.07697641849517822,0.07857776433229446,0.08115240931510925,0.08279527723789215,0.08512868732213974,0.0924682766199112
0.017527442425489426,0.02461150474846363,0.0317288376390934,0.04779503494501114,0.06237279251217842,0.06021050363779068,0.05429284647107124,0.05110102891921997,0.04520019516348839,0.04448569938540459,0.04285194352269173,0.04070770740509033,0.040300652384757996,0.040717244148254395,0.04081886261701584,0.04128149896860123,0.04511558264493942,0.04320623353123665,0.038611914962530136,0.03919215127825737,0.038093652576208115,0.03743690997362137,0.0382198728621006,0.03954430669546127,0.04195437207818031,0.04679747670888901,0.04351205751299858,0.03834444656968117,0.051347631961107254,0.0667496919631958,0.06945030391216278,0.06984054297208786,0.07189764082431793,0.07238424569368362,0.07326024025678635,0.07610119879245758,0.08189411461353302,0.08250244706869125,0.08166855573654175,0.08631588518619537,0.09081539511680603,0.09458714723587036
0.02477608062326908,0.03158626705408096,0.03892422839999199,0.04961097985506058,0.06827524304389954,0.07465764880180359,0.06247243285179138,0.052360739558935165,0.04894763231277466,0.04811513423919678,0.05007464811205864,0.047998636960983276,0.04398471489548683,0.044694121927022934,0.044069863855838776,0.043478332459926605,0.044022444635629654,0.0434122197329998,0.043241143226623535,0.0466635636985302,0.044448453933000565,0.04046766459941864,0.04203129932284355,0.04305456951260567,0.043258246034383774,0.04268558695912361,0.04138720780611038,0.04120364412665367,0.0464814193546772,0.062351666390895844,0.07233813405036926,0.07098649442195892,0.07190714031457901,0.07349231094121933,0.07531966269016266,0.07789265364408493,0.0799465924501419,0.08119162172079086,0.0842859223484993,0.0889834389090538,0.0934065580368042,0.09775901585817337
0.030639974400401115,0.0392480231821537,0.057203810662031174,0.06520736962556839,0.07293584197759628,0.0754968598484993,0.07623430341482162,0.07507085055112839,0.0694977194070816,0.05991734191775322,0.05165673792362213,0.04906681925058365,0.048509858548641205,0.05168931558728218,0.04961748048663139,0.04562457278370857,0.046914465725421906,0.0473928302526474,0.046922989189624786,0.04716832935810089,0.04679675027728081,0.04611574858427048,0.046396009624004364,0.046633582562208176,0.04710014909505844,0.04948946833610535,0.04955200478434563,0.05539018288254738,0.06674237549304962,0.0702778622508049,0.0705934688448906,0.07112814486026764,0.07239579409360886,0.07447514683008194,0.07676379382610321,0.07911711931228638,0.0814446210861206,0.08426692336797714,0.08788255602121353,0.09227654337882996,0.09919334948062897,0.10389123857021332
0.026413464918732643,0.046809952706098557,0.06252867728471756,0.07594913244247437,0.08078359812498093,0.07859378308057785,0.07758460938930511,0.07548349350690842,0.07335531711578369,0.06885755807161331,0.070143923163414,0.07214229553937912,0.06928237527608871,0.06685786694288254,0.05781970173120499,0.050701804459095,0.05008763074874878,0.0501256138086319,0.051301658153533936,0.060414936393499374,0.06689169257879257,0.06552453339099884,0.06571830064058304,0.06594285368919373,0.06460052728652954,0.0635729432106018,0.06590757519006729,0.06763234734535217,0.0683073103427887,0.07001949846744537,0.07134781777858734,0.07224175333976746,0.07363682240247726,0.07640177011489868,0.08138768374919891,0.08443174511194229,0.08665347844362259,0.09122293442487717,0.0955086424946785,0.09917724132537842,0.10259491950273514,0.1058039665222168
