dougfraga/big_8.json
{"header": {"parameterUnit": "m.s-1", "parameterNumber": 2, "dx": 0.016666000000000736, "dy": 0.016666000000000736, "parameterNumberName": "Eastward current", "la1": -22.891645999999998, "la2": -24.0416, "parameterCategory": 2, "lo2": -43.225054, "nx": 95, "ny": 70, "refTime": "2022-12-18 08:00:00", "lo1": -44.79166}, "data":
[rows 38 to 56 of 70, columns 42 to 83 of 95]
0.07415574043989182,0.07181169837713242,0.06775929033756256,0.058054931461811066,0.047920629382133484,0.04552632197737694,0.04697554185986519,0.049836236983537674,0.05379722639918327,0.057300668209791183,0.05928584188222885,0.06004292890429497,0.05995944142341614,0.0604168102145195,0.06334858387708664,0.06589395552873611,0.06853890419006348,0.0722251832485199,0.07462043315172195,0.07648161798715591,0.07806777209043503,0.0799083560705185,0.08199714124202728,0.08423887193202972,0.0855712741613388,0.08622530102729797,0.09449277818202972,0.10646641999483109,0.11663912981748581,0.11433214694261551,0.102485291659832,0.09668803960084915,0.09330541640520096,0.09186826646327972,0.0920766219496727,0.09373513609170914,0.0958126112818718,0.09737826138734818,0.10170713067054749,0.10765232890844345,0.10946016758680344,0.10754866153001785
0.07201441377401352,0.0638987198472023,0.05523096024990082,0.046656765043735504,0.0436444915831089,0.044398341327905655,0.04596656933426857,0.04945553094148636,0.0529446043074131,0.05572182312607765,0.05691615119576454,0.057305674999952316,0.059665217995643616,0.061462629586458206,0.06251637637615204,0.06485602259635925,0.0678001418709755,0.07100489735603333,0.07317580282688141,0.07469119876623154,0.07631877064704895,0.07854033261537552,0.08120410144329071,0.08400572836399078,0.08754979819059372,0.09327523410320282,0.10202585905790329,0.11099445819854736,0.11696459352970123,0.1143641248345375,0.10950703918933868,0.10320737957954407,0.09457513689994812,0.09141379594802856,0.09096094965934753,0.09314786642789841,0.09513796865940094,0.09698794037103653,0.10192921757698059,0.10565727949142456,0.10596233606338501,0.10510154068470001
0.06125154346227646,0.05352512001991272,0.04831685498356819,0.044116709381341934,0.041728414595127106,0.04274719953536987,0.045184701681137085,0.048398423939943314,0.05126631632447243,0.0536344088613987,0.05632065236568451,0.057589635252952576,0.05809350311756134,0.059397902339696884,0.06070994213223457,0.0630635991692543,0.06633568555116653,0.0694236233830452,0.07143725454807281,0.07282683998346329,0.07464268058538437,0.07730241119861603,0.08071430772542953,0.08462731540203094,0.08963403850793839,0.09628891944885254,0.10328663885593414,0.10913235694169998,0.11392617225646973,0.11809282004833221,0.11525288224220276,0.10565082728862762,0.09718646109104156,0.0920383632183075,0.09141714125871658,0.09374906122684479,0.09514422714710236,0.09772717207670212,0.10131718218326569,0.10186310112476349,0.10186072438955307,0.098594069480896
0.05829246714711189,0.05310721695423126,0.0480191707611084,0.045031920075416565,0.043130166828632355,0.04305046796798706,0.04458014667034149,0.0466124452650547,0.04939354956150055,0.05401989445090294,0.05694293975830078,0.056916095316410065,0.057289592921733856,0.058090195059776306,0.05978521332144737,0.06279267370700836,0.0657007023692131,0.06815565377473831,0.07098124176263809,0.07395219802856445,0.07566364854574203,0.07752455770969391,0.08233888447284698,0.09039444476366043,0.0955611914396286,0.09872876852750778,0.1045292466878891,0.10990691930055618,0.11315175890922546,0.11374059319496155,0.11060731112957001,0.10433296114206314,0.09869860857725143,0.09597863256931305,0.09191954880952835,0.08278791606426239,0.07668352127075195,0.07882803678512573,0.08124179393053055,0.08086008578538895,0.0802931860089302,0.07903095334768295
0.05845106765627861,0.05471131205558777,0.05108841136097908,0.048155345022678375,0.04522692412137985,0.04337991401553154,0.043654996901750565,0.045996107161045074,0.05146394670009613,0.05528714507818222,0.0559784397482872,0.05671341344714165,0.05730815604329109,0.05820394679903984,0.05992976948618889,0.062351293861866,0.0652221143245697,0.06962233781814575,0.0745277851819992,0.07717270404100418,0.08011790364980698,0.08323904126882553,0.08598828315734863,0.09098439663648605,0.09580828249454498,0.0999319851398468,0.10429123044013977,0.10738874971866608,0.1082574725151062,0.10762567073106766,0.10751650482416153,0.10348829627037048,0.09130465984344482,0.08136387914419174,0.07726408541202545,0.07452425360679626,0.07396702468395233,0.0763402134180069,0.07703721523284912,0.07540655881166458,0.07504157721996307,0.07428349554538727
0.05735429748892784,0.05443813279271126,0.05143492668867111,0.048599015921354294,0.045757971704006195,0.04500235244631767,0.048279769718647,0.05122056603431702,0.05288271978497505,0.054658807814121246,0.05551789700984955,0.05634878948330879,0.05733341723680496,0.05825025215744972,0.05981430038809776,0.0626002699136734,0.06747143715620041,0.07381643354892731,0.07792505621910095,0.08127341419458389,0.08320882171392441,0.08351277559995651,0.08576932549476624,0.08975600451231003,0.09429934620857239,0.098490871489048,0.10151853412389755,0.1026945486664772,0.10348901152610779,0.10576149821281433,0.10439804196357727,0.09303228557109833,0.08245237171649933,0.07832398265600204,0.07577581703662872,0.07481776922941208,0.07419462502002716,0.07616441696882248,0.07689380645751953,0.07426334917545319,0.0728614404797554,0.07153868675231934
0.05543668568134308,0.05306808650493622,0.05015721544623375,0.048024989664554596,0.04868917539715767,0.04913873225450516,0.04961976036429405,0.05170748010277748,0.053246233612298965,0.05408328399062157,0.05470750480890274,0.05549521744251251,0.05643331632018089,0.05746440216898918,0.06071348860859871,0.06602045893669128,0.07185561954975128,0.0763055607676506,0.0801277682185173,0.08235817402601242,0.0817069336771965,0.08218022435903549,0.08429321646690369,0.08820678293704987,0.09271416068077087,0.09624611586332321,0.09824709594249725,0.09974909573793411,0.10117948800325394,0.09854485094547272,0.09059897810220718,0.08328613638877869,0.08012435585260391,0.07721925526857376,0.07440651953220367,0.07423663139343262,0.07569745928049088,0.07736451923847198,0.07685708999633789,0.0744800865650177,0.07233337312936783,0.0700814351439476
0.051897794008255005,0.050270624458789825,0.0497359074652195,0.04915327578783035,0.04827668517827988,0.04891448840498924,0.05009487643837929,0.05171339958906174,0.053165167570114136,0.05390046536922455,0.05445850268006325,0.05525045469403267,0.0558588020503521,0.05556245893239975,0.05522431805729866,0.07190384715795517,0.08300153911113739,0.0800325945019722,0.081364706158638,0.07956713438034058,0.07882741093635559,0.07961837947368622,0.08241086453199387,0.08636226505041122,0.09015506505966187,0.09365155547857285,0.09689226746559143,0.09782139211893082,0.09388228505849838,0.08750063925981522,0.0830802321434021,0.08118332922458649,0.0786789283156395,0.07507254183292389,0.0734865739941597,0.07496020942926407,0.07786256819963455,0.07912274450063705,0.07772254198789597,0.07494840025901794,0.07220084965229034,0.06937205791473389
0.04946883022785187,0.0498470701277256,0.05005290359258652,0.04855410382151604,0.04833117127418518,0.04932376742362976,0.050849586725234985,0.052391089498996735,0.0536322295665741,0.05438275635242462,0.054943475872278214,0.055842671543359756,0.05736471340060234,0.06123464182019234,0.06904840469360352,0.07870803028345108,0.08431542664766312,0.08285123854875565,0.07902687788009644,0.07631067931652069,0.07466736435890198,0.07545322179794312,0.07942560315132141,0.08463893085718155,0.08988164365291595,0.09386515617370605,0.09238824248313904,0.08781617134809494,0.085593082010746,0.08365964144468307,0.08103279769420624,0.07936105132102966,0.07713468372821808,0.07431688904762268,0.0740356594324112,0.07686387747526169,0.08030060678720474,0.08127180486917496,0.07878748327493668,0.07531202584505081,0.07215870916843414,0.0686577633023262
0.05227355659008026,0.05238661915063858,0.05058464780449867,0.04987860843539238,0.04950779676437378,0.049516461789608,0.050446782261133194,0.05212757736444473,0.053786277770996094,0.05487208813428879,0.05572900176048279,0.057017844170331955,0.05983126908540726,0.06679464876651764,0.07362691313028336,0.07922463864088058,0.08162211626768112,0.07871753722429276,0.07612091302871704,0.07441811263561249,0.07346436381340027,0.07639281451702118,0.0836256891489029,0.08847212046384811,0.08755189925432205,0.08582174777984619,0.08558188378810883,0.0854412242770195,0.08486921340227127,0.0825396329164505,0.07957606017589569,0.07750795036554337,0.07563114911317825,0.07462078332901001,0.07578418403863907,0.0787462443113327,0.08174417167901993,0.08268611878156662,0.08063048869371414,0.07597710192203522,0.07143697142601013,0.06769728660583496
0.05403480306267738,0.05309778079390526,0.05189131572842598,0.05135045573115349,0.05090156942605972,0.050730813294649124,0.051325950771570206,0.05267542228102684,0.05423104390501976,0.0557558573782444,0.05739784613251686,0.058837007731199265,0.06109456345438957,0.06819677352905273,0.0755399763584137,0.07665479928255081,0.07569095492362976,0.07531486451625824,0.07484599947929382,0.0739160031080246,0.07383722066879272,0.07836781442165375,0.08539923280477524,0.08693431317806244,0.08513025939464569,0.08492269366979599,0.08425721526145935,0.08391014486551285,0.08347243070602417,0.08099817484617233,0.0780118852853775,0.07599858194589615,0.0748952329158783,0.07512461394071579,0.07698620110750198,0.08006130158901215,0.08343568444252014,0.08445598930120468,0.0807710736989975,0.07501811534166336,0.0705840215086937,0.06710456311702728
0.055484235286712646,0.054336972534656525,0.05315114185214043,0.052253879606723785,0.05161340534687042,0.05153828114271164,0.052349429577589035,0.053369082510471344,0.0544070303440094,0.0561034232378006,0.05808442085981369,0.060214124619960785,0.06303386390209198,0.06765639036893845,0.0747828409075737,0.07666138559579849,0.07416471838951111,0.07364107668399811,0.07326892763376236,0.073489710688591,0.07595821470022202,0.08075949549674988,0.08407139778137207,0.08422087132930756,0.0841086208820343,0.08433283865451813,0.08362418413162231,0.08240708708763123,0.08073603361845016,0.07854628562927246,0.07566166669130325,0.07395591586828232,0.07401042431592941,0.07532870769500732,0.07859525084495544,0.08225781470537186,0.08440802246332169,0.08424471318721771,0.08044473081827164,0.07506903260946274,0.07227994501590729,0.07091475278139114
0.056032534688711166,0.0551338754594326,0.05387555807828903,0.0529409795999527,0.05247664451599121,0.05269427224993706,0.0531080923974514,0.053434666246175766,0.054039064794778824,0.05572955310344696,0.058586183935403824,0.0622110515832901,0.06836416572332382,0.07200765609741211,0.07369789481163025,0.0754886344075203,0.07448048144578934,0.07324028760194778,0.07307424396276474,0.07505391538143158,0.07914701104164124,0.08181871473789215,0.0822632685303688,0.08236785233020782,0.08211789280176163,0.08245275169610977,0.08203605562448502,0.07959406077861786,0.07720933854579926,0.07545818388462067,0.07328897714614868,0.07198883593082428,0.07271607965230942,0.07590565830469131,0.0804315060377121,0.08439479023218155,0.08500522375106812,0.0822579488158226,0.08084505051374435,0.08367647230625153,0.07940858602523804,0.07128670811653137
0.05503956973552704,0.05400116741657257,0.0530320405960083,0.05289433151483536,0.053210943937301636,0.05347346514463425,0.05400668457150459,0.05500401183962822,0.05885063111782074,0.06033465638756752,0.05979865789413452,0.06283611804246902,0.06664217263460159,0.0698842853307724,0.07189054042100906,0.07242114096879959,0.07149475067853928,0.07158862799406052,0.07408273220062256,0.07775676995515823,0.0796593725681305,0.07979009300470352,0.07965477555990219,0.07941242307424545,0.07977298647165298,0.08038655668497086,0.07867475599050522,0.07549212127923965,0.07380162924528122,0.07274343818426132,0.07129672914743423,0.0699758306145668,0.07126354426145554,0.07637161761522293,0.08225888758897781,0.08577597886323929,0.08493722975254059,0.08297122269868851,0.08845996111631393,0.08834608644247055,0.07838815450668335,0.0734693706035614
0.05596381425857544,0.05530102923512459,0.05285779759287834,0.051944658160209656,0.05265543982386589,0.054682519286870956,0.057294562458992004,0.061989884823560715,0.06326260417699814,0.06009247153997421,0.05952134728431702,0.061428386718034744,0.06459273397922516,0.06772776693105698,0.06979091465473175,0.07121343910694122,0.07291001826524734,0.07548489421606064,0.07755321264266968,0.07726772874593735,0.07731899619102478,0.07894419878721237,0.07813344895839691,0.07697373628616333,0.07745767384767532,0.07683046162128448,0.0742151141166687,0.07177179306745529,0.07103107124567032,0.07045787572860718,0.06938955932855606,0.06850589066743851,0.07080582529306412,0.07732584327459335,0.08378057181835175,0.08685576170682907,0.08568929880857468,0.0888904258608818,0.08561300486326218,0.09143275767564774,0.09123487025499344,0.07198620587587357
0.05522055923938751,0.05421266704797745,0.05245921388268471,0.05301346629858017,0.05514703691005707,0.05808001756668091,0.06134599819779396,0.068070188164711,0.06802159547805786,0.06142394244670868,0.060865484178066254,0.06400672346353531,0.06848928332328796,0.07148423790931702,0.07314527779817581,0.07493981719017029,0.07595822215080261,0.0750577449798584,0.07428628206253052,0.07521011680364609,0.07628674060106277,0.07723715156316757,0.07760582119226456,0.07678620517253876,0.07530707865953445,0.07284840941429138,0.0701799988746643,0.06897073984146118,0.06872502714395523,0.06852492690086365,0.0677858218550682,0.06752896308898926,0.07094886898994446,0.07836518436670303,0.0847383365035057,0.08751735091209412,0.09265105426311493,0.09301146864891052,0.0857272669672966,0.08357809484004974,0.07962112873792648,0.07053167372941971
0.05326810106635094,0.05736847221851349,0.058075934648513794,0.05726974830031395,0.058691300451755524,0.05905023589730263,0.06369078904390335,0.0763324424624443,0.07579588145017624,0.06529061496257782,0.06452664732933044,0.068755142390728,0.0736687108874321,0.07647353410720825,0.07731997221708298,0.07620623707771301,0.07344409078359604,0.0731290951371193,0.0754808858036995,0.07621587067842484,0.0768652856349945,0.07698284834623337,0.07659537345170975,0.0763777643442154,0.07347311079502106,0.06988947838544846,0.06743095070123672,0.06661169230937958,0.0666276216506958,0.06681499630212784,0.06671441346406937,0.0670410767197609,0.07108065485954285,0.07896619290113449,0.08543796837329865,0.08683241903781891,0.09390839189291,0.0942525863647461,0.08198603987693787,0.07539190351963043,0.07005271315574646,0.06483987718820572
0.057774391025304794,0.057427290827035904,0.05824599787592888,0.05983426421880722,0.0627644956111908,0.0676812008023262,0.07471263408660889,0.07960040867328644,0.07652013748884201,0.0706837996840477,0.07045154273509979,0.07392814010381699,0.07726871222257614,0.07814338803291321,0.07561580836772919,0.07244592159986496,0.0717100203037262,0.07378460466861725,0.0766415148973465,0.0787220373749733,0.07939684391021729,0.0774964764714241,0.07540441304445267,0.07440301030874252,0.07127661257982254,0.06730742007493973,0.06503497064113617,0.06424755603075027,0.06439780443906784,0.06516152620315552,0.06623832136392593,0.06716655939817429,0.07088619470596313,0.07824578881263733,0.08423611521720886,0.08967017382383347,0.09055990725755692,0.0849534124135971,0.07651090621948242,0.06739069521427155,0.06156804785132408,0.05991626903414726
0.05872291699051857,0.056921448558568954,0.05797910317778587,0.061457160860300064,0.0658857524394989,0.07129773497581482,0.07694923877716064,0.07905121892690659,0.07703547179698944,0.07479418814182281,0.0752856433391571,0.07759638875722885,0.07848453521728516,0.07720088213682175,0.07411974668502808,0.07119368761777878,0.07203374058008194,0.07605624198913574,0.07879620045423508,0.07991434633731842,0.08005471527576447,0.07791180908679962,0.07477473467588425,0.07149244099855423,0.06840994209051132,0.06569882482290268,0.06360773742198944,0.06253452599048615,0.06249932572245598,0.06411028653383255,0.0662284642457962,0.06801982969045639,0.0707717016339302,0.07576853781938553,0.08076102286577225,0.08780601620674133,0.08619163930416107,0.07690855115652084,0.06906317174434662,0.06053054332733154,0.05656643211841583,0.05850047618150711
