dougfraga/big_5.json
{"header": {"parameterUnit": "m.s-1", "parameterNumber": 2, "dx": 0.016666000000000736, "dy": 0.016666000000000736, "parameterNumberName": "Eastward current", "la1": -22.891645999999998, "la2": -24.0416, "parameterCategory": 2, "lo2": -43.225054, "nx": 95, "ny": 70, "refTime": "2022-12-18 05:00:00", "lo1": -44.79166}, "data":
[rows 38 to 56 of 70, columns 42 to 83 of 95]
0.0880482867360115,0.08529763668775558,0.08066656440496445,0.06870387494564056,0.05615677312016487,0.05538379028439522,0.06118018925189972,0.06709504127502441,0.07226566225290298,0.07612685859203339,0.07845714688301086,0.07932943105697632,0.07930435985326767,0.07973136752843857,0.08243274688720703,0.084819495677948,0.08743473142385483,0.0912509560585022,0.09395594894886017,0.0959363579750061,0.09751174598932266,0.09939417243003845,0.10144470632076263,0.10342264175415039,0.10415922850370407,0.10433335602283478,0.11303332448005676,0.12518039345741272,0.13414369523525238,0.132345512509346,0.12294917553663254,0.11694557219743729,0.11214593797922134,0.11021635681390762,0.10938390344381332,0.10981423407793045,0.11092276126146317,0.11203984171152115,0.11612655967473984,0.12088106572628021,0.12092804908752441,0.11772235482931137
0.08618227392435074,0.07771249860525131,0.06707736849784851,0.05616377666592598,0.05375402048230171,0.05792101472616196,0.06290705502033234,0.06884387135505676,0.0735149011015892,0.07675160467624664,0.07816612720489502,0.07847152650356293,0.08052385598421097,0.08189443498849869,0.08244616538286209,0.08432038128376007,0.08704156428575516,0.09033247828483582,0.09283847361803055,0.09455611556768417,0.09605798125267029,0.09792564809322357,0.10017351061105728,0.10260844230651855,0.10577835142612457,0.11121072620153427,0.1200278103351593,0.12929141521453857,0.134804829955101,0.1311827003955841,0.12267933040857315,0.1146402657032013,0.10989728569984436,0.10883509367704391,0.1071845218539238,0.10783107578754425,0.10846864432096481,0.10972910374403,0.11440783739089966,0.11674340069293976,0.11487346887588501,0.11210476607084274
0.07559357583522797,0.0663316398859024,0.05954337120056152,0.05619389936327934,0.0556817501783371,0.05895384028553963,0.06408639997243881,0.06935907155275345,0.07323732227087021,0.07597623765468597,0.07864175736904144,0.07950165122747421,0.07948267459869385,0.0801602154970169,0.08083243668079376,0.08273214846849442,0.08590613305568695,0.08914142102003098,0.09136903285980225,0.09279884397983551,0.0941917672753334,0.09623779356479645,0.09928201884031296,0.10315988957881927,0.10780680924654007,0.11359889805316925,0.12017863988876343,0.12608259916305542,0.13033592700958252,0.1355065107345581,0.136000856757164,0.1242617517709732,0.10236892104148865,0.08728514611721039,0.08581586927175522,0.08643265813589096,0.08592189848423004,0.0881456732749939,0.09519898891448975,0.10019563883543015,0.09765132516622543,0.09085164219141006
0.07270155847072601,0.06681251525878906,0.0615127757191658,0.05928920581936836,0.058795180171728134,0.06055104732513428,0.06436458230018616,0.06850136071443558,0.07241571694612503,0.07703136652708054,0.07946798205375671,0.07903089374303818,0.07893827557563782,0.07905449718236923,0.08010966330766678,0.08289173245429993,0.08623851090669632,0.0896560549736023,0.09320051968097687,0.09593010693788528,0.09683175384998322,0.09791050851345062,0.10186674445867538,0.10885074734687805,0.11305887997150421,0.11570152640342712,0.12137584388256073,0.12666213512420654,0.129398912191391,0.1307135820388794,0.12595301866531372,0.10653284937143326,0.0877118706703186,0.0826350599527359,0.08236895501613617,0.0813075378537178,0.08046822249889374,0.08306501805782318,0.08488192409276962,0.08387379348278046,0.0827857181429863,0.08133982121944427
0.07566206902265549,0.07204443216323853,0.06883958727121353,0.06632474064826965,0.06392879039049149,0.06311464309692383,0.06494540721178055,0.06866756826639175,0.07430686801671982,0.07759781181812286,0.07829340547323227,0.07913505285978317,0.07925885915756226,0.0794835239648819,0.08074330538511276,0.08332987129688263,0.08742856234312057,0.09337073564529419,0.09848164021968842,0.09989278018474579,0.10123690962791443,0.10333999991416931,0.1055075079202652,0.10969271510839462,0.11397118121385574,0.11799479275941849,0.12209232896566391,0.125005304813385,0.12577961385250092,0.11905058473348618,0.10346945375204086,0.09015021473169327,0.08505523204803467,0.08329567313194275,0.08134789764881134,0.08002857118844986,0.08029637485742569,0.08264608681201935,0.08269801735877991,0.08040428161621094,0.07959892600774765,0.0784645676612854
0.07700133323669434,0.07492926716804504,0.07258228957653046,0.0700717493891716,0.0675911009311676,0.06720548868179321,0.07084228843450546,0.07414364814758301,0.07560788840055466,0.07723704725503922,0.07836910337209702,0.07926787436008453,0.07995028793811798,0.08049849420785904,0.08219313621520996,0.08615510910749435,0.09261110424995422,0.09938439726829529,0.1022820770740509,0.10315372049808502,0.10320384800434113,0.10333604365587234,0.10601732134819031,0.11018228530883789,0.11472377926111221,0.11893018335103989,0.11946927011013031,0.11916358768939972,0.11949477344751358,0.1073424220085144,0.0922258198261261,0.08670166879892349,0.08483484387397766,0.0830669105052948,0.08096644282341003,0.08063555508852005,0.08097358047962189,0.08304876834154129,0.08299762010574341,0.0797407403588295,0.07784994691610336,0.07626163959503174
0.07701142132282257,0.07595251500606537,0.07404366880655289,0.07229684293270111,0.0725087821483612,0.0723763257265091,0.07269147038459778,0.07502523809671402,0.07674721628427505,0.07756265997886658,0.0783182829618454,0.079185850918293,0.08008821308612823,0.08127385377883911,0.0850980132818222,0.09196925908327103,0.09812933206558228,0.1010335236787796,0.10308210551738739,0.10341769456863403,0.10202328115701675,0.10308995097875595,0.10632236301898956,0.11113638430833817,0.11618616431951523,0.11978623270988464,0.11704519391059875,0.1051425188779831,0.09500765055418015,0.09104886651039124,0.08839892596006393,0.08622203022241592,0.08449631929397583,0.08204984664916992,0.0800304114818573,0.08105047047138214,0.08339646458625793,0.08457588404417038,0.08294940739870071,0.07974401861429214,0.0769469141960144,0.07450848817825317
0.07461946457624435,0.07477400451898575,0.07516323775053024,0.0742056742310524,0.07247277349233627,0.07267890870571136,0.07395774126052856,0.07586277276277542,0.07743740826845169,0.07820922136306763,0.07900279015302658,0.0800495594739914,0.08096648752689362,0.08161015063524246,0.08336526155471802,0.10014127194881439,0.10881521552801132,0.10438171029090881,0.10422203689813614,0.10080678761005402,0.09982200711965561,0.1013474315404892,0.10572268813848495,0.11197115480899811,0.11676286160945892,0.11349239200353622,0.10190295428037643,0.09341707825660706,0.09106777608394623,0.08920552581548691,0.08710882067680359,0.08578307181596756,0.08355367928743362,0.08052574843168259,0.08003095537424088,0.08250287920236588,0.08545376360416412,0.08593624830245972,0.08330810070037842,0.07930552959442139,0.07573562115430832,0.07272647321224213
0.07266424596309662,0.07432131469249725,0.07480823248624802,0.07322985678911209,0.07272661477327347,0.07331270724534988,0.07499731332063675,0.07717421650886536,0.07878518104553223,0.07972928881645203,0.08061020821332932,0.08175379037857056,0.0836351290345192,0.08859724551439285,0.09769711643457413,0.10701141506433487,0.1111259013414383,0.10811293870210648,0.1027112826704979,0.09948239475488663,0.10018865019083023,0.10492587834596634,0.10655137896537781,0.10009688884019852,0.09460727870464325,0.09406998753547668,0.09332231432199478,0.09173267334699631,0.0904197171330452,0.08848578482866287,0.08597929030656815,0.08453186601400375,0.08265761286020279,0.0805041491985321,0.08113908022642136,0.0842970609664917,0.08697759360074997,0.08709698915481567,0.08352025598287582,0.07851509749889374,0.07444627583026886,0.07098711282014847
0.07647783309221268,0.07694394141435623,0.07546111941337585,0.07511752098798752,0.07390142977237701,0.07338482141494751,0.0762798935174942,0.07939872145652771,0.08060140162706375,0.08117719739675522,0.0817364901304245,0.08303841203451157,0.08622061461210251,0.09373914450407028,0.10127373039722443,0.1071658506989479,0.10912974178791046,0.10514785349369049,0.10138745605945587,0.09818688780069351,0.09219077974557877,0.0883035808801651,0.0893273651599884,0.09040289372205734,0.09130515903234482,0.09197170287370682,0.09192612022161484,0.09171272069215775,0.09058026969432831,0.08773117512464523,0.08487138152122498,0.08313099294900894,0.08162413537502289,0.08116590976715088,0.08280697464942932,0.08568908274173737,0.08770079910755157,0.08743080496788025,0.08378705382347107,0.07760097831487656,0.07293346524238586,0.069889135658741
0.07862944155931473,0.07814913243055344,0.07749687880277634,0.07733698934316635,0.07721440494060516,0.07780113071203232,0.079199880361557,0.08013685792684555,0.08057797700166702,0.08157455176115036,0.08328438550233841,0.08518929034471512,0.08813044428825378,0.0951358750462532,0.10160753130912781,0.10308462381362915,0.1034373864531517,0.10292742401361465,0.10247725248336792,0.1014452651143074,0.0937691330909729,0.08761634677648544,0.08924591541290283,0.09079717844724655,0.09113046526908875,0.09158314764499664,0.09089528024196625,0.09028002619743347,0.08928188681602478,0.08647025376558304,0.08369030058383942,0.08199361711740494,0.08126794546842575,0.08192842453718185,0.08404088020324707,0.08691476285457611,0.08899123221635818,0.08809494972229004,0.08266855776309967,0.07626203447580338,0.0725938156247139,0.06989968568086624
0.08054500073194504,0.0798628032207489,0.07911094278097153,0.07902591675519943,0.08009547740221024,0.08141006529331207,0.08173850923776627,0.0811319500207901,0.08096040785312653,0.08222205936908722,0.0841403380036354,0.08646553009748459,0.08988141268491745,0.095034658908844,0.10136091709136963,0.10248204320669174,0.10058687627315521,0.10102217644453049,0.1031913310289383,0.10257203131914139,0.09377419203519821,0.08797609806060791,0.08953248709440231,0.09037000685930252,0.09066587686538696,0.09121610969305038,0.09050627052783966,0.08883462101221085,0.08673391491174698,0.08450513333082199,0.08195085823535919,0.08057310432195663,0.08093412965536118,0.08269724249839783,0.0861540213227272,0.08914342522621155,0.08972086012363434,0.08735233545303345,0.08225011080503464,0.07795748859643936,0.07547473162412643,0.07246094197034836
0.0794823095202446,0.07945722341537476,0.08032333850860596,0.08175916224718094,0.08296141028404236,0.08352794498205185,0.08309365808963776,0.08254941552877426,0.08277372270822525,0.08409906923770905,0.08712054044008255,0.0917743518948555,0.09781338274478912,0.10028504580259323,0.10121098160743713,0.10303620249032974,0.10332020372152328,0.10494577884674072,0.1042470708489418,0.09531552344560623,0.088097482919693,0.08806602656841278,0.08902642130851746,0.08951102942228317,0.08954697102308273,0.09016898274421692,0.08930224925279617,0.08628285676240921,0.08385797590017319,0.08230895549058914,0.08039408177137375,0.0793309211730957,0.08047427982091904,0.08417115360498428,0.08876366913318634,0.09173763543367386,0.09048475325107574,0.08625992387533188,0.0846829041838646,0.08681473135948181,0.08022293448448181,0.06910589337348938
0.06173405796289444,0.06709888577461243,0.07582376897335052,0.08235624432563782,0.08475086838006973,0.0849667340517044,0.08539769798517227,0.0866619274020195,0.08934252709150314,0.08940251171588898,0.08994486927986145,0.09523759037256241,0.10049916058778763,0.10412391275167465,0.1058986485004425,0.10699179023504257,0.10600096732378006,0.09895265847444534,0.0897350162267685,0.08651562035083771,0.08779862523078918,0.08876415342092514,0.08814308792352676,0.0876740887761116,0.08844564110040665,0.08880317956209183,0.08631610125303268,0.08290540426969528,0.08144412934780121,0.08053451776504517,0.07913754880428314,0.07806335389614105,0.08011194318532944,0.08582841604948044,0.09141075611114502,0.09360234439373016,0.09115803241729736,0.08870649337768555,0.09243258833885193,0.08971218764781952,0.07761774212121964,0.06863006204366684
0.054639093577861786,0.05575326830148697,0.06346143037080765,0.07631754130125046,0.08410687744617462,0.08714331686496735,0.09058383852243423,0.09559071809053421,0.09438567608594894,0.09009570628404617,0.08995047956705093,0.0908045619726181,0.09640341997146606,0.10551933199167252,0.10718055069446564,0.09780613332986832,0.0879025012254715,0.0841367095708847,0.08410932123661041,0.08593246340751648,0.08789519965648651,0.08875483274459839,0.08724864572286606,0.08630740642547607,0.08679786324501038,0.08557154983282089,0.0824500098824501,0.08010467886924744,0.07959293574094772,0.07897520810365677,0.07781190425157547,0.07729719579219818,0.08054286986589432,0.08761847764253616,0.09323512017726898,0.09475962817668915,0.0930243581533432,0.09487389028072357,0.0886339619755745,0.09123779833316803,0.08711089193820953,0.06625977158546448
0.05337292328476906,0.05525463446974754,0.06242300942540169,0.07490036636590958,0.08489755541086197,0.09034118801355362,0.09548214077949524,0.10233155637979507,0.09928755462169647,0.08946410566568375,0.0833292230963707,0.08049130439758301,0.08266814798116684,0.08444932103157043,0.08398730307817459,0.08260159194469452,0.08178327232599258,0.08292601257562637,0.08512086421251297,0.08658959716558456,0.08715614676475525,0.0874842181801796,0.087282694876194,0.08626317977905273,0.08450587838888168,0.08171404898166656,0.07914168387651443,0.07816187292337418,0.0778309628367424,0.0774615928530693,0.07671280205249786,0.07694278657436371,0.08117491751909256,0.08883041143417358,0.09408877044916153,0.09537874907255173,0.09983857721090317,0.09826699644327164,0.08757836371660233,0.08189408481121063,0.0743243545293808,0.06396905332803726
0.056385792791843414,0.06304656714200974,0.07244250923395157,0.08102518320083618,0.08697722852230072,0.08756071329116821,0.08882001042366028,0.09972262382507324,0.10191601514816284,0.0922946035861969,0.08456621319055557,0.08050699532032013,0.08180520683526993,0.0822622999548912,0.08131717145442963,0.08091555535793304,0.08174141496419907,0.08426777273416519,0.08715398609638214,0.08767489343881607,0.08771731704473495,0.08693726360797882,0.08603301644325256,0.08556900173425674,0.08246184885501862,0.07896535843610764,0.07699648290872574,0.07642479240894318,0.07624879479408264,0.07621847093105316,0.0761268138885498,0.07687826454639435,0.08141522854566574,0.08906041085720062,0.09406653791666031,0.09475649893283844,0.10081060230731964,0.09821928292512894,0.08285041153430939,0.07303636521100998,0.06505616754293442,0.05945746600627899
0.05794113129377365,0.0695846751332283,0.08260544389486313,0.08869991451501846,0.0922933891415596,0.09699172526597977,0.10262186825275421,0.10538413375616074,0.10224112123250961,0.09485901147127151,0.08590585738420486,0.08123183995485306,0.08145453780889511,0.08120790868997574,0.08012456446886063,0.08005084097385406,0.0819849744439125,0.08560626208782196,0.08887521177530289,0.09028291702270508,0.08971044421195984,0.0868755355477333,0.0847206711769104,0.08387652784585953,0.08080443739891052,0.07723522186279297,0.07554992288351059,0.07495252043008804,0.0748237818479538,0.07518754154443741,0.07600360363721848,0.0770932286977768,0.08094314485788345,0.08765896409749985,0.0924426019191742,0.09732869267463684,0.09675567597150803,0.08844980597496033,0.07788782566785812,0.06675029546022415,0.059548161923885345,0.057578135281801224
0.058868009597063065,0.07080475986003876,0.0838707983493805,0.09125088155269623,0.09575776755809784,0.10022271424531937,0.10477860271930695,0.10623469203710556,0.10300176590681076,0.09432292729616165,0.08564745634794235,0.08278687298297882,0.0814187079668045,0.07991751283407211,0.07922201603651047,0.07930190861225128,0.08265148848295212,0.0883975699543953,0.09106218069791794,0.0910496860742569,0.09014825522899628,0.08752312511205673,0.0848911702632904,0.08214987814426422,0.07905010879039764,0.07667243480682373,0.07500500231981277,0.07412730157375336,0.07390818744897842,0.074452243745327,0.07567226886749268,0.0775071531534195,0.08041071146726608,0.0849578008055687,0.08937952667474747,0.09606101363897324,0.09299909323453903,0.08124630898237228,0.07192017138004303,0.06308373808860779,0.0590694397687912,0.06053745001554489
