dougfraga/big_14.json
{"header": {"parameterUnit": "m.s-1", "parameterNumber": 3, "dx": 0.016666000000000736, "dy": 0.016666000000000736, "parameterNumberName": "Northward current", "la1": -22.891645999999998, "la2": -24.0416, "parameterCategory": 2, "lo2": -43.225054, "nx": 95, "ny": 70, "refTime": "2022-12-18 14:00:00", "lo1": -44.79166}, "data":
[rows 36 to 53 of 70, columns 0 to 39 of 95]
-0.033487264066934586,-0.033487264066934586,-0.033573444932699203,-0.0338972844183445,-0.03331991285085678,-0.03250400722026825,-0.03103572130203247,-0.029245205223560333,-0.02865569293498993,-0.02661779709160328,-0.024133620783686638,-0.02230416238307953,-0.023964639753103256,-0.026917695999145508,-0.030736491084098816,-0.034943364560604095,-0.039356451481580734,-0.043361734598875046,-0.04685888811945915,-0.05112122744321823,-0.049036912620067596,-0.04454059153795242,-0.03746386244893074,-0.02739586867392063,-0.01649460755288601,-0.00900535099208355,-0.009027663618326187,-0.011734526604413986,-0.018050605431199074,-0.025217842310667038,-0.031638193875551224,-0.03551632538437843,-0.03710666298866272,-0.03433094918727875,-0.028914546594023705,-0.021898677572607994,-0.017074888572096825,-0.013554920442402363,-0.017587773501873016,-0.023508252575993538
-0.02931983768939972,-0.02931983768939972,-0.02992657572031021,-0.03054214082658291,-0.03024294413626194,-0.029806161299347878,-0.02931661531329155,-0.029807310551404953,-0.02917526476085186,-0.02679271064698696,-0.022890668362379074,-0.022110814228653908,-0.02297358214855194,-0.025174029171466827,-0.027998970821499825,-0.030872372910380363,-0.0343717485666275,-0.037386704236269,-0.043667711317539215,-0.04792805761098862,-0.04819085821509361,-0.04581829160451889,-0.04208791255950928,-0.032969631254673004,-0.02277902327477932,-0.014839224517345428,-0.009554441086947918,-0.011564676649868488,-0.015959830954670906,-0.0230578426271677,-0.03099130466580391,-0.03664759546518326,-0.039709486067295074,-0.037223201245069504,-0.033319141715765,-0.024570275098085403,-0.015501022338867188,-0.01151038147509098,-0.012727626599371433,-0.020884206518530846
-0.025112783536314964,-0.025112783536314964,-0.025112133473157883,-0.025668025016784668,-0.026539260521531105,-0.027719775214791298,-0.029609108343720436,-0.030224421992897987,-0.028589868918061256,-0.026258209720253944,-0.02284758724272251,-0.02049536444246769,-0.02049635723233223,-0.02304788865149021,-0.025461459532380104,-0.026231778785586357,-0.027178695425391197,-0.02968182973563671,-0.037165381014347076,-0.03887634724378586,-0.04355689883232117,-0.04192432761192322,-0.03837420418858528,-0.034225791692733765,-0.02736802026629448,-0.017624756321310997,-0.009459590539336205,-0.01239816751331091,-0.01509406790137291,-0.021625028923153877,-0.030820129439234734,-0.03875628113746643,-0.043677400797605515,-0.041947174817323685,-0.036694031208753586,-0.029992226511240005,-0.019959328696131706,-0.01536484807729721,-0.015814175829291344,-0.017337169498205185
-0.02112879604101181,-0.02112879604101181,-0.020422104746103287,-0.02059432677924633,-0.021969947963953018,-0.02468014322221279,-0.0282435305416584,-0.029170719906687737,-0.029547037556767464,-0.027406767010688782,-0.020980337634682655,-0.020102547481656075,-0.016242995858192444,-0.016568301245570183,-0.021869422867894173,-0.021063348278403282,-0.01971287652850151,-0.020698385313153267,-0.02480408363044262,-0.028822574764490128,-0.03674137964844704,-0.03886733204126358,-0.03763171657919884,-0.03742412105202675,-0.03370025008916855,-0.023637332022190094,-0.01354895904660225,-0.012025915086269379,-0.009947670623660088,-0.018803054466843605,-0.028324637562036514,-0.03976823762059212,-0.049054164439439774,-0.049224551767110825,-0.04218368977308273,-0.03766320273280144,-0.029970217496156693,-0.021740682423114777,-0.017418475821614265,-0.010770781897008419
-0.018582511693239212,-0.018582511693239212,-0.017371563240885735,-0.016986729577183723,-0.018097013235092163,-0.019839338958263397,-0.02306886576116085,-0.026539068669080734,-0.029647156596183777,-0.03078867681324482,-0.02791384793817997,-0.021055588498711586,-0.018071068450808525,-0.015370369888842106,-0.014488729648292065,-0.01448131911456585,-0.013352827169001102,-0.012552717700600624,-0.013351746834814548,-0.018092317506670952,-0.02630033530294895,-0.03395479544997215,-0.03830214589834213,-0.039627522230148315,-0.03823188319802284,-0.0322449691593647,-0.022744031623005867,-0.015019009821116924,-0.011004041880369186,-0.014280267059803009,-0.023121653124690056,-0.04021847993135452,-0.05279841646552086,-0.05511423572897911,-0.0476556196808815,-0.04056566208600998,-0.03333355858922005,-0.023515019565820694,-0.009732009842991829,-0.005948911886662245
-0.017976386472582817,-0.017976386472582817,-0.01579059101641178,-0.013284274376928806,-0.013782900758087635,-0.015106799080967903,-0.016207927837967873,-0.02065170370042324,-0.02700079418718815,-0.0331217460334301,-0.03699111565947533,-0.030909718945622444,-0.026718374341726303,-0.01900705322623253,-0.010593365877866745,-0.010410813614726067,-0.008982684463262558,-0.005972621962428093,-0.005672101397067308,-0.010128241032361984,-0.01873333565890789,-0.02841545082628727,-0.0365193635225296,-0.04247044399380684,-0.040772367268800735,-0.04000496119260788,-0.03284955397248268,-0.020327948033809662,-0.016284076496958733,-0.012411079369485378,-0.02005465142428875,-0.03800494596362114,-0.0527254082262516,-0.057422198355197906,-0.05200319364666939,-0.042040757834911346,-0.0315709225833416,-0.016908472403883934,-0.007444645278155804,-0.004322465043514967
-0.019567366689443588,-0.019567366689443588,-0.017121125012636185,-0.012887390330433846,-0.010953955352306366,-0.009935756213963032,-0.008194598369300365,-0.014498871751129627,-0.022037040442228317,-0.03004308231174946,-0.03592041879892349,-0.03835059329867363,-0.03168812766671181,-0.021426992490887642,-0.013989281840622425,-0.01029274519532919,-0.0065471939742565155,-0.002019774867221713,-0.001675620093010366,-0.005413592327386141,-0.014409349299967289,-0.026403585448861122,-0.03910680115222931,-0.04682883992791176,-0.04525986686348915,-0.04425258934497833,-0.03864409774541855,-0.026059340685606003,-0.018830187618732452,-0.014940660446882248,-0.020753800868988037,-0.03550142049789429,-0.05027344450354576,-0.05505085363984108,-0.05228347331285477,-0.04074953496456146,-0.030963007360696793,-0.0158687811344862,-0.0076794433407485485,-0.0034940477926284075
-0.022929338738322258,-0.022929338738322258,-0.022069476544857025,-0.017762484028935432,-0.011714146472513676,-0.007887423038482666,-0.00488044461235404,-0.01034571323543787,-0.01731068454682827,-0.024988994002342224,-0.03114500641822815,-0.032988596707582474,-0.03040439821779728,-0.02518334612250328,-0.018700536340475082,-0.014071254059672356,-0.01012748945504427,-0.0051022176630795,0.00019145228725392371,-0.0033272341825067997,-0.009819854982197285,-0.023770730942487717,-0.04076008126139641,-0.04939674586057663,-0.052171990275382996,-0.046841900795698166,-0.03900836780667305,-0.029290514066815376,-0.021902862936258316,-0.020133910700678825,-0.023337112739682198,-0.0334542952477932,-0.0473286435008049,-0.05314486846327782,-0.048959262669086456,-0.03804221749305725,-0.026571139693260193,-0.017127251252532005,-0.009577243588864803,-0.00770888477563858
-0.025990720838308334,-0.025990720838308334,-0.026089472696185112,-0.02358226478099823,-0.015991181135177612,-0.009402746334671974,-0.00587964104488492,-0.007733611855655909,-0.014014134183526039,-0.0222797729074955,-0.027350662276148796,-0.031521812081336975,-0.02924633026123047,-0.024737896397709846,-0.019895637407898903,-0.016239358112215996,-0.013041925616562366,-0.008551844395697117,-0.0023677265271544456,-0.00554830813780427,-0.01042519137263298,-0.021234894171357155,-0.036378469318151474,-0.04692573472857475,-0.05144426226615906,-0.04750947281718254,-0.040721140801906586,-0.032735563814640045,-0.02547457255423069,-0.02303866110742092,-0.025437867268919945,-0.03139498829841614,-0.04220515117049217,-0.04848343878984451,-0.043803080916404724,-0.034312691539525986,-0.024047493934631348,-0.017137568444013596,-0.013383225537836552,-0.012354644015431404
-0.028983470052480698,-0.028983470052480698,-0.02857174165546894,-0.026493804529309273,-0.01966002583503723,-0.01064976304769516,-0.005697555374354124,-0.005073106847703457,-0.010309115052223206,-0.020976971834897995,-0.027780067175626755,-0.029992390424013138,-0.02807973325252533,-0.02248315140604973,-0.017689473927021027,-0.013997267000377178,-0.011198959313333035,-0.00861353985965252,-0.007420911453664303,-0.010164408013224602,-0.015232610516250134,-0.0229484960436821,-0.030407672747969627,-0.03951269015669823,-0.04366941750049591,-0.042815204709768295,-0.0399862676858902,-0.03575936332345009,-0.028917821124196053,-0.023502198979258537,-0.024712245911359787,-0.02843843586742878,-0.0341634638607502,-0.03899687901139259,-0.0365031398832798,-0.030190985649824142,-0.023774748668074608,-0.019668709486722946,-0.016688181087374687,-0.016590692102909088
-0.03100818209350109,-0.03100818209350109,-0.03008361905813217,-0.02695925161242485,-0.020595811307430267,-0.01139023806899786,-0.004465209320187569,-0.0008803344680927694,-0.005613264627754688,-0.01650490052998066,-0.02584226243197918,-0.027044780552387238,-0.026202118024230003,-0.022183628752827644,-0.017240537330508232,-0.013589304871857166,-0.011633356101810932,-0.010989575646817684,-0.011254407465457916,-0.01330413855612278,-0.016862740740180016,-0.020891377702355385,-0.02505570463836193,-0.031807221472263336,-0.03569554165005684,-0.036372408270835876,-0.035605430603027344,-0.03264405205845833,-0.027936547994613647,-0.024468814954161644,-0.025585796684026718,-0.02704724483191967,-0.029037589207291603,-0.031106458976864815,-0.0309129785746336,-0.028529105708003044,-0.024536922574043274,-0.023006681352853775,-0.022547703236341476,-0.023234058171510696
-0.03124352917075157,-0.03124352917075157,-0.030179401859641075,-0.027084991335868835,-0.020860105752944946,-0.011453403159976006,-0.0018148411763831973,0.006622736807912588,-3.0945666367188096e-05,-0.009312588721513748,-0.018846213817596436,-0.024682320654392242,-0.025934649631381035,-0.023292770609259605,-0.018828358501195908,-0.015420213341712952,-0.01397295854985714,-0.014132637530565262,-0.014033838175237179,-0.014501704834401608,-0.016507798805832863,-0.017368227243423462,-0.020405512303113937,-0.024822968989610672,-0.028415223583579063,-0.030000001192092896,-0.030677082017064095,-0.031415894627571106,-0.028993597254157066,-0.026441095396876335,-0.025622131302952766,-0.026133833453059196,-0.02646315097808838,-0.026085665449500084,-0.027117596939206123,-0.02768692746758461,-0.02774743176996708,-0.028595704585313797,-0.029258443042635918,-0.029785718768835068
-0.031208638101816177,-0.031208638101816177,-0.029706010594964027,-0.02604137361049652,-0.019776921719312668,-0.01224978081882,-0.0004217319656163454,0.010499783791601658,0.010334847494959831,0.002850641729310155,-0.011697596870362759,-0.022507738322019577,-0.027364639565348625,-0.026197634637355804,-0.02119646966457367,-0.018205901607871056,-0.016758913174271584,-0.016128066927194595,-0.014875025488436222,-0.0139283686876297,-0.0154192503541708,-0.015867287293076515,-0.016791781410574913,-0.018976561725139618,-0.022171571850776672,-0.024669962003827095,-0.027943918481469154,-0.029881834983825684,-0.029955536127090454,-0.028404975309967995,-0.02556457184255123,-0.024982258677482605,-0.02456231415271759,-0.02495114505290985,-0.02634965069591999,-0.028374245390295982,-0.030585605651140213,-0.03245721384882927,-0.03358249366283417,-0.0353396050632
-0.03216937556862831,-0.03216937556862831,-0.030627621337771416,-0.02717776969075203,-0.021508552134037018,-0.014998557977378368,-0.0038288431242108345,0.00696908961981535,0.014893040992319584,0.011910118162631989,-0.0020224149338901043,-0.016006017103791237,-0.025339966639876366,-0.028803668916225433,-0.026232272386550903,-0.020878752693533897,-0.01802101731300354,-0.01620604656636715,-0.013818393461406231,-0.011836043559014797,-0.013686089776456356,-0.014004525728523731,-0.01464656088501215,-0.016012992709875107,-0.019401000812649727,-0.02362929657101631,-0.02648383565247059,-0.02766609564423561,-0.028803959488868713,-0.02853432670235634,-0.027603421360254288,-0.026917243376374245,-0.02610163576900959,-0.026454944163560867,-0.027523430064320564,-0.02983034960925579,-0.034179095178842545,-0.03664641082286835,-0.037642549723386765,-0.03798575699329376
-0.03434356302022934,-0.03434356302022934,-0.033802829682826996,-0.03243982419371605,-0.028991589322686195,-0.020567558705806732,-0.011204381473362446,0.0011208958458155394,0.009984063915908337,0.012588558718562126,0.006540257018059492,-0.0059484876692295074,-0.018361352384090424,-0.02716836705803871,-0.030124662443995476,-0.02661878801882267,-0.0222669318318367,-0.019003525376319885,-0.01280604861676693,-0.008816245011985302,-0.010369419120252132,-0.012084969319403172,-0.014188975095748901,-0.017918411642313004,-0.021450458094477654,-0.024215739220380783,-0.02525237388908863,-0.027080759406089783,-0.02870335429906845,-0.02940898761153221,-0.029438547790050507,-0.02915811724960804,-0.02910141833126545,-0.03145459294319153,-0.032697644084692,-0.034448325634002686,-0.037485312670469284,-0.04057692363858223,-0.04129017889499664,-0.039425212889909744
-0.03652676194906235,-0.03652676194906235,-0.0373164564371109,-0.03812237083911896,-0.03769601136445999,-0.0330808125436306,-0.025453560054302216,-0.012624799273908138,0.0017430740408599377,0.0048237633891403675,0.007037198171019554,0.0002912461932282895,-0.011075244285166264,-0.021956484764814377,-0.027861380949616432,-0.029452454298734665,-0.02710149809718132,-0.02506444975733757,-0.020478729158639908,-0.014411183074116707,-0.009216498583555222,-0.011289949528872967,-0.01541938353329897,-0.019760191440582275,-0.022822672501206398,-0.02365449070930481,-0.02514711208641529,-0.026837563142180443,-0.02835691161453724,-0.02900516986846924,-0.029753226786851883,-0.03217746317386627,-0.03330295532941818,-0.03485405817627907,-0.036680590361356735,-0.038086820393800735,-0.03984242305159569,-0.04363621026277542,-0.04506199434399605,-0.044611942023038864
-0.038335349410772324,-0.038335349410772324,-0.03976473584771156,-0.041673190891742706,-0.043260131031274796,-0.043107181787490845,-0.03700493648648262,-0.023463504388928413,-0.010837039910256863,-0.0020043356344103813,0.0029836005996912718,0.00021359563106670976,-0.00792680587619543,-0.017272096127271652,-0.023524576798081398,-0.026113392785191536,-0.027073003351688385,-0.02758786268532276,-0.02674703858792782,-0.020450105890631676,-0.011288824491202831,-0.013569680973887444,-0.016573041677474976,-0.01913507655262947,-0.021452706307172775,-0.023340048268437386,-0.024714935570955276,-0.026432553306221962,-0.026822146028280258,-0.02768031135201454,-0.03065996617078781,-0.03249847888946533,-0.03434573858976364,-0.034464094787836075,-0.036495547741651535,-0.03904854506254196,-0.0437665618956089,-0.048153359442949295,-0.04954427480697632,-0.04950741305947304
-0.03899083286523819,-0.03899083286523819,-0.04000289738178253,-0.04199014976620674,-0.043897595256567,-0.043673526495695114,-0.04033523052930832,-0.03099879063665867,-0.01828470453619957,-0.006408481393009424,-0.0027534584514796734,-0.005877796094864607,-0.011367326602339745,-0.016806939616799355,-0.020728934556245804,-0.022107677534222603,-0.023382391780614853,-0.024487413465976715,-0.022856388241052628,-0.020582061260938644,-0.016403421759605408,-0.016386602073907852,-0.017338665202260017,-0.019223006442189217,-0.020928271114826202,-0.022583812475204468,-0.02299201488494873,-0.02487480826675892,-0.027338698506355286,-0.028864670544862747,-0.029325071722269058,-0.02923138067126274,-0.03145892545580864,-0.03377927467226982,-0.03675331920385361,-0.04163805767893791,-0.04746678099036217,-0.05116414278745651,-0.05169661343097687,-0.051044631749391556
