dougfraga/big_0.json
{"header": {"parameterUnit": "m.s-1", "parameterNumber": 2, "dx": 0.016666000000000736, "dy": 0.016666000000000736, "parameterNumberName": "Eastward current", "la1": -22.891645999999998, "la2": -24.0416, "parameterCategory": 2, "lo2": -43.225054, "nx": 95, "ny": 70, "refTime": "2022-12-18 00:00:00", "lo1": -44.79166}, "data":
[rows 0 to 17 of 70, columns 42 to 83 of 95]
0.0,0.0,0.0,0.0,0.0,0.0,0.0,0.0,0.0,0.0,0.0,0.0,0.0,0.0,0.0,0.0,0.0,0.0,0.0,0.0,0.0,0.0,0.0,0.0,0.0,0.0,0.0,0.0,0.0,0.0,0.0,0.0,0.0,0.0,0.0,0.0,0.0,0.0,0.0,0.0,0.0,0.0
0.0,0.0,0.0,0.0,0.0,0.0,0.0,0.0,0.0,0.0,0.0,0.0,0.0,0.0,0.0,0.0,0.0,0.0,0.0,0.0,0.0,0.0,0.0,0.0,0.0,0.0,0.0,0.0,0.0,0.0,0.0,0.0,0.0,0.0,0.0,0.0,0.0,0.0,0.0,0.0,0.0,0.0
0.0,0.0,0.0,0.0,0.0,0.0,0.0,0.0,0.0,0.0,0.0,0.0,0.0,-2.554839087219231e-20,0.0,0.0,0.0,0.0,0.0,0.0,0.0,0.0,0.0,0.0,0.0,0.0,0.0,0.0,0.0,0.0,0.0,0.0,0.0,0.0,0.0,0.0,0.0,0.0,0.0,0.0,0.0,0.0
0.0,0.0,0.0,0.0,0.0,0.0,0.0,0.0,-7.166424510448235e-19,0.0,0.0,0.0,0.0,0.00026140655972994864,0.00026140655972994864,0.0,0.00017394167662132531,0.00017394167662132531,0.0,0.0,0.0,0.0,0.0,0.0,0.0,0.0,0.0,0.0,0.0,0.0,0.0,0.0,0.0,0.0,0.0,0.0,0.0,0.0,0.0,0.0,0.0,0.0
0.0,0.004958068020641804,0.004958068020641804,0.0,0.0,0.001881471136584878,0.001104371272958815,-0.00034996247268281877,0.0012597375316545367,-0.002480331575497985,-0.003312931628897786,0.0,0.0,0.000666652515064925,0.002606909489259124,0.004706774838268757,0.005664801690727472,0.006136853713542223,0.006153139751404524,0.004839762579649687,0.0019251928897574544,0.0,0.0,0.0,0.0,0.0,0.0,0.0,0.0,0.0,0.0,0.0,0.0,0.0,0.0,0.0,0.0,0.0,0.0,0.0,0.0,0.0
0.0,0.007527257781475782,0.007527257781475782,0.0,-0.0006323985871858895,-0.00474836491048336,-0.010030621662735939,-0.012301652692258358,-0.011790670454502106,-0.012217697687447071,-0.012336955405771732,-0.00976244080811739,-0.004034567624330521,0.0025450570974498987,0.005200040992349386,0.006248125806450844,0.007101367227733135,0.0075510176829993725,0.00856818538159132,0.011710509657859802,0.013854476623237133,0.00687430240213871,0.0,0.0,0.0,0.0,0.0,0.0,0.0,0.0,0.0,0.0,0.0,0.0,0.0,0.0,0.0,0.0,0.0,0.0,0.0,0.0
0.0,-0.0008238123846240342,-0.0021750335581600666,-0.005419003777205944,-0.0081632100045681,-0.00819653645157814,-0.0107339508831501,-0.015439989045262337,-0.01736973226070404,-0.013888109475374222,-0.010273734107613564,-0.0066607920452952385,7.20783427823335e-05,0.004594775848090649,0.006388850510120392,0.007926637306809425,0.009811937808990479,0.011965840123593807,0.01439970824867487,0.017413778230547905,0.02063850127160549,0.02182619273662567,0.010703567415475845,0.0,0.0,0.0,0.0,0.0,0.0,0.0,0.0,0.0,0.0,0.0,0.0,0.0,0.0,0.0,0.0,0.0,0.0,0.0
-0.001244029146619141,-0.002243519527837634,-0.002642187289893627,-0.005555087700486183,-0.008437201380729675,-0.012819183990359306,-0.019497612491250038,-0.02321908064186573,-0.021344754844903946,-0.01543166022747755,-0.006320281885564327,0.0008498907554894686,0.0033589918166399,0.005735487677156925,0.007773480843752623,0.009442495182156563,0.010677280835807323,0.014754239469766617,0.01994243636727333,0.02253282628953457,0.025463854894042015,0.03187461942434311,0.041959457099437714,0.04536040127277374,0.03827350586652756,0.01668151281774044,0.0,0.0,0.0,0.0,0.0,0.0,0.0,0.0,0.0,0.0,0.0,0.0,0.0,0.0,0.0,0.0
0.012434891425073147,0.002441963879391551,-0.003550363937392831,-0.008269347250461578,-0.014944856986403465,-0.01467395294457674,-0.015164774842560291,-0.017117122188210487,-0.013510455377399921,-0.010947340168058872,-0.006033298093825579,0.0005376988556236029,0.005741290282458067,0.008890996687114239,0.012207400985062122,0.015852877870202065,0.019503630697727203,0.02266780473291874,0.02423311024904251,0.026720672845840454,0.031028471887111664,0.03830054774880409,0.04730852693319321,0.051995255053043365,0.05344759672880173,0.06053037568926811,0.06514450907707214,0.060854025185108185,0.05514378845691681,0.04422541707754135,0.01818380504846573,0.0,0.0,0.0,0.0,0.0,0.0,0.0,0.0,0.0,0.0,0.0
0.007140211295336485,-0.0022998435888439417,-0.003821268444880843,-0.006412992719560862,-0.01224126573652029,-0.01595926843583584,-0.024287177249789238,-0.029042555019259453,-0.02449660748243332,-0.016447992995381355,-0.006481719668954611,0.0006518844747915864,0.0047539775259792805,0.007638678885996342,0.01070517860352993,0.01450857613235712,0.015812156721949577,0.019452262669801712,0.02462627738714218,0.02396615594625473,0.024471506476402283,0.03811180219054222,0.05150803551077843,0.05402453616261482,0.05626079440116882,0.06071007251739502,0.06331390142440796,0.06225108355283737,0.06020129472017288,0.05914479121565819,0.04811334237456322,0.01849484071135521,0.0,0.0,0.0,0.0,0.0,0.0,0.011825911700725555,0.02654273621737957,0.026399938389658928,0.02204194664955139
0.009495864622294903,0.003944747615605593,0.0008285188814625144,-0.004294860176742077,-0.0080733522772789,-0.01206131186336279,-0.006467488128691912,0.0,0.0,-0.002209252445027232,-0.004585739225149155,-0.005613645073026419,-0.0032371580600738525,0.0,0.0,0.0,0.00519436364993453,0.011807074770331383,0.014367709867656231,0.016226699575781822,0.014840872958302498,0.0063691711984574795,0.0,0.0,0.0,0.0,0.0,0.0,0.0,0.0,0.0008561199647374451,0.0008561199647374451,0.0,0.0,0.0,0.01668781042098999,0.03135991841554642,0.034546833485364914,0.03563432767987251,0.027609743177890778,0.02403072640299797,0.03001677617430687
0.01618599146604538,0.010736033320426941,0.005016210488975048,-0.0030711961444467306,-0.00942156556993723,-0.006074439734220505,0.0,0.0,0.0,0.0,0.0,0.0,0.0,0.0,0.0,0.0,0.0,0.0,0.0,0.0,0.0,0.0,0.017650775611400604,0.028010791167616844,0.023755019530653954,0.03201702982187271,0.03138214349746704,0.023998497053980827,0.017197871580719948,0.005248416215181351,0.004480238072574139,0.005191314034163952,0.0,0.014088601805269718,0.0349954254925251,0.0353870615363121,0.030730266124010086,0.031701214611530304,0.03454183042049408,0.03226633369922638,0.026236113160848618,0.026200909167528152
0.01858634687960148,0.01335890218615532,0.01244952529668808,0.004727702122181654,-0.0007932246662676334,0.0,0.0,0.0,0.0,0.0,0.0,0.00836007297039032,0.01613227277994156,0.01619408093392849,0.018154749646782875,0.02535737305879593,0.025449024513363838,0.019467877224087715,0.020268116146326065,0.022556329146027565,0.024712514132261276,0.027600165456533432,0.027076011523604393,0.027177151292562485,0.025761326774954796,0.022618992254137993,0.021373720839619637,0.019906695932149887,0.024050815030932426,0.021595612168312073,0.011656148359179497,0.02280973643064499,0.04383904114365578,0.04424607381224632,0.03565487638115883,0.03190222010016441,0.0358600988984108,0.03555460646748543,0.029097024351358414,0.026781711727380753,0.027494875714182854,0.033928290009498596
0.023798856884241104,0.01980883814394474,0.018559962511062622,0.014913150109350681,0.005895920563489199,0.0,0.0,0.015362683683633804,0.02585100568830967,0.022743768990039825,0.03097672387957573,0.02863192930817604,0.017322132363915443,0.014117679558694363,0.01216718927025795,0.010721360333263874,0.00996190682053566,0.011049062944948673,0.01416719239205122,0.016751453280448914,0.01914207823574543,0.024513503536581993,0.022207999601960182,0.014271361753344536,0.010381745174527168,0.010308386757969856,0.01755925640463829,0.01797797903418541,0.014539217576384544,0.015636801719665527,0.017979400232434273,0.025845244526863098,0.03286711126565933,0.03419652581214905,0.03246637061238289,0.029843835160136223,0.028327753767371178,0.02761310525238514,0.03151300176978111,0.03141103684902191,0.028976256027817726,0.03280586376786232
0.02124737575650215,0.02002512663602829,0.026592830196022987,0.03168552368879318,0.034919723868370056,0.0388723723590374,0.042874790728092194,0.03820963203907013,0.025691069662570953,0.025334125384688377,0.023975173011422157,0.015746425837278366,0.010021282359957695,0.006263741757720709,0.0037799281999468803,0.0022655376233160496,0.0016692476347088814,0.0031106113456189632,0.00566481426358223,0.007776915095746517,0.009260623715817928,0.00958121009171009,0.007762799505144358,0.009982775896787643,0.008474462665617466,0.004522227216511965,0.005976793356239796,0.005642324220389128,0.005783573258668184,0.007749913260340691,0.012841494753956795,0.02343038283288479,0.027820050716400146,0.025808854028582573,0.025014905259013176,0.021654510870575905,0.018837423995137215,0.018439557403326035,0.019912201911211014,0.022583389654755592,0.027518678456544876,0.03660058230161667
0.021153181791305542,0.02618667110800743,0.029666446149349213,0.03488386049866676,0.03641124069690704,0.03641941770911217,0.03669389709830284,0.032843273133039474,0.0239308662712574,0.018605394288897514,0.0143246129155159,0.010082055814564228,0.006612104829400778,0.003865059232339263,0.001791509217582643,0.0005050661857239902,0.0058759707026183605,0.0077574774622917175,0.0034955842420458794,0.0037544926162809134,0.004063073545694351,0.003572203451767564,0.00280393217690289,0.0015447204932570457,0.0002481620176695287,0.003962109796702862,0.004537869710475206,0.0007524970569647849,0.0016146850539371371,0.003965465817600489,0.008374592289328575,0.01351835671812296,0.016216391697525978,0.016624756157398224,0.015711147338151932,0.013610262423753738,0.01455517765134573,0.013585357926785946,0.012624683789908886,0.019049301743507385,0.028058964759111404,0.03574061766266823
0.020721841603517532,0.025798523798584938,0.027961086481809616,0.029083330184221268,0.0338444858789444,0.03474702686071396,0.02822902798652649,0.02248973958194256,0.017825566232204437,0.01401872094720602,0.015587803907692432,0.014981568790972233,0.00887393020093441,0.006613330449908972,0.005363474600017071,0.0037345828022807837,0.003125568851828575,0.0021337883081287146,0.0007951925508677959,0.00496377469971776,0.005645728204399347,0.0012695820769295096,0.0002645932254381478,-0.00030266708927229047,-0.0009198410552926362,-0.0011802369263023138,-0.001224607927724719,-0.0018242739606648684,-0.0011693809647113085,0.004641961306333542,0.008583147078752518,0.008519441820681095,0.009809826500713825,0.010178112424910069,0.009858822450041771,0.009479926899075508,0.008707927539944649,0.008292658254504204,0.012004753574728966,0.019441016018390656,0.02720455825328827,0.03373557701706886
0.024307914078235626,0.0211754459887743,0.025817913934588432,0.023650212213397026,0.021499518305063248,0.018397090956568718,0.01867872290313244,0.01670975610613823,0.012642516754567623,0.011778757907450199,0.009053118526935577,0.004968323279172182,0.001968500204384327,0.005794341675937176,0.0075302934274077415,0.003859523916617036,0.0031020608730614185,0.002837476087734103,0.0013172633480280638,-0.0004101098165847361,-0.0021990067325532436,-0.003919454291462898,-0.004758512135595083,-0.004972495138645172,-0.00423320522531867,0.0006661645020358264,0.002879938343539834,0.0006606218521483243,0.0009262585081160069,0.0018492721719667315,0.0034419686999171972,0.004819433204829693,0.004931749310344458,0.004668512847274542,0.005209976341575384,0.006724699400365353,0.0089813731610775,0.012625020928680897,0.017986487597227097,0.024499712511897087,0.03287193179130554,0.03884682059288025
