dougfraga/big_2.json
{"header": {"parameterUnit": "m.s-1", "parameterNumber": 3, "dx": 0.016666000000000736, "dy": 0.016666000000000736, "parameterNumberName": "Northward current", "la1": -22.891645999999998, "la2": -24.0416, "parameterCategory": 2, "lo2": -43.225054, "nx": 95, "ny": 70, "refTime": "2022-12-18 02:00:00", "lo1": -44.79166}, "data":
[rows 0 to 17 of 70, columns 40 to 79 of 95]
0.0,0.0,0.0,0.0,0.0,0.0,0.0,0.0,0.0,0.0,0.0,0.0,0.0,0.0,0.0,0.0,0.0,0.0,0.0,0.0,0.0,0.0,0.0,0.0,0.0,0.0,0.0,0.0,0.0,0.0,0.0,0.0,0.0,0.0,0.0,0.0,0.0,0.0,0.0,0.0
0.0,0.0,0.0,0.0,0.0,0.0,0.0,0.0,0.0,0.0,0.0,0.0,0.0,0.0,0.0,0.0,0.0,0.0,0.0,0.0,0.0,0.0,0.0,0.0,0.0,0.0,0.0,0.0,0.0,0.0,0.0,0.0,0.0,0.0,0.0,0.0,0.0,0.0,0.0,0.0
0.0,0.0,0.0,0.0,0.0,0.0,0.0,0.0,0.0,0.0,0.0,0.0,0.0,0.0,0.0,0.0007767496863380075,0.0,0.0,0.0,0.0,0.0,0.0,0.0,0.0,0.0,0.0,0.0,0.0,0.0,0.0,0.0,0.0,0.0,0.0,0.0,0.0,0.0,0.0,0.0,0.0
0.0,0.0,0.0,0.0,0.0,0.0,0.0,0.0,0.0,0.0,-0.010966960340738297,0.0,0.0,0.0,0.0,-0.001773008843883872,-0.0015677292831242085,0.0,-0.004599242936819792,-0.00548434816300869,0.0,0.0,0.0,0.0,0.0,0.0,0.0,0.0,0.0,0.0,0.0,0.0,0.0,0.0,0.0,0.0,0.0,0.0,0.0,0.0
0.0,0.0,0.0,-0.008852587081491947,-0.009875665418803692,0.0,0.0,-0.010236993432044983,-0.009685534983873367,-0.008829865604639053,-0.02419065497815609,-0.008680567145347595,-0.008112379349768162,0.0,0.0,-0.008512497879564762,-0.00628978107124567,-0.004532615188509226,-0.009779691696166992,-0.010274231433868408,-0.003625831101089716,-0.004245915915817022,-0.00804709643125534,0.0,0.0,0.0,0.0,0.0,0.0,0.0,0.0,0.0,0.0,0.0,0.0,0.0,0.0,0.0,0.0,0.0
0.0,0.0,0.0,-0.021672748029232025,-0.02435733936727047,0.0,-0.011421027593314648,-0.019411800429224968,-0.019210634753108025,-0.017031151801347733,-0.02095511183142662,-0.012922422960400581,-0.013483414426445961,-0.0018934867111966014,-0.0026744664646685123,-0.010714971460402012,-0.009282806888222694,-0.009280991740524769,-0.010456687770783901,-0.010630070231854916,-0.009605049155652523,-0.011250478215515614,-0.01769484207034111,-0.013385245576500893,0.0,0.0,0.0,0.0,0.0,0.0,0.0,0.0,0.0,0.0,0.0,0.0,0.0,0.0,0.0,0.0
0.0,0.0,0.0,-0.02817678451538086,-0.029003554955124855,-0.011720006354153156,-0.024048496037721634,-0.021090783178806305,-0.020778197795152664,-0.0159721989184618,-0.019441301003098488,-0.013730223290622234,-0.011849426664412022,-0.0077797360718250275,-0.009112867526710033,-0.010953531600534916,-0.010639426298439503,-0.010356408543884754,-0.012067482806742191,-0.012080398388206959,-0.012868731282651424,-0.01480099931359291,-0.019763264805078506,-0.02813095413148403,-0.022581379860639572,0.0,0.0,0.0,0.0,0.0,0.0,0.0,0.0,0.0,0.0,0.0,0.0,0.0,0.0,0.0
0.0,0.0,-0.011105280369520187,-0.030513407662510872,-0.030072683468461037,-0.026557615026831627,-0.026467429473996162,-0.02069239877164364,-0.02018028311431408,-0.02082613669335842,-0.026021799072623253,-0.022643933072686195,-0.01683730073273182,-0.01505119726061821,-0.015248374082148075,-0.015077359043061733,-0.014517984353005886,-0.013435063883662224,-0.014610826037824154,-0.013943580910563469,-0.014272022992372513,-0.01588728278875351,-0.019056888297200203,-0.02558370865881443,-0.03712375462055206,-0.008545026183128357,-0.012295772321522236,-0.02573075331747532,0.0,0.0,0.0,0.0,0.0,0.0,0.0,0.0,0.0,0.0,0.0,0.0
0.0,-0.009452051483094692,-0.021764563396573067,-0.02761467918753624,-0.028222734108567238,-0.028209222480654716,-0.026722585782408714,-0.0247667096555233,-0.026327216997742653,-0.025087406858801842,-0.02259257063269615,-0.021680651232600212,-0.01933918707072735,-0.01835210807621479,-0.017389144748449326,-0.017152700573205948,-0.016511226072907448,-0.015643833205103874,-0.017360612750053406,-0.01675720326602459,-0.0161555428057909,-0.014930504374206066,-0.01456587202847004,-0.014008449390530586,-0.023405570536851883,-0.016282182186841965,-0.020451104268431664,-0.03598589077591896,-0.004108370281755924,-0.005159508902579546,-0.008127295412123203,-0.016079599037766457,-0.037125177681446075,0.0,0.0,0.0,0.0,0.0,0.0,0.0
-0.004078428260982037,-0.015527084469795227,-0.02053135447204113,-0.026826759800314903,-0.031050652265548706,-0.030712787061929703,-0.0312191229313612,-0.034887250512838364,-0.04032641276717186,-0.012032181955873966,-0.00828065536916256,-0.015250641852617264,-0.017346087843179703,-0.017576880753040314,-0.01590684801340103,-0.008276641368865967,-0.008071914315223694,-0.007816801778972149,-0.021587390452623367,-0.015826821327209473,-0.01648356206715107,-0.010457207448780537,-0.006310103461146355,0.0044312006793916225,-0.008863196708261967,-0.0077371555380523205,-0.008155332878232002,-0.010255138389766216,-0.004108370281755924,-0.005159508902579546,-0.008127295412123203,-0.016079599037766457,-0.08379355072975159,-0.02730468101799488,0.0,0.0,0.0,0.0,0.0,0.0
-0.012350067496299744,-0.014638084918260574,-0.022394783794879913,-0.03217605873942375,-0.037935469299554825,-0.03930406644940376,-0.03890380263328552,-0.03364783152937889,-0.02292638085782528,0.0,0.0,-0.0067255571484565735,-0.008365809917449951,-0.008389720693230629,-0.007327675353735685,0.0,0.0,0.0,-0.012046358548104763,-0.006772986147552729,-0.007710529491305351,-0.003617549082264304,-0.0006856010877527297,0.007601649034768343,0.0,0.0,0.0,0.0,0.0,0.0,0.0,0.0,-0.06444603204727173,-0.05061003938317299,0.0,0.0,0.0,-0.000576484075281769,-0.0030975877307355404,-0.005976395215839148
-0.01922975853085518,-0.02076035551726818,-0.02807873673737049,-0.03531242907047272,-0.03973839059472084,-0.0471748486161232,-0.04922432824969292,-0.01475086621940136,0.0,0.0,0.0,0.0,0.0,0.0,0.0,0.0,0.0,0.0,0.0,0.0,0.0,0.0,0.0,0.0,-0.0004042367509100586,0.00010393642878625542,-0.007034899666905403,-0.009935524314641953,-0.00860736332833767,-0.010848749428987503,-0.013548579066991806,-0.019712986424565315,-0.040727391839027405,-0.05098747834563255,0.0,0.0018958542495965958,-0.001282708952203393,0.005490071140229702,0.0010160752572119236,-0.007174906320869923
-0.02529352344572544,-0.027045736089348793,-0.03221495449542999,-0.038203995674848557,-0.042648155242204666,-0.05043688789010048,-0.05826590582728386,0.0,0.0,0.0,0.0,0.0,0.0,0.00472339428961277,0.00027966403285972774,-0.00355925434269011,-0.005959782749414444,-0.006603598594665527,-0.002776380628347397,-0.004017645958811045,-0.004645490553230047,-0.004475871101021767,-0.0038316852878779173,-0.003141227876767516,-0.0025535495951771736,-0.0025600458029657602,-0.008007633499801159,-0.013370168395340443,-0.014492557384073734,-0.02129696123301983,-0.025578076019883156,-0.029606318101286888,-0.034990280866622925,-0.04638873040676117,-0.009534208104014397,0.001088061137124896,-0.00055096106370911,0.006946942303329706,0.00496741384267807,0.004366718698292971
-0.033937301486730576,-0.03586076200008392,-0.035601213574409485,-0.039845019578933716,-0.041937656700611115,-0.04943487048149109,-0.061234235763549805,0.0,0.0,0.005128327291458845,0.0047949026338756084,0.0019204115960747004,-3.6677618027169956e-06,0.013351437635719776,0.009002459235489368,0.004039661958813667,0.0010417713783681393,-0.001204759581014514,0.001084221643395722,-0.0022210744209587574,-0.003995809238404036,-0.00442912383005023,-0.004086690954864025,-0.002241262700408697,0.006514094769954681,0.007348302286118269,0.005840613041073084,-0.000528730102814734,-0.006369887385517359,-0.007832647301256657,-0.012149620801210403,-0.011043131351470947,-0.014132636599242687,-0.020890362560749054,-0.010513721033930779,0.0013947957195341587,0.004441217519342899,0.004323896020650864,0.0030697358306497335,0.006158279720693827
-0.04300190880894661,-0.042549148201942444,-0.036927729845047,-0.039534762501716614,-0.03969043493270874,-0.04103102162480354,-0.047374650835990906,-0.006980531383305788,-0.003463597036898136,0.010950040072202682,0.011561102233827114,0.007749183103442192,0.010661843232810497,0.022039154544472694,0.022983726114034653,0.02204059809446335,0.02113417536020279,0.01941864565014839,0.017578499391674995,0.011279038153588772,0.008360354229807854,0.006349628325551748,0.004621157422661781,0.004759109113365412,0.012117454782128334,0.013645282946527004,0.015319054014980793,0.010422048158943653,0.0032035959884524345,0.004101407714188099,-0.002273392863571644,-0.006730951834470034,-0.009457634761929512,-0.0076750642620027065,0.001913323299959302,0.008080931380391121,0.011959215626120567,0.012575413100421429,0.010625382885336876,0.005098420195281506
-0.0355415903031826,-0.039201851934194565,-0.037465501576662064,-0.03599829226732254,-0.03547985106706619,-0.0269042756408453,-0.022127704694867134,-0.010758113116025925,-0.0048606982454657555,0.012719724327325821,0.016701405867934227,0.016855668276548386,0.023256441578269005,0.024440191686153412,0.024474814534187317,0.0234372541308403,0.021239975467324257,0.02012518420815468,0.01962069794535637,0.020102420821785927,0.01884245127439499,0.017780397087335587,0.014145447872579098,0.012167038396000862,0.01043679192662239,0.00923633761703968,0.012437477707862854,0.010210082866251469,0.010145879350602627,0.0066426289267838,0.0016051416750997305,-0.002856978215277195,-0.007821675390005112,-0.005270384717732668,0.00523305544629693,0.009918426163494587,0.01332772709429264,0.014299221336841583,0.012940187938511372,0.011334673501551151
-0.012141580693423748,-0.023544227704405785,-0.03293381258845329,-0.02575460635125637,-0.025134263560175896,-0.019736820831894875,-0.01462479867041111,-0.0034433056134730577,0.003518895711749792,0.011960004456341267,0.01519558671861887,0.015423084609210491,0.016725080087780952,0.02042168192565441,0.021617231890559196,0.021174056455492973,0.01740129105746746,0.015282459557056427,0.014062547124922276,0.01761080138385296,0.01652538776397705,0.01648203656077385,0.018688226118683815,0.017521172761917114,0.015597810037434101,0.013683769851922989,0.012005394324660301,0.010601338930428028,0.01175680197775364,0.008351325988769531,0.004288718104362488,0.0017927156295627356,0.0019158056238666177,0.0031615188345313072,0.006342814303934574,0.009338260628283024,0.011492385528981686,0.012119481340050697,0.011797267012298107,0.013680815696716309
0.0,-0.01727699302136898,-0.01841573230922222,-0.01810581237077713,-0.013209705241024494,-0.01055241096764803,-0.009734098799526691,0.00027643865905702114,0.005388722289353609,0.010720140300691128,0.012140207923948765,0.012426784262061119,0.013337827287614346,0.01670709252357483,0.017756029963493347,0.017604369670152664,0.01902000419795513,0.017968641594052315,0.016405483707785606,0.01533078495413065,0.014030514284968376,0.013656715862452984,0.015887046232819557,0.01415881235152483,0.012259063310921192,0.010179423727095127,0.008991530165076256,0.00836220569908619,0.008725658990442753,0.005977892782539129,0.0021892902441322803,-1.0661803571565542e-05,0.0029563012067228556,0.00422505522146821,0.00618211692199111,0.008710717782378197,0.010831660591065884,0.010764212347567081,0.011142891831696033,0.010343927890062332
