dougfraga/big_21.json
{"header": {"parameterUnit": "m.s-1", "parameterNumber": 3, "dx": 0.016666000000000736, "dy": 0.016666000000000736, "parameterNumberName": "Northward current", "la1": -22.891645999999998, "la2": -24.0416, "parameterCategory": 2, "lo2": -43.225054, "nx": 95, "ny": 70, "refTime": "2022-12-18 21:00:00", "lo1": -44.79166}, "data":
[rows 18 to 35 of 70, columns 0 to 39 of 95]
0.0,0.0,0.0,0.0,0.0,0.0053804004564881325,0.015852250158786774,0.014346281066536903,0.0042619830928742886,0.0015336843207478523,-0.0035016147885471582,-0.0019560426007956266,-0.0038377423770725727,-0.014769935980439186,-0.018623346462845802,-0.02030271850526333,-0.006282844580709934,-0.0031620627269148827,-0.001319106318987906,0.0009832201758399606,-0.0020828156266361475,-0.023762056604027748,-0.03110121376812458,-0.03584562987089157,-0.04667482152581215,0.0,0.0,0.0,0.0,-0.011698146350681782,-0.014473672024905682,0.0,0.0,0.0,0.0,0.0,0.0,-0.014277201145887375,-0.017667286098003387,-0.02063865028321743
0.0,0.0,0.0,0.0,0.0,0.009940115734934807,0.0137930978089571,0.008083571679890156,0.0,0.0,-0.0009555802098475397,-0.0057987794280052185,-0.015061923302710056,-0.01951637677848339,-0.021692408248782158,-0.017987985163927078,-0.011947312392294407,-0.008957667276263237,-0.0055914586409926414,-0.001968040131032467,0.0010801401222124696,-0.011280317790806293,-0.01672195829451084,-0.026041096076369286,-0.04515857994556427,-0.02140960656106472,0.0,0.0,-0.012562919408082962,-0.021638263016939163,-0.030123796314001083,-0.020714981481432915,0.0,0.0,-0.019999390468001366,0.0,-0.012311795726418495,-0.02168070338666439,-0.026640258729457855,-0.031204819679260254
0.0,0.0,0.0,0.0,0.0,0.004559715744107962,0.00588144501671195,0.0,0.0,0.0,0.0,-0.012868170626461506,-0.010744139552116394,-0.013309886679053307,-0.0177672877907753,-0.018087783828377724,-0.020549960434436798,-0.017887325957417488,-0.012498710304498672,-0.005970961879938841,-0.0016449382528662682,-0.0016106589464470744,-0.0050916168838739395,-0.0190220195800066,-0.03647826611995697,-0.04724235460162163,0.0,0.0,-0.016984179615974426,-0.015539267100393772,-0.0262178722769022,-0.03466816619038582,-0.01787114329636097,-0.01808173954486847,-0.03865860030055046,-0.019262103363871574,-0.030286822468042374,-0.026883147656917572,-0.025409244000911713,-0.023808538913726807
0.0,0.0,0.0,0.0,0.0,0.0,0.0,0.0,0.0,0.0,0.0,-0.005931046325713396,-0.0005852562608197331,-0.014159067533910275,-0.01771620661020279,-0.020981894806027412,-0.026862485334277153,-0.02397090569138527,-0.017239658161997795,-0.011726862750947475,-0.006975613068789244,-0.004657360725104809,-0.006124686915427446,-0.014653290621936321,-0.029729345813393593,-0.04357931390404701,-0.016509991139173508,-0.015263576991856098,-0.014155701734125614,-0.017417974770069122,-0.0255485437810421,-0.03097151406109333,-0.03470689803361893,-0.03558351472020149,-0.037088897079229355,-0.03796431049704552,-0.036454979330301285,-0.04048788920044899,-0.03462294489145279,-0.026666665449738503
0.0,0.0,0.0,0.0,0.0,0.0,0.0,0.0,0.0,0.0,0.0,0.0,0.0,-0.018426118418574333,-0.020137406885623932,-0.025289321318268776,-0.0293936338275671,-0.022766275331377983,-0.016739819198846817,-0.014166980050504208,-0.010640018619596958,-0.007986840792000294,-0.007222150452435017,-0.007414366118609905,-0.0156855471432209,-0.030368031933903694,-0.03108532354235649,-0.02964388206601143,-0.02390371635556221,-0.024851998314261436,-0.0289908554404974,-0.033232204616069794,-0.034248821437358856,-0.03585361689329147,-0.037410616874694824,-0.03751146420836449,-0.03654142841696739,-0.03817087784409523,-0.03259257972240448,-0.0258185975253582
0.0,0.0,0.0,0.0,0.0,0.0,0.0,0.0,0.0,0.0,0.0,0.0,0.0,-0.007414164021611214,-0.009048770181834698,-0.012903357855975628,-0.02723630703985691,-0.017878443002700806,-0.01571016013622284,-0.014182869344949722,-0.011210624128580093,-0.009684263728559017,-0.008366753347218037,-0.010047249495983124,-0.014849785715341568,-0.02333885431289673,-0.027627889066934586,-0.027869606390595436,-0.02731488086283207,-0.025853414088487625,-0.027628539130091667,-0.03114459663629532,-0.03370415419340134,-0.03531838208436966,-0.03580113872885704,-0.03540575131773949,-0.03542860224843025,-0.03313690796494484,-0.028441336005926132,-0.024059852585196495
0.0,0.0,0.0,0.0,0.0,0.0,0.0,0.0,0.0,0.0,0.0,0.0,0.0,0.0,0.0,0.0,-0.025189723819494247,-0.0151183707639575,-0.012025930918753147,-0.012393586337566376,-0.008506719022989273,-0.00936999823898077,-0.013544121757149696,-0.017743369564414024,-0.021555058658123016,-0.021842125803232193,-0.024902278557419777,-0.024565624073147774,-0.024277739226818085,-0.024530185386538506,-0.02562958002090454,-0.027757706120610237,-0.029734665527939796,-0.030741147696971893,-0.03195032849907875,-0.03142175450921059,-0.030552420765161514,-0.027997033670544624,-0.024183711037039757,-0.01968654803931713
0.0,0.0,0.0,0.0,0.0,0.0,0.0,0.0,0.0,0.0,0.0,0.0,0.0,0.0,0.0,-0.024766234681010246,-0.03473186865448952,-0.012132612057030201,-0.0040281726978719234,-0.0101634431630373,-0.010581031441688538,-0.011964120902121067,-0.015375597402453423,-0.016522159799933434,-0.01927965320646763,-0.0193492379039526,-0.019476305693387985,-0.020766673609614372,-0.018709570169448853,-0.02016051672399044,-0.021061280742287636,-0.02207108773291111,-0.022708749398589134,-0.02289513126015663,-0.02466711960732937,-0.02415681816637516,-0.02215598151087761,-0.020468538627028465,-0.017763355746865273,-0.014184909872710705
0.0,0.0,0.0,0.0,0.0,0.0,0.0,0.0,0.0,0.0,0.0,0.0,0.0,0.0,-0.027271656319499016,-0.04868684709072113,-0.045618634670972824,-0.01946702040731907,-0.0039061810821294785,-0.007867483422160149,-0.012645143084228039,-0.014498758129775524,-0.013313287869095802,-0.012777885422110558,-0.012871687300503254,-0.014927297830581665,-0.014537671580910683,-0.014676101505756378,-0.012308431789278984,-0.013295721262693405,-0.014213263057172298,-0.015052557922899723,-0.017406227067112923,-0.016748469322919846,-0.015055033378303051,-0.015415101312100887,-0.015041077509522438,-0.01464187353849411,-0.012989571318030357,-0.01025555469095707
0.0,0.0,0.0,0.0,0.0,0.0,0.0,0.0,0.0,0.0,0.0,0.0,0.0,0.0,-0.037783268839120865,-0.041647106409072876,-0.03922087326645851,-0.024996120482683182,-0.006218225695192814,-0.00403128145262599,-0.0068158493377268314,-0.009497052989900112,-0.009427228011190891,-0.009199676103889942,-0.007729617413133383,-0.008766385726630688,-0.009188695810735226,-0.007502427790313959,-0.007187495008111,-0.0074261450208723545,-0.010654089041054249,-0.012507369741797447,-0.013853982090950012,-0.012727510184049606,-0.009045866318047047,-0.0092902397736907,-0.009601878002285957,-0.0096513656899333,-0.007931440137326717,-0.005905629601329565
0.0,0.0,0.0,0.0,0.0,-0.013253023847937584,-0.014550880528986454,-0.018691183999180794,-0.024736737832427025,-0.03662494197487831,0.0,0.0,0.0,-0.0015021591680124402,-0.02049650065600872,-0.026436924934387207,-0.023157771676778793,-0.01625552587211132,-0.00566311227157712,-0.0033500497229397297,-0.003402477828785777,-0.003789772978052497,-0.00571166118606925,-0.005433684680610895,-0.004515360109508038,-0.0018413602374494076,-0.0018079124856740236,-0.005914307665079832,-0.008268228732049465,-0.008523905649781227,-0.007474811282008886,-0.011451772414147854,-0.009888891130685806,-0.008047721348702908,-0.005196902900934219,-0.004182580858469009,-0.004203059710562229,-0.0039198449812829494,-0.0038634026423096657,-0.0028853074181824923
0.0,0.0,0.0,0.0,-0.01245937030762434,-0.028468964621424675,-0.0298338420689106,-0.03667489066720009,-0.04789171367883682,-0.06361841410398483,-0.02079220488667488,-0.02463417686522007,-0.01681816577911377,-0.015905121341347694,-0.026044944301247597,-0.024192217737436295,-0.021623576059937477,-0.01780492067337036,-0.01153519656509161,-0.005279506091028452,-0.0034636349882930517,-0.0004548545985016972,0.00015179139154497534,-0.0006591754499822855,0.0006418048869818449,-0.00032898649806156754,-0.003145161783322692,-0.0075821238569915295,-0.012737294659018517,-0.014896372333168983,-0.013172022067010403,-0.010450201109051704,-0.008078738115727901,-0.005161832086741924,-0.002358715981245041,-1.899371090985369e-05,0.001370796817354858,0.0010539984796196222,0.0012500607408583164,0.0018318890361115336
-0.02840656228363514,-0.02840656228363514,-0.030045438557863235,-0.02825198508799076,-0.032971955835819244,-0.033626992255449295,-0.03439134731888771,-0.0354774184525013,-0.04121117666363716,-0.04367302730679512,-0.03499714285135269,-0.03759594261646271,-0.02788124978542328,-0.026768941432237625,-0.03027106076478958,-0.030927272513508797,-0.02956431917846203,-0.026543155312538147,-0.020399613305926323,-0.00989727582782507,-0.0053533217869699,-0.000744988676160574,0.004562112037092447,0.0036868187598884106,0.005162963178008795,0.0015965437050908804,-0.005368449725210667,-0.010664932429790497,-0.015946298837661743,-0.01874500699341297,-0.019367698580026627,-0.012246101163327694,-0.008225847035646439,-0.004356818273663521,-0.00010182752885157242,0.0037992799188941717,0.005081682465970516,0.005950928665697575,0.007767790462821722,0.008468582294881344
-0.053799472749233246,-0.053799472749233246,-0.05748148262500763,-0.055129922926425934,-0.04510994255542755,-0.04198924079537392,-0.03964832052588463,-0.036293771117925644,-0.03705266863107681,-0.03403789550065994,-0.027773486450314522,-0.025198424234986305,-0.02258048765361309,-0.024734381586313248,-0.02849600836634636,-0.031369078904390335,-0.03342162072658539,-0.03340265154838562,-0.029544338583946228,-0.017660247161984444,-0.009875995106995106,-0.004335145000368357,0.0015090226661413908,0.012689266353845596,0.0101312305778265,0.006209846120327711,-0.0025435984134674072,-0.011713825166225433,-0.016759095713496208,-0.019654985517263412,-0.019918449223041534,-0.016411133110523224,-0.010740753263235092,-0.0038925427943468094,0.0016828320221975446,0.00510634807869792,0.007639968767762184,0.01003443356603384,0.011513895355165005,0.012181704863905907
-0.05143904313445091,-0.05143904313445091,-0.05312987416982651,-0.05235205218195915,-0.048775993287563324,-0.04645516723394394,-0.04262317717075348,-0.03948294743895531,-0.0370355099439621,-0.033739037811756134,-0.02783110924065113,-0.024873651564121246,-0.024162545800209045,-0.027256380766630173,-0.030944325029850006,-0.03422892093658447,-0.03737429156899452,-0.03954793140292168,-0.03868076577782631,-0.032840222120285034,-0.01659947633743286,-0.009405459277331829,-0.003231208072975278,0.01051949243992567,0.014113850891590118,0.009021034464240074,-0.00018339657981414348,-0.00731684872880578,-0.012740282341837883,-0.01748284325003624,-0.02113005518913269,-0.019158272072672844,-0.01377078890800476,-0.006570491474121809,0.0001292167726205662,0.0052281939424574375,0.009285729378461838,0.01115028839558363,0.01277189888060093,0.014645344577729702
-0.05094975233078003,-0.05094975233078003,-0.050061214715242386,-0.04966561123728752,-0.048358578234910965,-0.04596558213233948,-0.04294772073626518,-0.039805326610803604,-0.03446120396256447,-0.030858924612402916,-0.027144739404320717,-0.024890929460525513,-0.026312900707125664,-0.028687797486782074,-0.03251127898693085,-0.03651755675673485,-0.04030219465494156,-0.04369833320379257,-0.04583855718374252,-0.044592466205358505,-0.03419117256999016,-0.023405108600854874,-0.010184199549257755,-5.1045881264144555e-05,0.013929634355008602,0.009113091975450516,0.0025912111159414053,-0.0016615591011941433,-0.0070825498551130295,-0.012631152756512165,-0.016965331509709358,-0.017754429951310158,-0.0145034184679389,-0.009066147729754448,-0.0020958075765520334,0.00481988862156868,0.008565661497414112,0.010337147861719131,0.01269795186817646,0.013984186574816704
-0.04827922210097313,-0.04827922210097313,-0.048010680824518204,-0.04715242609381676,-0.0463005006313324,-0.04443870112299919,-0.040723174810409546,-0.03698277473449707,-0.03197744861245155,-0.027541212737560272,-0.024713370949029922,-0.025090696290135384,-0.025884896516799927,-0.026935916393995285,-0.031074807047843933,-0.03587315231561661,-0.04044484347105026,-0.04497431591153145,-0.04920905828475952,-0.04976841062307358,-0.04908661171793938,-0.03832875192165375,-0.022077571600675583,-0.010493915528059006,0.001417072955518961,0.00565085606649518,0.004382619168609381,0.002806632546707988,-0.0014363715890794992,-0.007471371907740831,-0.013241923414170742,-0.01598450168967247,-0.014310608617961407,-0.009185484610497952,-0.0039698402397334576,0.00207893387414515,0.007442447356879711,0.008906937204301357,0.009326694533228874,0.010472157970070839
-0.0446431040763855,-0.0446431040763855,-0.04459988325834274,-0.04376683756709099,-0.04257849603891373,-0.04085877537727356,-0.03803342580795288,-0.03396296873688698,-0.029376614838838577,-0.025065815076231956,-0.023811645805835724,-0.023134374991059303,-0.02314629964530468,-0.025508681312203407,-0.029341327026486397,-0.0336485430598259,-0.037834443151950836,-0.042252734303474426,-0.04595134034752846,-0.048231907188892365,-0.04508445784449577,-0.03880154713988304,-0.03022628463804722,-0.02098965458571911,-0.010985223576426506,0.00018336449284106493,0.0021609128452837467,0.005052449647337198,0.0026904409751296043,-0.0031230486929416656,-0.01017384510487318,-0.015202543698251247,-0.01619584485888481,-0.013089374639093876,-0.00839625857770443,-0.000803478411398828,0.004019307903945446,0.006960504222661257,0.007218581158667803,0.00868625845760107
