dougfraga/big_22.json
{"header": {"parameterUnit": "m.s-1", "parameterNumber": 3, "dx": 0.016666000000000736, "dy": 0.016666000000000736, "parameterNumberName": "Northward current", "la1": -22.891645999999998, "la2": -24.0416, "parameterCategory": 2, "lo2": -43.225054, "nx": 95, "ny": 70, "refTime": "2022-12-18 22:00:00", "lo1": -44.79166}, "data":
[rows 36 to 53 of 70, columns 40 to 79 of 95]
-0.0023194942623376846,0.004235220141708851,0.009812663309276104,0.014290588907897472,0.0202169232070446,0.02050427719950676,0.0190904401242733,0.0030503442976623774,-0.007181246764957905,-0.01636807806789875,-0.025124752894043922,-0.03268936648964882,-0.037397053092718124,-0.03935271129012108,-0.04050285369157791,-0.03991758078336716,-0.038285162299871445,-0.036177318543195724,-0.03422361984848976,-0.03472845256328583,-0.03507368639111519,-0.03527399152517319,-0.035680610686540604,-0.03611816465854645,-0.035360973328351974,-0.03278854489326477,-0.02769545651972294,-0.01985047571361065,-0.010989871807396412,-0.003719774540513754,0.0014437806094065309,0.0024276154581457376,0.0014955635415390134,0.001301537617109716,-0.0005724969669245183,-0.002808995544910431,-0.005682008806616068,-0.007910228334367275,-0.008826148696243763,-0.007703660987317562
0.001711588934995234,0.0010284592863172293,0.009308257140219212,0.014805109240114689,0.017538947984576225,0.01744859293103218,0.01363655086606741,0.0009054740658029914,-0.00969500932842493,-0.018051929771900177,-0.02536104992032051,-0.030733970925211906,-0.035214636474847794,-0.03793095424771309,-0.038531236350536346,-0.03756504878401756,-0.035537682473659515,-0.03506071865558624,-0.03355148062109947,-0.03289826586842537,-0.0335555337369442,-0.03428841009736061,-0.03390151262283325,-0.03496968001127243,-0.035204168409109116,-0.034075506031513214,-0.03132164105772972,-0.02599329687654972,-0.013084087520837784,-0.0029947557486593723,0.0062506417743861675,0.003727423958480358,0.00392689136788249,0.0033357650972902775,0.0028598071075975895,0.0017880791565403342,-0.001182431704364717,-0.00385743728838861,-0.00561295822262764,-0.005607982631772757
0.002637663623318076,0.004264597315341234,0.008122973144054413,0.011931024491786957,0.011871429160237312,0.007061435841023922,0.0010742058511823416,-0.005936230532824993,-0.012870131060481071,-0.018243178725242615,-0.02399938739836216,-0.02909161150455475,-0.03293238580226898,-0.035068076103925705,-0.035243675112724304,-0.03572535514831543,-0.03435145691037178,-0.03311483561992645,-0.03164423629641533,-0.029320618137717247,-0.0294164028018713,-0.030434248968958855,-0.032410815358161926,-0.03443475440144539,-0.03574652597308159,-0.036097437143325806,-0.03533889353275299,-0.0321178138256073,-0.023960143327713013,-0.013444909825921059,-0.0031164376996457577,0.004080798476934433,0.00810379721224308,0.0068818447180092335,0.0076513746753335,0.005439406726509333,0.0019700087141245604,-0.00108029053080827,-0.003610629355534911,-0.0036634011194109917
0.0011656911810860038,0.005937363486737013,0.008995473384857178,0.007275754120200872,0.0038658524863421917,-0.0017138055991381407,-0.007617316674441099,-0.011836262419819832,-0.01500764861702919,-0.018512343987822533,-0.023075271397829056,-0.02677604742348194,-0.029304547235369682,-0.03182792291045189,-0.03246467188000679,-0.032214462757110596,-0.031085802242159843,-0.028497857972979546,-0.02690478414297104,-0.02564387582242489,-0.02586410939693451,-0.02734702080488205,-0.030230971053242683,-0.03291219845414162,-0.034854236990213394,-0.03612435609102249,-0.036984995007514954,-0.036615040153265,-0.03448924794793129,-0.02535298280417919,-0.01359036099165678,0.003423190675675869,0.006703606341034174,0.010180177167057991,0.009648298844695091,0.006834730040282011,0.0031121058855205774,-0.0007206861046142876,-0.0035025260876864195,-0.0033914302475750446
0.002786708530038595,0.0033147211652249098,0.006221253424882889,0.002858902094885707,-0.001909794402308762,-0.007111205719411373,-0.012585099786520004,-0.015237188898026943,-0.017122343182563782,-0.019375868141651154,-0.022007830440998077,-0.024305585771799088,-0.026735752820968628,-0.028242940083146095,-0.028890924528241158,-0.02736199088394642,-0.02593848668038845,-0.02449025586247444,-0.02297324873507023,-0.021456299349665642,-0.02118714526295662,-0.022937718778848648,-0.026435354724526405,-0.029418224468827248,-0.03138629347085953,-0.03277773782610893,-0.0351330041885376,-0.034059781581163406,-0.030045194551348686,-0.02279699221253395,-0.013480017893016338,-0.0028799602296203375,0.0028082227800041437,0.008856409229338169,0.007875890471041203,0.003983846865594387,-0.0013128765858709812,-0.006452092435210943,-0.009053852409124374,-0.00965256430208683
0.0029893580358475447,0.0011014288756996393,-0.00021460365678649396,-0.0030758765060454607,-0.007000658195465803,-0.010160475969314575,-0.014462828636169434,-0.017985107377171516,-0.01963219791650772,-0.020682690665125847,-0.021889302879571915,-0.024559730663895607,-0.025482434779405594,-0.02508074976503849,-0.024953695014119148,-0.02446664310991764,-0.023111576214432716,-0.021070437505841255,-0.018512796610593796,-0.016508175060153008,-0.016802547499537468,-0.01907791942358017,-0.02194681204855442,-0.026088684797286987,-0.028923839330673218,-0.02977512776851654,-0.029417214915156364,-0.02774006687104702,-0.024406662210822105,-0.019532373175024986,-0.013960190117359161,-0.00793977826833725,-7.329068466788158e-05,0.0024575311690568924,0.00014672722318209708,-0.005758105311542749,-0.012468427419662476,-0.01721283420920372,-0.01987597532570362,-0.0205865278840065
-0.0008568590856157243,-0.003114856779575348,-0.005743766203522682,-0.007494834251701832,-0.010222956538200378,-0.013392423279583454,-0.01714288257062435,-0.02084277756512165,-0.022773541510105133,-0.025164643302559853,-0.02631566673517227,-0.02681397646665573,-0.025590939447283745,-0.024998130276799202,-0.024388032034039497,-0.023501377552747726,-0.021491069346666336,-0.018684351816773415,-0.015972016379237175,-0.015092717483639717,-0.015765242278575897,-0.016511062160134315,-0.018395503982901573,-0.020654642954468727,-0.0230720154941082,-0.0236434917896986,-0.02153903990983963,-0.020176779478788376,-0.017798537388443947,-0.013878845609724522,-0.010241310112178326,-0.008031630888581276,-0.007034246809780598,-0.008636640384793282,-0.012234494090080261,-0.01846073381602764,-0.023548152297735214,-0.026824386790394783,-0.028830749914050102,-0.028518851846456528
-0.006231318227946758,-0.007224444765597582,-0.009349829517304897,-0.011449579149484634,-0.013977762311697006,-0.01672443188726902,-0.020325548946857452,-0.025476830080151558,-0.02791135385632515,-0.029117044061422348,-0.029604464769363403,-0.02811354584991932,-0.02707851119339466,-0.02596503123641014,-0.024386418983340263,-0.02232959493994713,-0.01964448392391205,-0.017377272248268127,-0.01705128699541092,-0.01627407595515251,-0.013965140096843243,-0.01290912926197052,-0.012423576787114143,-0.01268687006086111,-0.014268818311393261,-0.015238176099956036,-0.015236582607030869,-0.014527769759297371,-0.013113618828356266,-0.01135454885661602,-0.011596602387726307,-0.013095029629766941,-0.015845727175474167,-0.020362604409456253,-0.02437432110309601,-0.028414586558938026,-0.03069155663251877,-0.03174543380737305,-0.03182677924633026,-0.03140794485807419
-0.011477124877274036,-0.012097185477614403,-0.013454887084662914,-0.015103732235729694,-0.017247283831238747,-0.021328773349523544,-0.025441542267799377,-0.02873413823544979,-0.030582062900066376,-0.029685111716389656,-0.029078669846057892,-0.028398754075169563,-0.02723611146211624,-0.025490861386060715,-0.023167874664068222,-0.020396754145622253,-0.01768123358488083,-0.01117803156375885,-0.016959911212325096,-0.013449929654598236,-0.00961992610245943,-0.0067705619148910046,-0.0056122359819710255,-0.007560023572295904,-0.009891694411635399,-0.011498365551233292,-0.011960192583501339,-0.012178720906376839,-0.012708599679172039,-0.014207839034497738,-0.017643406987190247,-0.021993175148963928,-0.025650111958384514,-0.029472388327121735,-0.032652437686920166,-0.033846307545900345,-0.03407479450106621,-0.033076949417591095,-0.031850624829530716,-0.03186112269759178
-0.01853473298251629,-0.01855909638106823,-0.018745645880699158,-0.019212376326322556,-0.02195262908935547,-0.025297632440924644,-0.028365951031446457,-0.028986193239688873,-0.02974143624305725,-0.02969629503786564,-0.028880974277853966,-0.02767554484307766,-0.026147162541747093,-0.023999875411391258,-0.02158999815583229,-0.01933216117322445,-0.019047359004616737,-0.016451755538582802,-0.012034269981086254,-0.006949859205633402,-0.0017528459429740906,-1.765194974723272e-05,-0.002813799539580941,-0.006661570630967617,-0.010230204090476036,-0.013010455295443535,-0.014686754904687405,-0.016468947753310204,-0.019398432224988937,-0.022594720125198364,-0.026035096496343613,-0.030152441933751106,-0.03285154700279236,-0.034306544810533524,-0.03520007058978081,-0.03468284010887146,-0.03375039994716644,-0.032538946717977524,-0.0312579981982708,-0.030845383182168007
-0.026415949687361717,-0.025535069406032562,-0.024544714018702507,-0.025404086336493492,-0.026460038498044014,-0.027110513299703598,-0.028518568724393845,-0.02964995615184307,-0.029827013611793518,-0.029295993968844414,-0.028135474771261215,-0.02666020207107067,-0.025038789957761765,-0.023234952241182327,-0.021076517179608345,-0.019008610397577286,-0.018942536786198616,-0.017977390438318253,-0.004492670763283968,0.0026405167300254107,0.006684490479528904,0.0032453995663672686,-0.003836957737803459,-0.009877552278339863,-0.015056014060974121,-0.018822506070137024,-0.02166273631155491,-0.024424651637673378,-0.02737056091427803,-0.029611704871058464,-0.03199082985520363,-0.033911414444446564,-0.03502758592367172,-0.03497150167822838,-0.03393596038222313,-0.03293444961309433,-0.03203900158405304,-0.030966898426413536,-0.029785851016640663,-0.02920527569949627
-0.0327008031308651,-0.03267431631684303,-0.03172384947538376,-0.031093480065464973,-0.029550768435001373,-0.02929588593542576,-0.029971620067954063,-0.030922507867217064,-0.030856193974614143,-0.02978985570371151,-0.028251642361283302,-0.02648651786148548,-0.024913663044571877,-0.02361154556274414,-0.021691331639885902,-0.018376844003796577,-0.013610269874334335,-0.006382665131241083,0.003079034388065338,0.010000973008573055,0.009228842332959175,0.002278061117976904,-0.006797226145863533,-0.01386607252061367,-0.019064918160438538,-0.023098278790712357,-0.025971535593271255,-0.028277894482016563,-0.030083170160651207,-0.030940480530261993,-0.03213999792933464,-0.03252604603767395,-0.032821740955114365,-0.032310470938682556,-0.031154241412878036,-0.03007393516600132,-0.02951084077358246,-0.028540370985865593,-0.027621258050203323,-0.02785511128604412
-0.03901665657758713,-0.03803039714694023,-0.03684375435113907,-0.03421877324581146,-0.032803744077682495,-0.03178899362683296,-0.03168172016739845,-0.03202950954437256,-0.031594231724739075,-0.030330009758472443,-0.02869638241827488,-0.026983147487044334,-0.025477280840277672,-0.023839397355914116,-0.022021085023880005,-0.018498051911592484,-0.010025935247540474,-0.002628849819302559,0.005911356303840876,0.008470566011965275,0.005818067118525505,-0.001768528949469328,-0.0095512131229043,-0.015610952861607075,-0.01959354616701603,-0.022608844563364983,-0.02449660748243332,-0.02579355798661709,-0.02707565203309059,-0.02810867503285408,-0.028117230162024498,-0.02785179577767849,-0.02804885245859623,-0.027566686272621155,-0.026868481189012527,-0.026057638227939606,-0.0254803579300642,-0.025199253112077713,-0.025333216413855553,-0.026669714599847794
-0.04325808957219124,-0.04071885347366333,-0.03875904902815819,-0.03693153336644173,-0.03534504398703575,-0.034020621329545975,-0.03318242356181145,-0.03239770233631134,-0.031116854399442673,-0.029520127922296524,-0.028328787535429,-0.02761959470808506,-0.026411503553390503,-0.02479317970573902,-0.022819016128778458,-0.021348342299461365,-0.013759082183241844,-0.004012729972600937,0.0014569417107850313,0.0016886512748897076,-0.001013255794532597,-0.006066439673304558,-0.010767041705548763,-0.01479064766317606,-0.01729412190616131,-0.018639592453837395,-0.019424138590693474,-0.019714543595910072,-0.020696206018328667,-0.021953431889414787,-0.021843191236257553,-0.021827010437846184,-0.022189930081367493,-0.02238786593079567,-0.02188383974134922,-0.021106306463479996,-0.020681150257587433,-0.021184708923101425,-0.023268718272447586,-0.025406068190932274
-0.04588712379336357,-0.04452100768685341,-0.04276774451136589,-0.04083007574081421,-0.03867297247052193,-0.036566250026226044,-0.03448940068483353,-0.0323503315448761,-0.0299075935035944,-0.028118260204792023,-0.028091153129935265,-0.030607769265770912,-0.03084137663245201,-0.030336391180753708,-0.02810090221464634,-0.024034759029746056,-0.01875997520983219,-0.010770493187010288,-0.006785055156797171,-0.0064069046638906,-0.0075101847760379314,-0.008819456212222576,-0.01031822245568037,-0.01196892000734806,-0.013252622447907925,-0.013172436505556107,-0.013119999319314957,-0.013142958283424377,-0.013922177255153656,-0.01437405962496996,-0.014732756651937962,-0.015351325273513794,-0.01618434302508831,-0.017252517864108086,-0.016793981194496155,-0.01585334911942482,-0.015251773409545422,-0.016069261357188225,-0.018917985260486603,-0.021897265687584877
-0.05170667544007301,-0.05092201754450798,-0.04932159557938576,-0.04701985791325569,-0.04402546584606171,-0.04033827409148216,-0.036269526928663254,-0.03242483735084534,-0.02923673763871193,-0.02750416472554207,-0.03040071576833725,-0.03210298344492912,-0.03441610187292099,-0.0354757122695446,-0.033859722316265106,-0.028358371928334236,-0.023732289671897888,-0.018988866358995438,-0.015474306419491768,-0.013621336780488491,-0.012184577994048595,-0.010758167132735252,-0.009826874360442162,-0.009124142117798328,-0.00899147056043148,-0.007783939596265554,-0.007190332282334566,-0.007252431008964777,-0.007211048621684313,-0.007405216805636883,-0.008331424556672573,-0.009373227134346962,-0.010746234096586704,-0.012119160033762455,-0.01201948244124651,-0.010968117043375969,-0.010057901032269001,-0.010793138295412064,-0.013164468109607697,-0.01615489460527897
-0.05816219374537468,-0.05751487612724304,-0.055617835372686386,-0.0525352880358696,-0.04889138787984848,-0.04412762448191643,-0.038857169449329376,-0.03392266854643822,-0.029756899923086166,-0.026666317135095596,-0.030128953978419304,-0.031165502965450287,-0.035443756729364395,-0.03793269395828247,-0.037327513098716736,-0.03488103672862053,-0.030791068449616432,-0.02651166170835495,-0.0222481582313776,-0.01854914054274559,-0.015397455543279648,-0.01291617937386036,-0.010260498151183128,-0.007559817284345627,-0.005014088470488787,-0.003740498563274741,-0.0028292795177549124,-0.002355240983888507,-0.0016956540057435632,-0.0022267214953899384,-0.003279551398009062,-0.004429304972290993,-0.0059296307153999805,-0.007374073378741741,-0.007555787451565266,-0.006432577036321163,-0.005374818574637175,-0.005711012985557318,-0.006748626008629799,-0.014631315134465694
-0.06223892793059349,-0.06129004806280136,-0.05917070060968399,-0.055895958095788956,-0.05381947383284569,-0.04910307377576828,-0.04330098628997803,-0.037734415382146835,-0.03019474633038044,-0.024714376777410507,-0.025865497067570686,-0.03010397031903267,-0.03659505397081375,-0.04080849140882492,-0.041112981736660004,-0.03952932730317116,-0.03601621091365814,-0.03194556385278702,-0.0271625854074955,-0.02232796512544155,-0.018228022381663322,-0.01521889679133892,-0.011628873646259308,-0.008763809688389301,-0.0045524295419454575,-0.0023449126165360212,-0.0006632665754295886,0.0004737549170386046,0.0010534303728491068,0.0006072614924050868,-0.0001242741127498448,-0.0010314913233742118,-0.0023273194674402475,-0.0037494611460715532,-0.003753221593797207,-0.002141907112672925,-0.0004001162888016552,0.0003068333608098328,0.002657857723534107,-0.007538890931755304
