dougfraga/big_14.json
{"header": {"parameterUnit": "m.s-1", "parameterNumber": 2, "dx": 0.016666000000000736, "dy": 0.016666000000000736, "parameterNumberName": "Eastward current", "la1": -22.891645999999998, "la2": -24.0416, "parameterCategory": 2, "lo2": -43.225054, "nx": 95, "ny": 70, "refTime": "2022-12-18 14:00:00", "lo1": -44.79166}, "data":
[rows 38 to 56 of 70, columns 0 to 41 of 95]
0.10934807360172272,0.11124666035175323,0.11443117260932922,0.11609489470720291,0.11638449132442474,0.11619948595762253,0.11599469184875488,0.11399243772029877,0.11151966452598572,0.11072643101215363,0.10977096110582352,0.10860926657915115,0.10773472487926483,0.10666095465421677,0.10548602044582367,0.10482747852802277,0.10460817068815231,0.1077612116932869,0.1090564876794815,0.10485617071390152,0.1023402065038681,0.10242695361375809,0.09846725314855576,0.09205057471990585,0.0906371921300888,0.09066309779882431,0.0899791270494461,0.08927256613969803,0.08846880495548248,0.0874527096748352,0.08335854858160019,0.07638184726238251,0.06906330585479736,0.06770746409893036,0.07159125059843063,0.07944700866937637,0.09152495115995407,0.09994234144687653,0.1057128831744194,0.10533220320940018,0.10519622266292572,0.10489565134048462
0.10667630285024643,0.10852229595184326,0.11217601597309113,0.1147749125957489,0.11580753326416016,0.1155710518360138,0.11258462816476822,0.1082148551940918,0.10550987720489502,0.10401805490255356,0.10360877960920334,0.10506823658943176,0.10737399011850357,0.10705887526273727,0.1038832813501358,0.10197622328996658,0.10237417370080948,0.10722667723894119,0.10737907886505127,0.10279687494039536,0.09863565862178802,0.09315015375614166,0.08969049155712128,0.08634135127067566,0.08400626480579376,0.08382108807563782,0.08978291600942612,0.0920942947268486,0.08916351199150085,0.08761802315711975,0.08111200481653214,0.07242266088724136,0.06561864912509918,0.06592393666505814,0.07637079060077667,0.08763349801301956,0.09948364645242691,0.11282412707805634,0.11478540301322937,0.10751690715551376,0.10248163342475891,0.10088968276977539
0.1042972207069397,0.1058415099978447,0.11015475541353226,0.11435525864362717,0.11595721542835236,0.11515075713396072,0.1100311428308487,0.10300220549106598,0.09858468919992447,0.0955672562122345,0.09988335520029068,0.10324957221746445,0.10435879975557327,0.10967396199703217,0.10456787049770355,0.09773219376802444,0.09906202554702759,0.10437911003828049,0.1029057577252388,0.0970238670706749,0.09108475595712662,0.08269995450973511,0.07766468822956085,0.07606053352355957,0.0776984691619873,0.08071564137935638,0.08906044811010361,0.0912235677242279,0.09243922680616379,0.09121870994567871,0.07934767752885818,0.07033196091651917,0.06516367942094803,0.06865185499191284,0.08420456945896149,0.10079971700906754,0.11221938580274582,0.11917603760957718,0.11604148149490356,0.10863040387630463,0.10124248266220093,0.09375297278165817
0.09892943501472473,0.10112622380256653,0.10728949308395386,0.11362971365451813,0.11575020104646683,0.11437401920557022,0.10828647017478943,0.09964074939489365,0.09464409202337265,0.09427275508642197,0.09472767263650894,0.10073275119066238,0.10930563509464264,0.10860738158226013,0.10176794230937958,0.0969034805893898,0.09685195237398148,0.10056261718273163,0.09810320287942886,0.09103166311979294,0.08270999789237976,0.07102004438638687,0.06583275645971298,0.06945842504501343,0.07618045806884766,0.08192672580480576,0.09213727712631226,0.09643156826496124,0.09386870265007019,0.08963511884212494,0.08229722827672958,0.0738142803311348,0.06783659756183624,0.07361915707588196,0.09245115518569946,0.10948967188596725,0.11846911162137985,0.12007367610931396,0.11448461562395096,0.1062006950378418,0.09596581757068634,0.08849062770605087
0.09539691358804703,0.09699823707342148,0.10329835116863251,0.11312484741210938,0.11795122921466827,0.11432226747274399,0.10712844133377075,0.09946823865175247,0.09404265880584717,0.0936531275510788,0.09725590795278549,0.10204014927148819,0.10594011098146439,0.10600287467241287,0.10170124471187592,0.09714339673519135,0.09555063396692276,0.09816572070121765,0.09443926066160202,0.08574175834655762,0.07534162700176239,0.06330568343400955,0.06119146943092346,0.0661526545882225,0.07911518961191177,0.09096761047840118,0.09434274584054947,0.09715242683887482,0.09762435406446457,0.09309148788452148,0.08671383559703827,0.07852266728878021,0.07408797740936279,0.08259927481412888,0.09996730834245682,0.11494269967079163,0.11866257339715958,0.11776625365018845,0.112323097884655,0.10163137316703796,0.09380970895290375,0.08757910132408142
0.0928976759314537,0.09399362653493881,0.09954637289047241,0.11017446219921112,0.11649584025144577,0.11347725242376328,0.1102568730711937,0.10353901982307434,0.09445343911647797,0.09315862506628036,0.09663161635398865,0.10081857442855835,0.10325431823730469,0.1026439443230629,0.09952542185783386,0.09628811478614807,0.09523559361696243,0.09745364636182785,0.0919744074344635,0.08254507184028625,0.07444225251674652,0.06695051491260529,0.06643036007881165,0.07070671766996384,0.08245618641376495,0.0937718078494072,0.09828539192676544,0.10019590705633163,0.0991157665848732,0.09537092596292496,0.09178318083286285,0.0852651298046112,0.08154590427875519,0.09178339689970016,0.1065431758761406,0.1173597052693367,0.11894042044878006,0.1126270741224289,0.10500935465097427,0.09751282632350922,0.09013715386390686,0.08323469012975693
0.09152378141880035,0.09241414070129395,0.09587272256612778,0.10419236123561859,0.11314678937196732,0.1132950484752655,0.11159059405326843,0.10582190752029419,0.09517963230609894,0.09268529713153839,0.09589172154664993,0.0995045155286789,0.1023004949092865,0.1017829179763794,0.09895169734954834,0.0970691442489624,0.09537795931100845,0.09298640489578247,0.08719147741794586,0.08015936613082886,0.0761704072356224,0.07708955556154251,0.0778949037194252,0.0804014801979065,0.08823294937610626,0.09449486434459686,0.09721964597702026,0.10059383511543274,0.1034649908542633,0.09957507252693176,0.0934164971113205,0.0892656147480011,0.08933531492948532,0.09607038646936417,0.10491127520799637,0.11083108186721802,0.11090546101331711,0.10697086900472641,0.09968927502632141,0.09072959423065186,0.08381372690200806,0.07870423793792725
0.08850518614053726,0.0898742601275444,0.09368044137954712,0.09932781010866165,0.10621259361505508,0.11013654619455338,0.11239476501941681,0.10747279971837997,0.09713368862867355,0.09304511547088623,0.09682643413543701,0.09978003799915314,0.09866777807474136,0.09845509380102158,0.0969172865152359,0.0943383201956749,0.09130740910768509,0.08853807300329208,0.0851282924413681,0.08213365823030472,0.08189015090465546,0.08502082526683807,0.08617035299539566,0.08731675148010254,0.09202992171049118,0.09593140333890915,0.09875770658254623,0.1009911298751831,0.10120594501495361,0.0981743335723877,0.09396836161613464,0.09155938029289246,0.09253262728452682,0.09615465253591537,0.10078704357147217,0.10502704977989197,0.10420846939086914,0.09829146414995193,0.09091968834400177,0.08325400203466415,0.0773896723985672,0.073491171002388
0.08696769922971725,0.0876670852303505,0.08982493728399277,0.0940624326467514,0.10067904740571976,0.10693763196468353,0.11199190467596054,0.10848558694124222,0.10003720968961716,0.09585070610046387,0.09496313333511353,0.09597127139568329,0.09560719132423401,0.09465207904577255,0.09303078055381775,0.09010182321071625,0.08674287796020508,0.08472558110952377,0.08400233834981918,0.08486133068799973,0.08833488821983337,0.0900888741016388,0.08977551013231277,0.09093117713928223,0.09307684749364853,0.0955902710556984,0.09715764969587326,0.09773239493370056,0.09737928211688995,0.0958636999130249,0.09397277235984802,0.09369052946567535,0.0962824821472168,0.09737009555101395,0.09696466475725174,0.09695969521999359,0.0938710942864418,0.08771730959415436,0.08123118430376053,0.07599637657403946,0.07250835001468658,0.07034701853990555
0.08637108653783798,0.08633551746606827,0.08714158087968826,0.08989778906106949,0.09540431201457977,0.10336943715810776,0.11104165017604828,0.1101127564907074,0.10245200246572495,0.09576480090618134,0.09261905401945114,0.09262760728597641,0.09187542647123337,0.09033988416194916,0.08827561140060425,0.08551961183547974,0.08287367969751358,0.08171802014112473,0.08281205594539642,0.08676975220441818,0.0897064059972763,0.09039553254842758,0.09151860326528549,0.0918535590171814,0.09206393361091614,0.09338483959436417,0.0940312072634697,0.0936536118388176,0.09415333718061447,0.09644891321659088,0.09658504277467728,0.09519201517105103,0.09515482932329178,0.09407179802656174,0.09205435961484909,0.08919951319694519,0.08480647951364517,0.07979170978069305,0.07580966502428055,0.0731256753206253,0.07099998742341995,0.06955808401107788
0.08522254228591919,0.0848921462893486,0.08477133512496948,0.08660250902175903,0.09187372773885727,0.10020001977682114,0.10834883898496628,0.11431224644184113,0.10861694812774658,0.09463603794574738,0.08851639926433563,0.08814561367034912,0.08689724653959274,0.0847359374165535,0.08318020403385162,0.08171788603067398,0.08017276227474213,0.08005159348249435,0.08254492282867432,0.08739474415779114,0.08920461684465408,0.08849883824586868,0.08919187635183334,0.08870021998882294,0.08816352486610413,0.08935176581144333,0.09139172732830048,0.0918634906411171,0.09203821420669556,0.09321045130491257,0.09290166199207306,0.09200442582368851,0.09102243930101395,0.08894579112529755,0.08587765693664551,0.08211447298526764,0.07832811027765274,0.07498545944690704,0.07256335020065308,0.07138433307409286,0.0720636248588562,0.07196969538927078
0.08648815751075745,0.08500504493713379,0.08337823301553726,0.08493445068597794,0.09180039167404175,0.0997542142868042,0.10774427652359009,0.11471833288669586,0.11088212579488754,0.10129797458648682,0.09270519018173218,0.0851728618144989,0.07994325459003448,0.07624386996030807,0.07730943709611893,0.07961060106754303,0.0792153924703598,0.07980505377054214,0.0829157754778862,0.08883893489837646,0.08960366249084473,0.086250901222229,0.08522608876228333,0.08374640345573425,0.08365442603826523,0.08661492168903351,0.08847934007644653,0.08847233653068542,0.0890999287366867,0.0893595889210701,0.08850343525409698,0.0867452323436737,0.08436451852321625,0.08162053674459457,0.07879699021577835,0.07605210691690445,0.07348787784576416,0.07170785218477249,0.07253479957580566,0.07266447693109512,0.07133118808269501,0.07064143568277359
0.08504696935415268,0.08361543715000153,0.08193807303905487,0.08368411660194397,0.09126389026641846,0.09974219650030136,0.10788385570049286,0.11628983914852142,0.1136932298541069,0.10441278666257858,0.09353429079055786,0.08155250549316406,0.07454586774110794,0.0720558911561966,0.07265136390924454,0.07733456790447235,0.08162830770015717,0.08236803114414215,0.0850864052772522,0.09151457250118256,0.09114678204059601,0.08548101037740707,0.08330725133419037,0.0825042799115181,0.08481472730636597,0.08637242764234543,0.08620802313089371,0.08672619611024857,0.08676651865243912,0.08625955134630203,0.08482816815376282,0.082492895424366,0.07992533594369888,0.07748580724000931,0.07569928467273712,0.07561293244361877,0.07367990911006927,0.07050493359565735,0.06954818964004517,0.06876097619533539,0.06765586137771606,0.06679859757423401
0.08509407192468643,0.08372436463832855,0.08230739831924438,0.08363619446754456,0.088194839656353,0.09718602150678635,0.10747819393873215,0.11654213815927505,0.11486056447029114,0.10524336993694305,0.09328091144561768,0.07858563214540482,0.07045609503984451,0.06960343569517136,0.07300132513046265,0.07717438042163849,0.08039536327123642,0.08142868429422379,0.08646579831838608,0.0965333953499794,0.09536893665790558,0.08719991147518158,0.08526800572872162,0.08476324379444122,0.08479524403810501,0.08548210561275482,0.08531667292118073,0.08477800339460373,0.08364567160606384,0.08228552341461182,0.08079684525728226,0.07971599698066711,0.08042097091674805,0.0789969339966774,0.0757652074098587,0.07352465391159058,0.06874523311853409,0.06287146359682083,0.05946596339344978,0.05839407444000244,0.05783999711275101,0.05753500759601593
0.08595878630876541,0.08493973314762115,0.0834168791770935,0.08411964029073715,0.08857656270265579,0.09498133510351181,0.10223697870969772,0.10990384966135025,0.11287076771259308,0.10296279937028885,0.08609127253293991,0.07413008064031601,0.06910641491413116,0.06941799819469452,0.07291658967733383,0.07806067913770676,0.082828588783741,0.0869893878698349,0.09161020070314407,0.09516314417123795,0.09362126141786575,0.09063442051410675,0.08835133165121078,0.08619198203086853,0.08549340814352036,0.08452944457530975,0.08244901895523071,0.07998146861791611,0.07800666242837906,0.07712043821811676,0.07943931221961975,0.08064232021570206,0.07914447039365768,0.07756418734788895,0.07501545548439026,0.07074885815382004,0.06374762952327728,0.05823963135480881,0.05660490691661835,0.05633537471294403,0.05597665160894394,0.055589109659194946
0.08685816079378128,0.08612266927957535,0.08485913276672363,0.08493074774742126,0.08728458732366562,0.09063246101140976,0.09447727352380753,0.10562530905008316,0.1077878400683403,0.09517470747232437,0.08242977410554886,0.07168728113174438,0.06819301098585129,0.07033737748861313,0.07473352551460266,0.0804230198264122,0.08570955693721771,0.08919154852628708,0.09161459654569626,0.09318260103464127,0.09456711262464523,0.09306654334068298,0.08929580450057983,0.08723178505897522,0.08570878207683563,0.08354227989912033,0.08041134476661682,0.07638949900865555,0.0731801763176918,0.07549905776977539,0.07814982533454895,0.0773392841219902,0.07635646313428879,0.07461564242839813,0.07116430997848511,0.06518436968326569,0.05945047363638878,0.05685387924313545,0.05659092217683792,0.05661903694272041,0.055846020579338074,0.054868727922439575
0.08770355582237244,0.08700405061244965,0.08588595688343048,0.08583936840295792,0.08720311522483826,0.08935164660215378,0.09202184528112411,0.09624160826206207,0.09829606115818024,0.09069016575813293,0.07907555997371674,0.07154788076877594,0.06984677910804749,0.07306507229804993,0.0775010958313942,0.08313009142875671,0.08848927915096283,0.09051284193992615,0.09280255436897278,0.09417620301246643,0.09314823150634766,0.09183605015277863,0.0890776664018631,0.08609963953495026,0.0830555260181427,0.07944929599761963,0.07519279420375824,0.07423019409179688,0.07431202381849289,0.07350139319896698,0.07331177592277527,0.07229539752006531,0.070822574198246,0.06809719651937485,0.06406515091657639,0.06006030738353729,0.05796355754137039,0.05732886493206024,0.05672706663608551,0.05582832917571068,0.054791565984487534,0.054387882351875305
0.08799060434103012,0.08741328120231628,0.08615734428167343,0.0860738754272461,0.0877830982208252,0.08909621089696884,0.08921193331480026,0.08854109048843384,0.08606821298599243,0.08097029477357864,0.07559850811958313,0.07289239764213562,0.0738610252737999,0.07764247059822083,0.08182259649038315,0.0861951932311058,0.08932020515203476,0.09228826314210892,0.09391170740127563,0.09296569228172302,0.09192904084920883,0.08977082371711731,0.08654448390007019,0.0830446407198906,0.07871262729167938,0.07645469903945923,0.07508767396211624,0.07209431380033493,0.06946349889039993,0.0669270008802414,0.06458880752325058,0.0626346543431282,0.06151692196726799,0.06063032150268555,0.05937877297401428,0.058307528495788574,0.057721663266420364,0.0571330189704895,0.056007273495197296,0.05554836988449097,0.05766214057803154,0.0578874871134758
0.0880076214671135,0.08750978112220764,0.08635397255420685,0.08646274358034134,0.08928127586841583,0.08898909389972687,0.08448686450719833,0.08085170388221741,0.07782696932554245,0.0748843401670456,0.07338203489780426,0.07435277849435806,0.07790505141019821,0.08262995630502701,0.08545037358999252,0.08721505850553513,0.09165351092815399,0.09388041496276855,0.0924215316772461,0.09132017940282822,0.08942901343107224,0.08636749535799026,0.08191058784723282,0.07731003314256668,0.07657133042812347,0.0745808482170105,0.06938215345144272,0.06595161557197571,0.0635695531964302,0.061881110072135925,0.060623981058597565,0.059779223054647446,0.059548184275627136,0.05927977338433266,0.058618657290935516,0.05814985930919647,0.057300299406051636,0.05650107190012932,0.056772977113723755,0.059884849935770035,0.06015400588512421,0.05730968341231346
