dougfraga/big_17.json
{"header": {"parameterUnit": "m.s-1", "parameterNumber": 2, "dx": 0.016666000000000736, "dy": 0.016666000000000736, "parameterNumberName": "Eastward current", "la1": -22.891645999999998, "la2": -24.0416, "parameterCategory": 2, "lo2": -43.225054, "nx": 95, "ny": 70, "refTime": "2022-12-18 17:00:00", "lo1": -44.79166}, "data":
[rows 19 to 37 of 70, columns 42 to 83 of 95]
0.030753443017601967,0.03789357841014862,0.04244719445705414,0.05048723891377449,0.05328812077641487,0.057210229337215424,0.057212408632040024,0.05486074090003967,0.056976690888404846,0.0599043071269989,0.061584215611219406,0.05977509543299675,0.056584689766168594,0.05722472816705704,0.055916767567396164,0.05407402664422989,0.05535521358251572,0.05625870078802109,0.05667412653565407,0.055719345808029175,0.05369799956679344,0.05158340185880661,0.050719864666461945,0.05045343562960625,0.05039950832724571,0.05061003565788269,0.050879303365945816,0.05113784596323967,0.051847171038389206,0.05337611585855484,0.05567048490047455,0.060260627418756485,0.06295520812273026,0.06418243050575256,0.06803375482559204,0.071686752140522,0.07491668313741684,0.07822158932685852,0.08147385716438293,0.08455932885408401,0.0877968817949295,0.0916130542755127
0.043129343539476395,0.04978100582957268,0.05706721544265747,0.058011677116155624,0.054695285856723785,0.05712943896651268,0.05967937037348747,0.05998360365629196,0.06022605299949646,0.06045631691813469,0.06107068806886673,0.06322157382965088,0.06044724956154823,0.05634145438671112,0.05633377283811569,0.0559094175696373,0.055464453995227814,0.05544230341911316,0.055599868297576904,0.055339183658361435,0.05474762246012688,0.05404362827539444,0.05316615104675293,0.052665695548057556,0.05279625207185745,0.05344650521874428,0.05596660077571869,0.05688706785440445,0.05683048814535141,0.05943701043725014,0.06269397586584091,0.0661538615822792,0.06834641098976135,0.0697014331817627,0.07186538726091385,0.07436871528625488,0.0769566148519516,0.07965023070573807,0.08245506882667542,0.08531101047992706,0.0885697528719902,0.09246406704187393
0.04897817224264145,0.05415445566177368,0.05873164162039757,0.06088469177484512,0.06174715980887413,0.06329815834760666,0.06461615115404129,0.0659317672252655,0.06869012117385864,0.06665520370006561,0.06196169555187225,0.061258018016815186,0.05965347960591316,0.05770432949066162,0.057286083698272705,0.05680815875530243,0.05629473179578781,0.05667765066027641,0.057506777346134186,0.05861566215753555,0.06029139459133148,0.06280960142612457,0.062007658183574677,0.05978844687342644,0.06036447733640671,0.06122017279267311,0.06201046705245972,0.06247170642018318,0.06315834075212479,0.06475340574979782,0.06672187894582748,0.06880629807710648,0.07044149935245514,0.07147108018398285,0.07272033393383026,0.07465922832489014,0.07698635756969452,0.07961507886648178,0.08238386362791061,0.08525878190994263,0.08884331583976746,0.09373193979263306
0.0586598701775074,0.061185020953416824,0.06460206210613251,0.06777957826852798,0.07302166521549225,0.07533398270606995,0.07458510249853134,0.07476722449064255,0.07310285419225693,0.06924056261777878,0.06505841761827469,0.06277719140052795,0.061415087431669235,0.060302093625068665,0.05953594669699669,0.058896634727716446,0.05888459086418152,0.06018632650375366,0.06346412748098373,0.06507888436317444,0.06472916156053543,0.06467369943857193,0.06368787586688995,0.06316732615232468,0.06347151845693588,0.06406758725643158,0.0645260289311409,0.06476782262325287,0.06561606377363205,0.06683556735515594,0.06797066330909729,0.06926051527261734,0.07076659798622131,0.07212047278881073,0.07279643416404724,0.07387847453355789,0.07634026557207108,0.07986564934253693,0.0836418941617012,0.08789405226707458,0.0947546735405922,0.10007123649120331
0.07178821414709091,0.0709511935710907,0.07401404529809952,0.07635745406150818,0.07915309071540833,0.08171944320201874,0.08208850026130676,0.08050566166639328,0.07758639007806778,0.07364950329065323,0.06987036764621735,0.06711302697658539,0.06540357321500778,0.06447422504425049,0.06380654871463776,0.06351160258054733,0.06415042281150818,0.06710116565227509,0.06817304342985153,0.0667484924197197,0.06625860184431076,0.06556691229343414,0.06471623480319977,0.06425300985574722,0.06434822827577591,0.06471262872219086,0.06493744254112244,0.06515352427959442,0.06604782491922379,0.06719385087490082,0.06806939840316772,0.06894902884960175,0.07063125818967819,0.07202818989753723,0.07292903959751129,0.07583834230899811,0.08191633969545364,0.0863606184720993,0.08916754275560379,0.09393303096294403,0.0989018902182579,0.1030806377530098
0.07606394588947296,0.07742491364479065,0.08003751188516617,0.08224949240684509,0.08393022418022156,0.08483923971652985,0.084046870470047,0.08241119235754013,0.08023630082607269,0.07807658612728119,0.07725003361701965,0.07478194683790207,0.07171633839607239,0.07072164863348007,0.06977853178977966,0.06923995912075043,0.06897181272506714,0.06895678490400314,0.06881073862314224,0.0677231177687645,0.06666338443756104,0.06571697443723679,0.06502418220043182,0.06462904810905457,0.06423002481460571,0.06428440660238266,0.06451500207185745,0.06492551416158676,0.06572284549474716,0.06674519926309586,0.0675799548625946,0.068477101624012,0.07033347338438034,0.07393081486225128,0.07657858729362488,0.07903745770454407,0.08392566442489624,0.08846893161535263,0.0925578847527504,0.09710182249546051,0.10139975696802139,0.10529044270515442
0.07868386805057526,0.079806849360466,0.08168284595012665,0.08333239704370499,0.08469648659229279,0.0850767269730568,0.08481987565755844,0.0853273868560791,0.08345171809196472,0.08046183735132217,0.07904881983995438,0.07717438787221909,0.07510312646627426,0.07327092438936234,0.0715143159031868,0.07043902575969696,0.06980585306882858,0.06907941401004791,0.0684182345867157,0.06754270941019058,0.06662408262491226,0.06566924601793289,0.06479503214359283,0.06414107978343964,0.06357467919588089,0.06346108764410019,0.06399279087781906,0.06470871716737747,0.06567651778459549,0.06689447164535522,0.06817705184221268,0.06956193596124649,0.07152339816093445,0.07500087469816208,0.08174814283847809,0.08516857773065567,0.0864468663930893,0.09068237245082855,0.09458386152982712,0.09841162711381912,0.10181258618831635,0.10559821128845215
0.07933229207992554,0.08104833960533142,0.08308852463960648,0.08531039953231812,0.08834864944219589,0.08847440034151077,0.08704134821891785,0.08659421652555466,0.084342822432518,0.08219046890735626,0.08053053170442581,0.07848835736513138,0.07609017193317413,0.07387197017669678,0.07194393873214722,0.0707983449101448,0.070650115609169,0.07015153765678406,0.06930546462535858,0.06830500066280365,0.06756585836410522,0.06584566086530685,0.06421758234500885,0.06380743533372879,0.06337673217058182,0.06360733509063721,0.06486992537975311,0.06696701794862747,0.06927500665187836,0.07144910097122192,0.07362978905439377,0.07581094652414322,0.07922641187906265,0.08668079227209091,0.08854543417692184,0.08664778620004654,0.08938457071781158,0.09211886674165726,0.0956212505698204,0.1004481092095375,0.10763143748044968,0.11255776882171631
0.08174020797014236,0.08575259894132614,0.08769358694553375,0.08866499364376068,0.09062853455543518,0.0906372144818306,0.08975271880626678,0.08872316032648087,0.08682246506214142,0.08497986197471619,0.0827343612909317,0.07938417792320251,0.07693924754858017,0.07532861828804016,0.07318157702684402,0.07102429121732712,0.07085636258125305,0.07111740112304688,0.07008109241724014,0.06888780742883682,0.06769862771034241,0.06645113974809647,0.0653344914317131,0.06472604721784592,0.06511896848678589,0.06691708415746689,0.07013795524835587,0.07639425247907639,0.07977872341871262,0.08063443750143051,0.08346659690141678,0.08516854047775269,0.08754535764455795,0.09053181856870651,0.09084683656692505,0.0909179076552391,0.09551236778497696,0.09939711540937424,0.10138776153326035,0.10485275089740753,0.10847841948270798,0.11259553581476212
0.08448908478021622,0.08762207627296448,0.09036919474601746,0.09253428131341934,0.09381471574306488,0.09377288073301315,0.0923994928598404,0.09082026779651642,0.08897735178470612,0.08696147054433823,0.08439534902572632,0.08086884766817093,0.07822071015834808,0.07604755461215973,0.07383958995342255,0.07186975330114365,0.07084841281175613,0.07045094668865204,0.07050669193267822,0.07042694836854935,0.07003893703222275,0.07117682695388794,0.07062825560569763,0.06762856990098953,0.0697033703327179,0.07666423171758652,0.079726941883564,0.08116216957569122,0.0847376137971878,0.08740563690662384,0.08874622732400894,0.0899410992860794,0.09145192056894302,0.09344890713691711,0.09728866815567017,0.09923019260168076,0.09989728778600693,0.10225826501846313,0.10465850681066513,0.1072005033493042,0.10956919938325882,0.1128084659576416
0.08567259460687637,0.08945222944021225,0.0932258665561676,0.09608910232782364,0.09704016149044037,0.09663073718547821,0.09530302882194519,0.09320113807916641,0.09062311053276062,0.08825108408927917,0.08548866212368011,0.08199252188205719,0.07880394160747528,0.07620206475257874,0.07428530603647232,0.07256220281124115,0.07177659869194031,0.07237190753221512,0.0730273649096489,0.07372312247753143,0.0758630782365799,0.07570911943912506,0.07407910376787186,0.07458022236824036,0.07605550438165665,0.07971175760030746,0.08388938009738922,0.08645332604646683,0.08841149508953094,0.08974933624267578,0.09157489985227585,0.0960981547832489,0.09810017049312592,0.09846124798059464,0.1006733700633049,0.10215870290994644,0.10338249802589417,0.10455133020877838,0.10556748509407043,0.10664431750774384,0.10877756029367447,0.1128949373960495
0.08635136485099792,0.09134270995855331,0.09579025954008102,0.09887652099132538,0.09986190497875214,0.09893792122602463,0.09711543470621109,0.09432093054056168,0.09097743034362793,0.08846157789230347,0.08623705059289932,0.08289017528295517,0.07911115139722824,0.0763668417930603,0.07453776150941849,0.07373271882534027,0.07463255524635315,0.07763473689556122,0.07782519608736038,0.07619316130876541,0.07632528245449066,0.07620271295309067,0.07664238661527634,0.07797345519065857,0.07971403002738953,0.08262400329113007,0.08627831190824509,0.08930037170648575,0.09426610171794891,0.0967414602637291,0.09643349051475525,0.09823479503393173,0.09988097101449966,0.10144668072462082,0.10322689265012741,0.10413875430822372,0.10418085008859634,0.10529736429452896,0.10905841737985611,0.11072909086942673,0.1104603186249733,0.11203086376190186
0.08572810143232346,0.09342177957296371,0.09801807254552841,0.10046341270208359,0.10093686729669571,0.09928102791309357,0.0965769961476326,0.09319359064102173,0.09031534194946289,0.08976836502552032,0.09087745100259781,0.08749384433031082,0.08189614862203598,0.07933223992586136,0.07794184237718582,0.0773739367723465,0.07757559418678284,0.07796435058116913,0.07768745720386505,0.07688701152801514,0.07642830908298492,0.07651762664318085,0.07777390629053116,0.08006451278924942,0.08189145475625992,0.08478152006864548,0.09115630388259888,0.0955541804432869,0.0970689207315445,0.09848649799823761,0.09902353584766388,0.10030592232942581,0.10180100053548813,0.10301157087087631,0.10487480461597443,0.10840887576341629,0.10955706238746643,0.1088978499174118,0.1101408451795578,0.11077708750963211,0.1118236780166626,0.11535334587097168
0.08696140348911285,0.0931197926402092,0.09718050062656403,0.1025662049651146,0.10229306668043137,0.09701511263847351,0.095740407705307,0.09379015862941742,0.09058534353971481,0.08889610320329666,0.08750812709331512,0.08559853583574295,0.0841609537601471,0.08298326283693314,0.0814850702881813,0.08014103770256042,0.07910117506980896,0.07815567404031754,0.07727468013763428,0.07654093950986862,0.07641631364822388,0.07726161181926727,0.0797555148601532,0.084516741335392,0.08727122843265533,0.08942379802465439,0.09412121027708054,0.09779219329357147,0.09955637156963348,0.09977544844150543,0.10017016530036926,0.10350093990564346,0.10573285073041916,0.10660158842802048,0.10881465673446655,0.1102420762181282,0.11055085808038712,0.11015471816062927,0.10998587310314178,0.10973633080720901,0.11126008629798889,0.11739833652973175
0.09446495026350021,0.0968196913599968,0.09938358515501022,0.10200529545545578,0.10000474005937576,0.09483694285154343,0.09334389120340347,0.09111514687538147,0.08880767226219177,0.08664073050022125,0.08482733368873596,0.0839746966958046,0.08383990824222565,0.08346465975046158,0.08280251175165176,0.0818592756986618,0.08019869029521942,0.07800566405057907,0.07657989114522934,0.07725532352924347,0.08123628795146942,0.0833500549197197,0.08348384499549866,0.08574630320072174,0.08825688064098358,0.09162399917840958,0.09533527493476868,0.09794754534959793,0.09907616674900055,0.10090526938438416,0.10229215770959854,0.1031743735074997,0.10511074960231781,0.10671157389879227,0.10810386389493942,0.10870659351348877,0.10844495892524719,0.10790658742189407,0.10785529017448425,0.10863226652145386,0.11253232508897781,0.11746205389499664
0.09544501453638077,0.09883984923362732,0.09920550137758255,0.0996478945016861,0.09524358063936234,0.08935125917196274,0.08788718283176422,0.08576414734125137,0.08428489416837692,0.08232150971889496,0.08095530420541763,0.08088228851556778,0.08150481432676315,0.08208432048559189,0.08234316110610962,0.08283935487270355,0.08398550003767014,0.08194111287593842,0.07966838032007217,0.08125162124633789,0.0830005556344986,0.08426107466220856,0.08550028502941132,0.08681882917881012,0.08854159712791443,0.09150011837482452,0.09450853615999222,0.09603555500507355,0.09868205338716507,0.10063391923904419,0.1007821336388588,0.10217714309692383,0.10339087247848511,0.10422322899103165,0.10479018092155457,0.1047065332531929,0.10461748391389847,0.10495970398187637,0.1060694232583046,0.10842043906450272,0.11248542368412018,0.11563138663768768
0.09676200151443481,0.09875712543725967,0.0968535989522934,0.09514050930738449,0.08866597712039948,0.08148355782032013,0.08027378469705582,0.07819073647260666,0.07719364017248154,0.07655628025531769,0.07766687124967575,0.07847002148628235,0.07853357493877411,0.07930289953947067,0.07934294641017914,0.07918794453144073,0.07931073755025864,0.07962469756603241,0.08090132474899292,0.08286041766405106,0.08403171598911285,0.08463969081640244,0.08552277088165283,0.08667441457509995,0.08821830153465271,0.09021741151809692,0.09239307790994644,0.09593521803617477,0.09876829385757446,0.09960629045963287,0.10020924359560013,0.10057078301906586,0.10057701170444489,0.1005605161190033,0.10131119191646576,0.10247992724180222,0.10367746651172638,0.10500356554985046,0.10698530822992325,0.10961641371250153,0.11284718662500381,0.1189790815114975
0.09971657395362854,0.09650247544050217,0.09536309540271759,0.08986986428499222,0.08061393350362778,0.07374851405620575,0.06979943066835403,0.06960701942443848,0.07252903282642365,0.07430650293827057,0.07380768656730652,0.07408388704061508,0.07465096563100815,0.0752459391951561,0.07534417510032654,0.0757937952876091,0.07778852432966232,0.08001357316970825,0.08240879327058792,0.08649574220180511,0.08802250027656555,0.0874517560005188,0.08814074844121933,0.08822979778051376,0.08722641319036484,0.08872831612825394,0.09296828508377075,0.09907549619674683,0.10226517915725708,0.10094642639160156,0.09943270683288574,0.09759177267551422,0.09916388243436813,0.10116418451070786,0.10163652151823044,0.10322685539722443,0.10495846718549728,0.10611063987016678,0.10557997971773148,0.10926419496536255,0.11914025247097015,0.12250863760709763
0.1010620966553688,0.09868909418582916,0.09197807312011719,0.08519439399242401,0.07917221635580063,0.07027948647737503,0.0641835406422615,0.06586922705173492,0.06844011694192886,0.0711069107055664,0.07234709709882736,0.07281485944986343,0.07330532371997833,0.07382724434137344,0.07447612285614014,0.07614801079034805,0.08105000108480453,0.08552733063697815,0.0879242867231369,0.08997319638729095,0.09061689674854279,0.09092304110527039,0.0912017971277237,0.0912068784236908,0.09109216183423996,0.092349573969841,0.09642817825078964,0.10172136127948761,0.10429105162620544,0.10281413793563843,0.0989355817437172,0.09890617430210114,0.10098409652709961,0.10078585892915726,0.10138819366693497,0.10294093191623688,0.1045113056898117,0.106010802090168,0.1091092973947525,0.11480442434549332,0.11892727017402649,0.11815393716096878
