dougfraga/big_6.json
{"header": {"parameterUnit": "m.s-1", "parameterNumber": 3, "dx": 0.016666000000000736, "dy": 0.016666000000000736, "parameterNumberName": "Northward current", "la1": -22.891645999999998, "la2": -24.0416, "parameterCategory": 2, "lo2": -43.225054, "nx": 95, "ny": 70, "refTime": "2022-12-18 06:00:00", "lo1": -44.79166}, "data":
[rows 18 to 35 of 70, columns 42 to 83 of 95]
0.08460061997175217,0.05380725860595703,0.0529845654964447,0.049533575773239136,0.04688557609915733,0.04669158533215523,0.03597705438733101,0.03368738293647766,0.029916604980826378,0.02709072269499302,0.025967519730329514,0.02586500160396099,0.023253774270415306,0.022498756647109985,0.024859940633177757,0.024803396314382553,0.02438957430422306,0.024162359535694122,0.023856697604060173,0.023949947208166122,0.02495465613901615,0.023834427818655968,0.021918460726737976,0.019649481400847435,0.017883343622088432,0.01779671013355255,0.02179005928337574,0.022180156782269478,0.02198236994445324,0.022390849888324738,0.02422758750617504,0.02477189153432846,0.023280039429664612,0.024009164422750473,0.02506006695330143,0.026319406926631927,0.0275381188839674,0.028839746490120888,0.02998974546790123,0.03148623928427696,0.034206174314022064,0.039667338132858276
0.06286700814962387,0.05224421247839928,0.049114249646663666,0.04404927417635918,0.04446061700582504,0.04416315630078316,0.03902821242809296,0.035506997257471085,0.0331239253282547,0.03052288293838501,0.029414115473628044,0.032471347600221634,0.027941104024648666,0.027258053421974182,0.027860242873430252,0.027252331376075745,0.027435259893536568,0.02658269554376602,0.025819145143032074,0.025916485115885735,0.029097460210323334,0.02801404893398285,0.026154225692152977,0.024382885545492172,0.02284141257405281,0.02297281101346016,0.02401598170399666,0.023647671565413475,0.02352967858314514,0.023686382919549942,0.024738237261772156,0.025390706956386566,0.025310959666967392,0.025509873405098915,0.026747573167085648,0.030151186510920525,0.03214985132217407,0.03457636758685112,0.03688604384660721,0.03936001658439636,0.042049139738082886,0.045490462332963943
0.035917654633522034,0.04371925815939903,0.04318173602223396,0.04290161281824112,0.04116068035364151,0.03854500874876976,0.03829779103398323,0.036840010434389114,0.03593052923679352,0.03344985470175743,0.031223466619849205,0.03044545091688633,0.03001261129975319,0.029387349262833595,0.031145436689257622,0.030498502776026726,0.03100629337131977,0.03078901767730713,0.03068574331700802,0.03067985735833645,0.030804794281721115,0.03010401874780655,0.027346182614564896,0.025889908894896507,0.02477109432220459,0.02463795244693756,0.02527846395969391,0.02595168724656105,0.025673173367977142,0.025540707632899284,0.026036502793431282,0.027232857421040535,0.030072635039687157,0.030822958797216415,0.0318971611559391,0.033854659646749496,0.036342065781354904,0.039471179246902466,0.042608171701431274,0.04580850154161453,0.048781316727399826,0.05203242972493172
0.03161468356847763,0.035360194742679596,0.036586593836545944,0.04038548469543457,0.04071442782878876,0.0380728654563427,0.03608550876379013,0.03402603045105934,0.03256059065461159,0.03223339095711708,0.02838602289557457,0.027035366743803024,0.03077022172510624,0.031230444088578224,0.031351178884506226,0.03173191472887993,0.032241467386484146,0.03251343220472336,0.032318562269210815,0.030665023252367973,0.02985699102282524,0.02940315008163452,0.028710056096315384,0.027343500405550003,0.026265453547239304,0.026039179414510727,0.02674904465675354,0.029272044077515602,0.029855333268642426,0.03024457022547722,0.031152591109275818,0.03249242156744003,0.03435054421424866,0.03514109551906586,0.03585640341043472,0.037559837102890015,0.04038340225815773,0.04421066865324974,0.04799562320113182,0.05138194188475609,0.05398501828312874,0.05541133135557175
0.028373131528496742,0.03129130229353905,0.032339420169591904,0.03380727395415306,0.03505410999059677,0.035808954387903214,0.03346547484397888,0.031005023047327995,0.029497547075152397,0.031271420419216156,0.02899896912276745,0.028643960133194923,0.030221011489629745,0.030641965568065643,0.030689982697367668,0.0312217865139246,0.03165704011917114,0.03189678490161896,0.030604446306824684,0.030306704342365265,0.02983221784234047,0.029758000746369362,0.031052468344569206,0.030382221564650536,0.029864627867937088,0.03021307848393917,0.03115950897336006,0.032684262841939926,0.033870212733745575,0.03482144698500633,0.03588886559009552,0.037133947014808655,0.03871653601527214,0.03944379836320877,0.040406227111816406,0.0422632060945034,0.04447203874588013,0.04629667103290558,0.04957461729645729,0.052128564566373825,0.05474178120493889,0.05766032263636589
0.024224955588579178,0.02646784856915474,0.02759072557091713,0.028134925290942192,0.02911866083741188,0.031873200088739395,0.031128374859690666,0.03005223162472248,0.029293915256857872,0.029294904321432114,0.0285988450050354,0.027281763032078743,0.02723998762667179,0.027038415893912315,0.026805058121681213,0.026887694373726845,0.027054231613874435,0.02804066613316536,0.02960178814828396,0.03199813514947891,0.03303036093711853,0.03362446650862694,0.03395315632224083,0.033670734614133835,0.03376620262861252,0.034473717212677,0.03577803075313568,0.03729504346847534,0.03880742937326431,0.04047757759690285,0.04179396480321884,0.04303266853094101,0.04419485107064247,0.045042745769023895,0.04461183771491051,0.045479755848646164,0.04683679714798927,0.049053385853767395,0.051691934466362,0.053894300013780594,0.057134125381708145,0.062393851578235626
0.021984051913022995,0.024387851357460022,0.026026038452982903,0.026965657249093056,0.027705803513526917,0.028873935341835022,0.02949291653931141,0.02907389961183071,0.026965295895934105,0.026243869215250015,0.02595403604209423,0.025869598612189293,0.025162281468510628,0.024703608825802803,0.024570584297180176,0.02509058453142643,0.02581803686916828,0.027626730501651764,0.03174949064850807,0.034302134066820145,0.03617699444293976,0.03755839169025421,0.03835279494524002,0.03873463347554207,0.03917410597205162,0.04023104906082153,0.04180513322353363,0.043468594551086426,0.04553254321217537,0.047765906900167465,0.04967554658651352,0.05103690177202225,0.05226583033800125,0.053145091980695724,0.05313621461391449,0.04981232434511185,0.05166052654385567,0.05541468784213066,0.05802341178059578,0.060545455664396286,0.0637570396065712,0.06774244457483292
0.020186491310596466,0.02268049865961075,0.024571411311626434,0.026237167418003082,0.027126077562570572,0.02672785148024559,0.027161505073308945,0.026835160329937935,0.025821100920438766,0.024785572662949562,0.024280976504087448,0.025768276304006577,0.025638828054070473,0.025997506454586983,0.026586290448904037,0.028033234179019928,0.029839452356100082,0.0316692553460598,0.0341709703207016,0.03672915697097778,0.03880149871110916,0.04038244113326073,0.04221964254975319,0.04372887685894966,0.044928669929504395,0.04639703035354614,0.048241905868053436,0.050056565552949905,0.052191708236932755,0.05442218855023384,0.05656805261969566,0.05816657468676567,0.05971073359251022,0.059357672929763794,0.0573832206428051,0.057254597544670105,0.05882931128144264,0.06123451516032219,0.06431633234024048,0.06759826093912125,0.07036785781383514,0.07063010334968567
0.019656013697385788,0.021445468068122864,0.02204211801290512,0.023603972047567368,0.024627458304166794,0.025197286158800125,0.025202246382832527,0.025198811665177345,0.025971630588173866,0.02521136775612831,0.024260325357317924,0.02432340756058693,0.025223033502697945,0.02600662223994732,0.0268231313675642,0.02792130596935749,0.03062325157225132,0.032874494791030884,0.03548210486769676,0.03803370147943497,0.040352366864681244,0.0426652692258358,0.044830698519945145,0.04709579050540924,0.04928186908364296,0.050943247973918915,0.05286186560988426,0.0543317049741745,0.05355025827884674,0.05484570190310478,0.0558028370141983,0.056918319314718246,0.058647576719522476,0.05962701141834259,0.060411129146814346,0.06370463222265244,0.06460345536470413,0.06428106129169464,0.06578747183084488,0.06811808794736862,0.07039050757884979,0.0711778998374939
0.016848647966980934,0.01863918825984001,0.020341744646430016,0.021460311487317085,0.022739602252840996,0.0249575674533844,0.02517428807914257,0.025831284001469612,0.025999074801802635,0.025372620671987534,0.024295296519994736,0.023643990978598595,0.024219047278165817,0.02476544678211212,0.025814637541770935,0.026347797363996506,0.02850932627916336,0.03139778599143028,0.03528210520744324,0.0385274663567543,0.041626594960689545,0.04508546367287636,0.04547548666596413,0.04763364791870117,0.052122920751571655,0.05338427796959877,0.053053658455610275,0.05469910800457001,0.05574416741728783,0.05563591420650482,0.055937040597200394,0.05665768310427666,0.058261070400476456,0.06230323016643524,0.0684480145573616,0.06678398698568344,0.06676270067691803,0.06683956831693649,0.06639371812343597,0.06649615615606308,0.06668473035097122,0.06951881945133209
0.01594862900674343,0.017931876704096794,0.021214913576841354,0.022349515929818153,0.023495979607105255,0.02474374510347843,0.025217825546860695,0.025687675923109055,0.026175066828727722,0.026340560987591743,0.025944363325834274,0.0251125767827034,0.024358708411455154,0.024854138493537903,0.026067961007356644,0.02717786654829979,0.029315397143363953,0.03264772519469261,0.036524806171655655,0.04053909331560135,0.044167060405015945,0.045605096966028214,0.0468401238322258,0.0477583184838295,0.05033460631966591,0.052882395684719086,0.0550948865711689,0.0570489875972271,0.061322253197431564,0.06236204504966736,0.0643295869231224,0.06498026102781296,0.06399320065975189,0.06667236983776093,0.06975579261779785,0.06975112855434418,0.0691509023308754,0.07107774168252945,0.07101032882928848,0.07047265022993088,0.0688687339425087,0.06936156749725342
0.019819650799036026,0.021267911419272423,0.022720973938703537,0.02353908121585846,0.024074507877230644,0.02466202713549137,0.025461014360189438,0.02578122727572918,0.026793895289301872,0.027737457305192947,0.028510695323348045,0.02823694422841072,0.02775849960744381,0.028260953724384308,0.029412612318992615,0.031423721462488174,0.03431972861289978,0.03721727058291435,0.037772513926029205,0.041095614433288574,0.04468577727675438,0.04738054797053337,0.05052943900227547,0.05157339200377464,0.05170624330639839,0.05523674562573433,0.060922760516405106,0.06367446482181549,0.06657497584819794,0.06648392230272293,0.0681435614824295,0.06902363896369934,0.0695161297917366,0.07016841322183609,0.07183606177568436,0.07456009835004807,0.07527036219835281,0.07679373770952225,0.07628268748521805,0.07251846790313721,0.06941806524991989,0.07010545581579208
0.025715934112668037,0.02643795683979988,0.026148825883865356,0.026010440662503242,0.025337904691696167,0.025030802935361862,0.025700565427541733,0.02713044174015522,0.02891267091035843,0.030423343181610107,0.031570106744766235,0.030208444222807884,0.029970090836286545,0.030290579423308372,0.031166715547442436,0.033044859766960144,0.03543146327137947,0.03809230402112007,0.039417363703250885,0.04132375493645668,0.04449969530105591,0.04983320087194443,0.05360434576869011,0.05648184195160866,0.058778949081897736,0.062297165393829346,0.06640171259641647,0.06752413511276245,0.06931468099355698,0.06946013122797012,0.0691855177283287,0.07019885629415512,0.07343165576457977,0.07522135227918625,0.07799574732780457,0.07988644391298294,0.0790657252073288,0.07969512045383453,0.0778527781367302,0.07347860932350159,0.06891544908285141,0.06825898587703705
0.029727300629019737,0.030913567170500755,0.031709834933280945,0.03187841176986694,0.027449140325188637,0.025896934792399406,0.02619486302137375,0.026684647426009178,0.028215155005455017,0.029883254319429398,0.03137224167585373,0.032208673655986786,0.0323524996638298,0.03257307410240173,0.033201541751623154,0.034400880336761475,0.036072514951229095,0.03872860223054886,0.04243123158812523,0.0442027784883976,0.04661395773291588,0.05127200856804848,0.05612790957093239,0.06050863862037659,0.06247662752866745,0.06576596200466156,0.06897425651550293,0.07039490342140198,0.0708731859922409,0.07300526648759842,0.07254931330680847,0.07267136126756668,0.07287127524614334,0.07515990734100342,0.07824891060590744,0.08093202859163284,0.08114875108003616,0.07988840341567993,0.07687433809041977,0.07433217018842697,0.07157813757658005,0.07082991302013397
0.03307731822133064,0.03523588180541992,0.03604896366596222,0.03627501055598259,0.030518848448991776,0.026986606419086456,0.02562613971531391,0.02578837238252163,0.026932360604405403,0.028826819732785225,0.03156553953886032,0.0354502908885479,0.03688964992761612,0.037875305861234665,0.039278674870729446,0.04073735326528549,0.04190235584974289,0.04391852021217346,0.04659724235534668,0.0487743504345417,0.05053776502609253,0.051368288695812225,0.05532805249094963,0.06066352128982544,0.06492964178323746,0.06794172525405884,0.07083690911531448,0.0744863897562027,0.07511129230260849,0.07543596625328064,0.07250391691923141,0.07092034816741943,0.07129886001348495,0.07217235863208771,0.0747365653514862,0.07875286042690277,0.08171620965003967,0.0802900418639183,0.0771104022860527,0.07405194640159607,0.07314497232437134,0.07374873012304306
0.03727398067712784,0.04002039134502411,0.03996109217405319,0.03937353566288948,0.03473356366157532,0.029976066201925278,0.026544250547885895,0.027656760066747665,0.029134759679436684,0.03177923709154129,0.03540944308042526,0.038602009415626526,0.04107946902513504,0.04349631071090698,0.046093445271253586,0.04828980192542076,0.048961419612169266,0.04794694855809212,0.04902968183159828,0.050252221524715424,0.051943786442279816,0.053225643932819366,0.05606653913855553,0.060968946665525436,0.06784214824438095,0.07234779745340347,0.07574044167995453,0.07840943336486816,0.07937753200531006,0.07661695033311844,0.07176730781793594,0.06804751604795456,0.0691491886973381,0.0697857216000557,0.07282871752977371,0.07777091860771179,0.07973062992095947,0.07890808582305908,0.07657425105571747,0.07486666738986969,0.07470550388097763,0.0771740972995758
0.03900891914963722,0.0430794432759285,0.044561952352523804,0.045079633593559265,0.03950291499495506,0.034622594714164734,0.030481161549687386,0.0307915136218071,0.03271474689245224,0.036423586308956146,0.04028666764497757,0.04181352257728577,0.0438663586974144,0.04599801078438759,0.048226241022348404,0.05034064128994942,0.05161106958985329,0.052209075540304184,0.05212206020951271,0.05245556682348251,0.05457652732729912,0.05928660184144974,0.06263560801744461,0.0668974220752716,0.07244642823934555,0.07762150466442108,0.08176164329051971,0.08311314880847931,0.08076761662960052,0.0769536942243576,0.07222925871610641,0.06783895939588547,0.06727840006351471,0.068410724401474,0.07209888845682144,0.07678394019603729,0.07879465073347092,0.07929109781980515,0.0786648690700531,0.07839740812778473,0.07893747091293335,0.08297574520111084
0.03911637142300606,0.04436519742012024,0.04839222505688667,0.04583781957626343,0.042499981820583344,0.03552990406751633,0.03368055447936058,0.034742772579193115,0.0372466966509819,0.03955092281103134,0.04292057082056999,0.04488404840230942,0.04632260650396347,0.04763017222285271,0.0487411804497242,0.05029791593551636,0.05273035913705826,0.05704672634601593,0.058808013796806335,0.06033908948302269,0.060935989022254944,0.06348244845867157,0.0664883628487587,0.07065743952989578,0.07644668966531754,0.08391430228948593,0.08751127123832703,0.08705992996692657,0.08143014460802078,0.07829491794109344,0.07350112497806549,0.06963491439819336,0.06940535455942154,0.0681726410984993,0.06973563134670258,0.0722268745303154,0.07403265684843063,0.0757666826248169,0.07792343199253082,0.08249960094690323,0.08268242329359055,0.08297210931777954
