dougfraga/big_6.json
{"header": {"parameterUnit": "m.s-1", "parameterNumber": 3, "dx": 0.016666000000000736, "dy": 0.016666000000000736, "parameterNumberName": "Northward current", "la1": -22.891645999999998, "la2": -24.0416, "parameterCategory": 2, "lo2": -43.225054, "nx": 95, "ny": 70, "refTime": "2022-12-18 06:00:00", "lo1": -44.79166}, "data":
[rows 36 to 53 of 70, columns 0 to 41 of 95]
-0.00010309291974408552,-0.00010309291974408552,0.00013025474618189037,0.0005722681526094675,0.002213668543845415,0.004122889135032892,0.0058527858927845955,0.005963257513940334,0.002548041520640254,-0.0002010146272368729,-0.00011473125778138638,0.0030132553074508905,0.004126860294491053,0.004834200255572796,0.005181122105568647,0.005276493262499571,0.005194092635065317,0.005383695475757122,0.005903043784201145,0.004640075843781233,0.0076297554187476635,0.010434784926474094,0.01318554300814867,0.016494356095790863,0.021459132432937622,0.025426341220736504,0.025368288159370422,0.02657797560095787,0.02525472268462181,0.02293980121612549,0.01958874613046646,0.01664028689265251,0.014099041931331158,0.015554992482066154,0.0201274361461401,0.026381125673651695,0.03079829551279545,0.0349130779504776,0.03210187330842018,0.029682237654924393,0.028413839638233185,0.03647299483418465
0.005300559103488922,0.005300559103488922,0.005031788256019354,0.005016085226088762,0.006133611313998699,0.007224862463772297,0.007398661226034164,0.004333154298365116,0.0004409374378155917,-0.0018430688651278615,0.00036902702413499355,0.002651739399880171,0.004711769986897707,0.005727446638047695,0.006250931415706873,0.006755581125617027,0.006888653617352247,0.008020740002393723,0.006344230845570564,0.00634007528424263,0.008173215202987194,0.010434631258249283,0.010617549531161785,0.013389281928539276,0.017979323863983154,0.02174205705523491,0.026298310607671738,0.02781016379594803,0.027259668335318565,0.024579348042607307,0.019470157101750374,0.015187455341219902,0.012634730897843838,0.014973830431699753,0.01831861585378647,0.025821326300501823,0.03381916135549545,0.03635228052735329,0.03625380992889404,0.03099055401980877,0.03376026824116707,0.036110322922468185
0.010582410730421543,0.010582410730421543,0.010736941359937191,0.010612336918711662,0.010389242321252823,0.009602999314665794,0.006837369874119759,0.0029717443976551294,-0.00015990245447028428,-0.00230802153237164,-0.00015534287376794964,0.003659061621874571,0.0067763300612568855,0.007193169090896845,0.007508534938097,0.008909967727959156,0.010640815831720829,0.011955903843045235,0.009454273618757725,0.012209717184305191,0.010698712430894375,0.012748091481626034,0.013567056506872177,0.013785070739686489,0.016200406476855278,0.021461261436343193,0.02929549105465412,0.029599476605653763,0.02992681972682476,0.0270086582750082,0.020352719351649284,0.01402739342302084,0.010805129073560238,0.013194686733186245,0.018266845494508743,0.02260424941778183,0.030659087002277374,0.03243063762784004,0.03283848613500595,0.03355889767408371,0.0392412431538105,0.043421220034360886
0.015241524204611778,0.015241524204611778,0.01598583534359932,0.016118371859192848,0.015248267911374569,0.012697717174887657,0.007854054681956768,0.0035874180030077696,-0.0015040305443108082,-0.0037752140779048204,0.0013622298138216138,0.0035833294969052076,0.00987278949469328,0.012489937245845795,0.010076281614601612,0.012214820832014084,0.015217642299830914,0.017283771187067032,0.018072286620736122,0.018846578896045685,0.014640332199633121,0.013670929707586765,0.014410695061087608,0.013644145801663399,0.014232747256755829,0.0205141119658947,0.03005254454910755,0.03335439786314964,0.037875499576330185,0.0314936637878418,0.024353323504328728,0.015349715016782284,0.0082694785669446,0.008909896947443485,0.015767555683851242,0.017131593078374863,0.02150692604482174,0.0277845561504364,0.032322682440280914,0.04141561686992645,0.04470410570502281,0.05170188099145889
0.018252935260534286,0.018252935260534286,0.019440751522779465,0.019929464906454086,0.019026972353458405,0.017150580883026123,0.012589957565069199,0.006090837996453047,-0.0009916507406160235,-0.005554751958698034,-0.004438343923538923,0.0035234333481639624,0.008396975696086884,0.013125400058925152,0.015860307961702347,0.01718982122838497,0.01958794705569744,0.02274027280509472,0.026084577664732933,0.025995437055826187,0.02251463383436203,0.018000639975070953,0.015477522276341915,0.015421721152961254,0.014967150054872036,0.018723037093877792,0.026742281392216682,0.03437516838312149,0.03959842771291733,0.03762342408299446,0.03103683516383171,0.017121288925409317,0.007221457548439503,0.005621104035526514,0.0123529564589262,0.016532128676772118,0.02066662162542343,0.028975002467632294,0.044074300676584244,0.050086963921785355,0.05263834074139595,0.05499747395515442
0.01923981122672558,0.01923981122672558,0.02130863070487976,0.023671094328165054,0.02316765859723091,0.021390290930867195,0.018811872228980064,0.011733387596905231,0.002768161240965128,-0.004614454694092274,-0.00911789946258068,-0.0023882200475782156,0.0029778461903333664,0.011212186887860298,0.019777437672019005,0.02065909095108509,0.022892942652106285,0.02750036120414734,0.031462229788303375,0.031154198572039604,0.028222551569342613,0.02416306734085083,0.020382817834615707,0.016863051801919937,0.018189629539847374,0.01748298667371273,0.0222711693495512,0.03328573703765869,0.03677138313651085,0.04095391929149628,0.03504616394639015,0.020349178463220596,0.008880816400051117,0.004946398548781872,0.009077232331037521,0.01637926697731018,0.026237143203616142,0.04053017869591713,0.051674921065568924,0.05620748549699783,0.05775388330221176,0.05642229691147804
0.018088435754179955,0.018088435754179955,0.0204103272408247,0.024424288421869278,0.025954190641641617,0.02593390643596649,0.026061121374368668,0.017451321706175804,0.008430981077253819,0.0014309759717434645,-0.002639715326949954,-0.0037020344752818346,0.003536320524290204,0.013051851652562618,0.019381999969482422,0.022046687081456184,0.02545532025396824,0.030439691618084908,0.03414980322122574,0.03428559750318527,0.0316779650747776,0.027388231828808784,0.020713547244668007,0.015976600348949432,0.0185453612357378,0.01832602731883526,0.021329345181584358,0.03146306425333023,0.03624779358506203,0.03944021463394165,0.034501004964113235,0.022148286923766136,0.010845224373042583,0.008092332631349564,0.009066672064363956,0.01924692839384079,0.03051220439374447,0.046929311007261276,0.05571766197681427,0.06009504571557045,0.057353172451257706,0.05510418862104416
0.015373170375823975,0.015373170375823975,0.016092700883746147,0.019953737035393715,0.025050297379493713,0.027433175593614578,0.0287491325289011,0.021131150424480438,0.0133125688880682,0.007983065210282803,0.005225814413279295,0.006379185244441032,0.010451565496623516,0.014739167876541615,0.018832873553037643,0.021120857447385788,0.02372642047703266,0.028150878846645355,0.03590529039502144,0.03644353523850441,0.03650322183966637,0.030741620808839798,0.020237263292074203,0.015589622780680656,0.014190951362252235,0.01910298876464367,0.025080902501940727,0.03218472748994827,0.035456422716379166,0.035577647387981415,0.03191060572862625,0.022858133539557457,0.011773884296417236,0.008801116608083248,0.012323607690632343,0.02417260780930519,0.03796914964914322,0.04910161718726158,0.05633042752742767,0.057459212839603424,0.055780112743377686,0.05444793775677681
0.012762212194502354,0.012762212194502354,0.012520571239292622,0.014306215569376945,0.020642366260290146,0.025685615837574005,0.027410654351115227,0.02366461418569088,0.016871586441993713,0.011412289924919605,0.010517776943743229,0.010603907518088818,0.01494365930557251,0.019045649096369743,0.021217498928308487,0.02212260104715824,0.023672476410865784,0.02758169174194336,0.03547409176826477,0.03604314476251602,0.03706120327115059,0.03322121500968933,0.024263495579361916,0.018420346081256866,0.01577604003250599,0.020131180062890053,0.02589808963239193,0.03179651498794556,0.03493240475654602,0.03448161482810974,0.030286584049463272,0.024197086691856384,0.01503362413495779,0.011469305492937565,0.01741206832230091,0.029559971764683723,0.0420428104698658,0.05027742311358452,0.0536617673933506,0.0538419634103775,0.054459329694509506,0.053507886826992035
0.010178249329328537,0.010178249329328537,0.01039836835116148,0.011623184196650982,0.01705506443977356,0.024582967162132263,0.027812257409095764,0.02675558812916279,0.02126551792025566,0.013804665766656399,0.01144323404878378,0.013637464493513107,0.018182994797825813,0.023777222260832787,0.026211699470877647,0.027332929894328117,0.028767714276909828,0.031467217952013016,0.03448818624019623,0.034622520208358765,0.034031420946121216,0.03131208196282387,0.0291183702647686,0.02465502917766571,0.02312622033059597,0.02470102161169052,0.02739662118256092,0.03004389815032482,0.033769235014915466,0.03544284775853157,0.03223230317234993,0.02782553806900978,0.02285061776638031,0.020014533773064613,0.024326886981725693,0.0339822843670845,0.042355336248874664,0.047747012227773666,0.05137768015265465,0.0516313798725605,0.05163772031664848,0.05161936581134796
0.008712323382496834,0.008712323382496834,0.009280706755816936,0.011592093855142593,0.016655147075653076,0.02452879585325718,0.02983284741640091,0.03186114877462387,0.026769937947392464,0.019331684336066246,0.014429233968257904,0.017803605645895004,0.021829264238476753,0.02655019611120224,0.029568511992692947,0.031202368438243866,0.032309941947460175,0.033620599657297134,0.03538717329502106,0.0352628156542778,0.0344231016933918,0.0338304378092289,0.0337279736995697,0.03066217713057995,0.029415322467684746,0.02987009473145008,0.031128263100981712,0.03323153406381607,0.0358203649520874,0.03602271527051926,0.03306601941585541,0.030697522684931755,0.0290492195636034,0.027881449088454247,0.0296355988830328,0.03494572639465332,0.04135293513536453,0.04483269155025482,0.047639213502407074,0.04854852706193924,0.04847989231348038,0.04970315843820572
0.009033618494868279,0.009033618494868279,0.009736252948641777,0.012201089411973953,0.017288966104388237,0.025566883385181427,0.033505506813526154,0.04068785160779953,0.03319519758224487,0.027226457372307777,0.021831948310136795,0.021181225776672363,0.023683646693825722,0.02770744264125824,0.030844930559396744,0.032942529767751694,0.03415578603744507,0.03490326181054115,0.03668540343642235,0.0370926707983017,0.036739278584718704,0.0382150337100029,0.038280535489320755,0.03649996221065521,0.03484027460217476,0.03469284996390343,0.0347973071038723,0.0338970422744751,0.03493786230683327,0.035264939069747925,0.03453816473484039,0.033381443470716476,0.03338678553700447,0.03430771827697754,0.03451313078403473,0.03589852899312973,0.03825419396162033,0.04006478935480118,0.04303862154483795,0.044980134814977646,0.04626576602458954,0.04665821045637131
0.009861650876700878,0.009861650876700878,0.01115297619253397,0.014318996109068394,0.019841963425278664,0.026436636224389076,0.03649962320923805,0.045906949788331985,0.0441085584461689,0.03932221233844757,0.02883104979991913,0.02300518937408924,0.02275911718606949,0.026014136150479317,0.03110920637845993,0.03343803435564041,0.034949153661727905,0.03612947091460228,0.03818604722619057,0.039545632898807526,0.039179034531116486,0.0403190515935421,0.042131949216127396,0.04217413440346718,0.04036000370979309,0.03911309689283371,0.036678921431303024,0.03500297665596008,0.033935580402612686,0.03424006327986717,0.03633597493171692,0.0370359793305397,0.037966325879096985,0.03781980648636818,0.03716081753373146,0.036255642771720886,0.03609250485897064,0.03686204552650452,0.039085011929273605,0.039767712354660034,0.042641881853342056,0.044448528438806534
0.010000571608543396,0.010000571608543396,0.011558761820197105,0.014775623567402363,0.020305125042796135,0.02567988634109497,0.03515299782156944,0.04376174882054329,0.04966241866350174,0.048659827560186386,0.03813178092241287,0.029124874621629715,0.02456759102642536,0.024035446345806122,0.027948586270213127,0.03349326550960541,0.036051392555236816,0.03799332305788994,0.040923699736595154,0.043370138853788376,0.0422125980257988,0.04288063943386078,0.04474629834294319,0.04629658907651901,0.04476232826709747,0.04124348238110542,0.03906252980232239,0.03844325616955757,0.036660097539424896,0.036451052874326706,0.03745991736650467,0.038626741617918015,0.03992236405611038,0.039800629019737244,0.03889444097876549,0.03675112873315811,0.033369340002536774,0.033001355826854706,0.034627798944711685,0.03625338897109032,0.03993133082985878,0.044579118490219116
0.009166534058749676,0.009166534058749676,0.009836837649345398,0.011346805840730667,0.014586341567337513,0.02195882238447666,0.02972068078815937,0.03948499262332916,0.046691421419382095,0.05074025318026543,0.04728913679718971,0.04032374545931816,0.032722108066082,0.027367105707526207,0.025744346901774406,0.029441557824611664,0.03311097249388695,0.036581940948963165,0.04409794509410858,0.04855289310216904,0.04771074280142784,0.04707970842719078,0.04710616543889046,0.04628199711441994,0.04557761549949646,0.04337761178612709,0.04317516088485718,0.04206203296780586,0.03983469679951668,0.03923579305410385,0.03955857455730438,0.0403607152402401,0.04043057933449745,0.03788984194397926,0.0364220105111599,0.03437032923102379,0.031801488250494,0.030736684799194336,0.03268686309456825,0.03636883571743965,0.03902515396475792,0.04352375864982605
0.008323626592755318,0.008323626592755318,0.007683276664465666,0.007056839298456907,0.006953164469450712,0.010720385238528252,0.01677803136408329,0.027356116101145744,0.04072217643260956,0.044998232275247574,0.050394270569086075,0.04914779216051102,0.0427093505859375,0.03521778807044029,0.030331775546073914,0.028294751420617104,0.03007720410823822,0.03225028142333031,0.037959784269332886,0.04524901881814003,0.052180927246809006,0.05191023647785187,0.04894512519240379,0.04672118276357651,0.046625323593616486,0.047311749309301376,0.04725359380245209,0.046164728701114655,0.043725207448005676,0.0426621213555336,0.04200083762407303,0.03950458765029907,0.03852786123752594,0.03650563210248947,0.03423018753528595,0.03195840120315552,0.03055187687277794,0.02952134981751442,0.031216736882925034,0.03349639102816582,0.03292384371161461,0.037348415702581406
0.007644201163202524,0.007644201163202524,0.0063252816908061504,0.004333819262683392,0.002220114693045616,0.0013266043970361352,0.006228134036064148,0.018821677193045616,0.03097071684896946,0.04100317507982254,0.050249259918928146,0.05173346772789955,0.048608455806970596,0.04230824112892151,0.037183500826358795,0.03438415378332138,0.03294236958026886,0.032180581241846085,0.033323023468256,0.04135099798440933,0.05307500436902046,0.05287455394864082,0.050333861261606216,0.049444135278463364,0.04960567131638527,0.05049895867705345,0.05079490318894386,0.04942404478788376,0.04775116592645645,0.044356487691402435,0.04142674431204796,0.039616040885448456,0.03808767348527908,0.03780539706349373,0.035168565809726715,0.030331537127494812,0.024058004841208458,0.02109033614397049,0.021498365327715874,0.02232482098042965,0.021322965621948242,0.024884440004825592
0.007905712351202965,0.007905712351202965,0.006930867675691843,0.004808016121387482,0.0024143236223608255,0.0018981306347995996,0.004759288392961025,0.013802345842123032,0.026602741330862045,0.04021504521369934,0.048156630247831345,0.048123303800821304,0.04734980687499046,0.044611189514398575,0.04204520955681801,0.04094437509775162,0.03931963071227074,0.03799822926521301,0.03978792577981949,0.04332854971289635,0.049881719052791595,0.05208904296159744,0.05163641646504402,0.05064934492111206,0.050720397382974625,0.051818616688251495,0.052786387503147125,0.05149608105421066,0.04691431671380997,0.04026467725634575,0.041657302528619766,0.042607907205820084,0.04032497480511665,0.03807622939348221,0.03439034894108772,0.025640731677412987,0.0170985646545887,0.012704982422292233,0.012047613970935345,0.012736557051539421,0.014575761742889881,0.017962047830224037
