dougfraga/big_18.json
{"header": {"parameterUnit": "m.s-1", "parameterNumber": 3, "dx": 0.016666000000000736, "dy": 0.016666000000000736, "parameterNumberName": "Northward current", "la1": -22.891645999999998, "la2": -24.0416, "parameterCategory": 2, "lo2": -43.225054, "nx": 95, "ny": 70, "refTime": "2022-12-18 18:00:00", "lo1": -44.79166}, "data":
[rows 18 to 35 of 70, columns 40 to 79 of 95]
0.0,0.04723113775253296,0.04181563854217529,0.02284938655793667,0.02189658023416996,0.017126455903053284,0.014328078366816044,0.010495072230696678,0.004140432458370924,0.005900862626731396,0.0029115495271980762,0.0017478318186476827,0.0015860437415540218,0.001285411650314927,-0.0008854415500536561,-0.0009456691914238036,0.0015586491208523512,0.000777404522523284,0.00032182622817344964,0.0017979616532102227,0.0032824345398694277,0.003851408138871193,0.005725606810301542,0.004231997299939394,0.0028327510226517916,0.0018867588369175792,0.0017927618464455009,0.0025924798101186752,0.007002571132034063,0.006086160894483328,0.005262215156108141,0.005579045508056879,0.006310605444014072,0.005804257933050394,0.0029571091290563345,0.002790367929264903,0.0035698660649359226,0.004663262516260147,0.005639214068651199,0.006743904668837786
-0.010271819308400154,0.031776063144207,0.026837140321731567,0.02021544799208641,0.013264547102153301,0.006310812663286924,0.010100283659994602,0.010127583518624306,0.007891010493040085,0.004684704355895519,0.0011965840822085738,-0.0005495433579199016,0.00035536999348551035,0.004747096449136734,6.85435370542109e-05,0.00025381508748978376,0.0008196037961170077,-0.00029482555692084134,-0.0008715874864719808,-0.000989238964393735,-0.0004709834756795317,0.0010074329329654574,0.005961462389677763,0.005153445526957512,0.004195991437882185,0.004139768425375223,0.0046004485338926315,0.005714371334761381,0.0071497708559036255,0.005417232867330313,0.004892973229289055,0.005343787372112274,0.006610010750591755,0.007327241823077202,0.006496557500213385,0.005809033289551735,0.006610597018152475,0.009291599504649639,0.009705256670713425,0.01005452312529087
-0.009500383399426937,6.969903915887699e-05,0.004078549798578024,0.010358825325965881,0.007447476498782635,0.006401305086910725,0.006003496237099171,0.006293192505836487,0.009580757468938828,0.00839756429195404,0.005633803550153971,0.0012014706153422594,0.0009088909137062728,0.0018698601052165031,0.0005017654038965702,-0.0005737807368859649,0.0012253515888005495,-2.9194941816967912e-05,0.00037581156357191503,0.0009833441581577063,0.0025782319717109203,0.004956548567861319,0.0080209169536829,0.008632754907011986,0.006439513061195612,0.006300757173448801,0.006610174663364887,0.0072806039825081825,0.00816210824996233,0.008117515593767166,0.007470153272151947,0.0075573367066681385,0.008606385439634323,0.010070753283798695,0.012180730700492859,0.011375362053513527,0.01106953527778387,0.01133665256202221,0.01153526734560728,0.012176050804555416
-0.0027664850931614637,0.0005133452941663563,-4.737171911983751e-05,0.0009911346714943647,0.002220994094386697,0.007649295497685671,0.007888991385698318,0.005512097384780645,0.006611331831663847,0.006385171785950661,0.004814762622117996,0.0026271429378539324,5.732219051424181e-06,-0.0004806012148037553,0.0023162306752055883,0.0012608121614903212,0.0012482922757044435,0.0016421100590378046,0.0026504371780902147,0.004259426612406969,0.006200970150530338,0.00682709738612175,0.008729333989322186,0.009320160374045372,0.00869747530668974,0.007777285296469927,0.007449037861078978,0.007764579262584448,0.008730761706829071,0.011098260059952736,0.01123336236923933,0.011323340237140656,0.012104639783501625,0.013396347872912884,0.014694063924252987,0.014239170588552952,0.013459444046020508,0.013319114223122597,0.013902809470891953,0.01551209855824709
-0.00559266610071063,0.004431759938597679,-6.244802352739498e-05,7.946465484565124e-05,0.0006650464492850006,0.003112698905169964,0.004761728923767805,0.005805121269077063,0.005228198599070311,0.004285040777176619,0.0038655598182231188,0.0057986704632639885,0.003508902620524168,0.0023263604380190372,0.0030254030134528875,0.0029881896916776896,0.0033290772698819637,0.004389573819935322,0.005742459557950497,0.00739560229703784,0.007350762840360403,0.008082455024123192,0.007885463535785675,0.0075772409327328205,0.008707616478204727,0.00796574167907238,0.007758802268654108,0.00847562961280346,0.009559634141623974,0.010930444113910198,0.011835341341793537,0.012499535456299782,0.01343759149312973,0.014819188043475151,0.01640969142317772,0.016568847000598907,0.016535092145204544,0.01698286458849907,0.017829345539212227,0.017081281170248985
-0.003148374380543828,-5.455761493067257e-05,0.0004505553806666285,-0.00016380650049541146,-0.00047915912000462413,-6.727424988639541e-06,0.001807108405046165,0.006087646819651127,0.0060640666633844376,0.00585260009393096,0.005891720298677683,0.0064117140136659145,0.005203051958233118,0.0027626394294202328,0.002599493833258748,0.0026259359437972307,0.002834130311384797,0.003517219563946128,0.0044970945455133915,0.006436793599277735,0.008042465895414352,0.009586219675838947,0.008885213173925877,0.008073068223893642,0.007703023497015238,0.007145817391574383,0.007302411366254091,0.008142716251313686,0.009358856827020645,0.010621447116136551,0.011855571530759335,0.013412637636065483,0.014879950322210789,0.01653187721967697,0.018283158540725708,0.019369594752788544,0.018548443913459778,0.0184605922549963,0.01899653859436512,0.018144693225622177
-0.0012599456822499633,-0.0012028422206640244,0.0030123605392873287,0.002588342409580946,0.0021413927897810936,0.0020133121870458126,0.0025615321937948465,0.004251295235008001,0.005408895201981068,0.0052511366084218025,0.0035544815473258495,0.003955502063035965,0.0038445619866251945,0.003216720651835203,0.002266909694299102,0.001978578045964241,0.002092569600790739,0.002869364572688937,0.0037325615994632244,0.00562121719121933,0.009084031917154789,0.0096055306494236,0.009174994193017483,0.008658391423523426,0.008188456296920776,0.007856683805584908,0.008003254421055317,0.008915960788726807,0.010208833031356335,0.011434469372034073,0.013012219220399857,0.015136652626097202,0.017368413507938385,0.019493868574500084,0.021764324977993965,0.024282731115818024,0.02469898946583271,0.02032904140651226,0.02030293643474579,0.02149016782641411
0.0007648597238585353,0.0025017401203513145,0.0039130751974880695,0.003933360800147057,0.003610094077885151,0.0036060407292097807,0.003227325389161706,0.001900019939057529,0.0025011382531374693,0.0021555814892053604,0.001179613871499896,0.0007511681178584695,0.0009911763481795788,0.002772575244307518,0.0022967385593801737,0.0026280670426785946,0.0032071531750261784,0.004678724799305201,0.006081258412450552,0.0071960194036364555,0.008432119153439999,0.009072208777070045,0.008799148723483086,0.008115166798233986,0.008197291754186153,0.00858297199010849,0.009118623100221157,0.010174775496125221,0.011585352011024952,0.012931599281728268,0.014483527280390263,0.016488678753376007,0.01889588125050068,0.021475648507475853,0.024543579667806625,0.02726350724697113,0.02598496340215206,0.02427530288696289,0.023511076346039772,0.024312732741236687
0.003672632621601224,0.005050819367170334,0.005868207197636366,0.00529084587469697,0.0033902511931955814,0.0031273511704057455,0.0022471866104751825,0.0007250738563016057,-0.00029794900910928845,-0.0008712004637345672,-0.0004570969322230667,-0.0014696437865495682,-0.0019398580770939589,-0.0012614235747605562,-0.00019391559180803597,0.0004358850419521332,0.0011254025157541037,0.0022663697600364685,0.004520080517977476,0.005855286959558725,0.006980007980018854,0.00758862541988492,0.007602005265653133,0.007235261145979166,0.007305231876671314,0.008071157149970531,0.009397787973284721,0.010602980852127075,0.012063377536833286,0.012989250011742115,0.011117960326373577,0.011788635514676571,0.012736296281218529,0.014677613042294979,0.018248626962304115,0.02184942737221718,0.023425152525305748,0.02608509361743927,0.026395536959171295,0.0250832699239254
0.004652558360248804,0.005241559352725744,0.005618534982204437,0.005486733745783567,0.004313057288527489,0.0028449050150811672,0.0015241740038618445,0.0009756957297213376,-0.001204493804834783,-0.0021726007107645273,-0.0031400027219206095,-0.004302605055272579,-0.005175742786377668,-0.005253980401903391,-0.0042891171760857105,-0.0038038427010178566,-0.0028316196985542774,-0.0022480518091470003,-0.0005987000185996294,0.001309138722717762,0.0037015003617852926,0.004998793359845877,0.0058519188314676285,0.0063422550447285175,0.004258550237864256,0.004603665787726641,0.008131811395287514,0.009391020983457565,0.008340145461261272,0.00918214488774538,0.008983410894870758,0.0081480098888278,0.008292780257761478,0.009805906563997269,0.013050707057118416,0.018572330474853516,0.02597757987678051,0.02499346435070038,0.025924071669578552,0.0251939557492733
0.00652308389544487,0.006315766833722591,0.006560353096574545,0.007033617701381445,0.007671145722270012,0.00545173604041338,0.0029868080746382475,0.0005409690784290433,-0.0024543926119804382,-0.004569526761770248,-0.0058469329960644245,-0.006544522941112518,-0.007052531465888023,-0.007625366095453501,-0.007994679734110832,-0.00740245683118701,-0.006307218223810196,-0.005404141265898943,-0.004087254870682955,-0.0018804346909746528,0.00046276437933556736,0.0026496148202568293,0.004090598318725824,0.002706194529309869,0.0013215340441092849,0.00026711609098128974,0.0015822373097762465,0.0044298190623521805,0.005981240887194872,0.0073490324430167675,0.010984285734593868,0.011666904203593731,0.013566053472459316,0.015150467865169048,0.015092519111931324,0.01891891285777092,0.023137612268328667,0.023871587589383125,0.024505840614438057,0.02636936865746975
0.01183509360998869,0.01154407486319542,0.011747898533940315,0.011477882042527199,0.010443001054227352,0.007843942381441593,0.004122494254261255,0.00012750033056363463,-0.0036644511856138706,-0.007183162495493889,-0.008655861020088196,-0.00878685899078846,-0.008256918750703335,-0.008547427132725716,-0.008858148008584976,-0.008504070341587067,-0.007829209789633751,-0.006585598457604647,-0.0048241205513477325,-0.0031069901306182146,-0.0038693007081747055,-0.0021251796279102564,-0.0006089368253014982,-0.00022168090799823403,0.00039637027657590806,-0.0004943537060171366,-0.0015930162044242024,0.0020925786811858416,0.007896723225712776,0.010801521129906178,0.013742974027991295,0.01346838753670454,0.014826174825429916,0.016029445454478264,0.016641484573483467,0.018217939883470535,0.020952407270669937,0.024513890966773033,0.026431674137711525,0.028761621564626694
0.01710362918674946,0.017806220799684525,0.01905849575996399,0.017611244693398476,0.014401481486856937,0.010728071443736553,0.005754335317760706,0.0003154310688842088,-0.004607232753187418,-0.008358269929885864,-0.010191007517278194,-0.010057779960334301,-0.008978055790066719,-0.010497289709746838,-0.010650908574461937,-0.010835767723619938,-0.01086493767797947,-0.01020312961190939,-0.009153971448540688,-0.007689960300922394,-0.007349866908043623,-0.006883509457111359,-0.005489224102348089,-0.0024100684095174074,-0.000907737878151238,0.00018718172213993967,0.0014912491897121072,0.005275510251522064,0.01047389954328537,0.012495298869907856,0.014788426458835602,0.015064350329339504,0.014611008577048779,0.015511072240769863,0.018316274508833885,0.02018684335052967,0.023328831419348717,0.026003384962677956,0.02622866816818714,0.027947204187512398
0.02169453166425228,0.023303277790546417,0.024134285748004913,0.023358270525932312,0.02112291008234024,0.017846254631876945,0.009072980843484402,0.001986366929486394,-0.004374649375677109,-0.01037998404353857,-0.013831154443323612,-0.014103177934885025,-0.012753086164593697,-0.012132074683904648,-0.012361533008515835,-0.012617116793990135,-0.01281801238656044,-0.012869627214968204,-0.012471619062125683,-0.011086168698966503,-0.008599942550063133,-0.008148583583533764,-0.00709517253562808,-0.005117651075124741,-0.0023094508796930313,0.0005699683097191155,0.001792891533114016,0.005637674126774073,0.010709122754633427,0.01370921079069376,0.015582496300339699,0.018315007910132408,0.018395353108644485,0.01889258250594139,0.018287641927599907,0.019470805302262306,0.021244406700134277,0.023543808609247208,0.02467203140258789,0.02525269240140915
0.025947200134396553,0.03138894960284233,0.02809719182550907,0.02871919423341751,0.02700715884566307,0.02456122823059559,0.014775063842535019,0.005214285105466843,-0.0035308939404785633,-0.01132320985198021,-0.01673816330730915,-0.01830667071044445,-0.01695364899933338,-0.013731253333389759,-0.01313753891736269,-0.012630445882678032,-0.011789882555603981,-0.01112780999392271,-0.01055232621729374,-0.009772791527211666,-0.008758768439292908,-0.008009119890630245,-0.007644953206181526,-0.008845869451761246,-0.0067504276521503925,-0.0028896380681544542,0.0009319854434579611,0.005007369909435511,0.010371832177042961,0.01640162244439125,0.019555190578103065,0.021332431584596634,0.019627543166279793,0.018851183354854584,0.017754103988409042,0.017024924978613853,0.017223428934812546,0.01895802654325962,0.022310832515358925,0.023702332749962807
0.026348868384957314,0.030658839270472527,0.03131952881813049,0.032850101590156555,0.030901337042450905,0.02901131473481655,0.021793892607092857,0.010877926833927631,-0.0005133175291121006,-0.008752244524657726,-0.015439500100910664,-0.01845088228583336,-0.0179310142993927,-0.016298411414027214,-0.014929017052054405,-0.013394681736826897,-0.01141052134335041,-0.009318944998085499,-0.008168176747858524,-0.00991892907768488,-0.010556060820817947,-0.010979987680912018,-0.010941660031676292,-0.01125369779765606,-0.009993234649300575,-0.0063138967379927635,0.00026364531368017197,0.006381841376423836,0.012870085425674915,0.018894657492637634,0.023333631455898285,0.02299228310585022,0.02007553167641163,0.017503071576356888,0.01648724265396595,0.015116631984710693,0.015285547822713852,0.016697093844413757,0.018315674737095833,0.02012486197054386
0.027079317718744278,0.02384575456380844,0.02949783019721508,0.03301125392317772,0.033953551203012466,0.034637700766325,0.02815503627061844,0.01759300008416176,0.0049341474659740925,-0.005221556406468153,-0.012717735022306442,-0.01637526974081993,-0.016910549253225327,-0.01770348846912384,-0.017153102904558182,-0.01598549261689186,-0.014161729253828526,-0.011716188862919807,-0.009761190973222256,-0.010038499720394611,-0.011789905838668346,-0.013171875849366188,-0.012891814112663269,-0.010299128480255604,-0.008365808986127377,-0.004779892973601818,0.0008737604948692024,0.00804127473384142,0.015657352283596992,0.021971028298139572,0.02430008165538311,0.023423390462994576,0.021315844729542732,0.01812973991036415,0.0155570013448596,0.014188366942107677,0.014341644942760468,0.015276282094419003,0.01637267880141735,0.01818910241127014
0.02157478593289852,0.02255161665380001,0.024911824613809586,0.030719729140400887,0.03629789873957634,0.035411760210990906,0.03287401422858238,0.020929250866174698,0.009365744888782501,-0.0010745776817202568,-0.008956688456237316,-0.015019516460597515,-0.016804564744234085,-0.017681214958429337,-0.017815500497817993,-0.01703195460140705,-0.01568627916276455,-0.013635060749948025,-0.011465449817478657,-0.009196251630783081,-0.009713300503790379,-0.010306271724402905,-0.011680196970701218,-0.01086878776550293,-0.009062699973583221,-0.005504936445504427,0.0005027831066399813,0.009747304953634739,0.017643216997385025,0.023432807996869087,0.02309689112007618,0.023288613185286522,0.02132200449705124,0.018809692934155464,0.016984129324555397,0.013837880454957485,0.012165305204689503,0.011336884461343288,0.011647175066173077,0.01324643474072218
