dougfraga/big_11.json
{"header": {"parameterUnit": "m.s-1", "parameterNumber": 3, "dx": 0.016666000000000736, "dy": 0.016666000000000736, "parameterNumberName": "Northward current", "la1": -22.891645999999998, "la2": -24.0416, "parameterCategory": 2, "lo2": -43.225054, "nx": 95, "ny": 70, "refTime": "2022-12-18 11:00:00", "lo1": -44.79166}, "data":
[rows 18 to 35 of 70, columns 41 to 81 of 95]
-0.013477846048772335,-0.007044139783829451,-0.010776245035231113,-0.003523126244544983,-0.0026137770619243383,3.9339262002613395e-05,-0.00024199030303861946,-0.002577496226876974,0.0016942821675911546,-0.0011815569596365094,-0.005365058779716492,-0.005703936796635389,-0.0028147585690021515,-0.0044476985931396484,-0.007809767499566078,-0.00581382168456912,-0.006132903974503279,-0.006829379126429558,-0.00640472024679184,-0.005940134637057781,-0.0043434570543468,0.0004227361350785941,0.0006869291537441313,-0.0006552005070261657,-0.003167232731357217,-0.007615578826516867,-0.00842486321926117,-0.004386506043374538,-0.004324004985392094,-0.002423602156341076,0.0032237886916846037,0.006917180493474007,0.006790331099182367,0.004549761768430471,0.005137159023433924,0.006425920873880386,0.008326525799930096,0.01111755520105362,0.013953343965113163,0.016659831628203392,0.020069869235157967
-0.005826249253004789,-0.008463696576654911,-0.006958935409784317,-0.00655505433678627,-0.00803440622985363,-0.002049565315246582,9.689155558589846e-05,0.0004376530705485493,0.0002103768929373473,-0.0017710900865495205,-0.0034900165628641844,-0.002521404530853033,0.0028025370556861162,-0.0005386709817685187,-0.0013691295171156526,-0.00024431711062788963,-0.0008937079110182822,-0.0013365569757297635,-0.0016387969953939319,-0.0013112041633576155,0.0005001028766855597,0.00593915581703186,0.005824930500239134,0.005114846397191286,0.004716736264526844,0.0038221976719796658,0.004317048005759716,0.0059488508850336075,0.005283218342810869,0.005935440771281719,0.0075865378603339195,0.008874109946191311,0.009658572264015675,0.009952979162335396,0.010214226320385933,0.011841151863336563,0.01582236774265766,0.018764205276966095,0.021242203190922737,0.02376866154372692,0.026892540976405144
-0.019181832671165466,-0.017978612333536148,-0.009500025771558285,-0.0079593351110816,-0.005455998238176107,-0.00426614610478282,-0.0033959869761019945,0.00034468830563127995,0.0019308921182528138,0.0015598497120663524,-0.0014315720181912184,-0.0014970966149121523,-1.2531701941043139e-05,-7.2588923103467096e-06,-0.00041801249608397484,0.0019483325304463506,0.0013883247738704085,0.0021214343141764402,0.002694442868232727,0.004027558024972677,0.006146333646029234,0.008831142447888851,0.009828075766563416,0.008335119113326073,0.008533542044460773,0.008777569979429245,0.009315131232142448,0.010445895604789257,0.011266068555414677,0.011227276176214218,0.011506374925374985,0.012453763745725155,0.014331258833408356,0.01792769879102707,0.01822836324572563,0.01903306506574154,0.020699545741081238,0.022954415529966354,0.025595031678676605,0.02852189540863037,0.03197338804602623
-0.011087898164987564,-0.01415046863257885,-0.012943781912326813,-0.010229615494608879,-0.0035070497542619705,-0.0021448705811053514,-0.004045120440423489,-0.0031531520653516054,-0.002037104917690158,-0.0018073079409077764,-0.002167336642742157,-0.003605348290875554,-0.0030123984906822443,0.0007666150922887027,0.0008583131129853427,0.0013378558214753866,0.0021977382712066174,0.0033597813453525305,0.0046852692030370235,0.0061697266064584255,0.006942145060747862,0.009312870912253857,0.011006653308868408,0.01178613118827343,0.011642547324299812,0.011672433465719223,0.012088755145668983,0.013433165848255157,0.016516156494617462,0.01724730059504509,0.017905395478010178,0.019159741699695587,0.02080307900905609,0.022692475467920303,0.022971253842115402,0.023144325241446495,0.024168871343135834,0.026458123698830605,0.02971096709370613,0.03323396295309067,0.037070855498313904
-0.005658410023897886,-0.011802942492067814,-0.012022700160741806,-0.010858593508601189,-0.007830743677914143,-0.0057121701538562775,-0.004670344293117523,-0.005203183274716139,-0.005367382895201445,-0.004734104033559561,-0.0016038421308621764,-0.002039178041741252,-0.0016769435023888946,-0.00020574974769260734,0.0004213784995954484,0.0011123600415885448,0.002413314301520586,0.003752263495698571,0.005264183972030878,0.005741933826357126,0.008000894449651241,0.009871984831988811,0.011479087173938751,0.014210817404091358,0.014526204206049442,0.015035743825137615,0.016131656244397163,0.017638901248574257,0.01952400989830494,0.020958993583917618,0.022256160154938698,0.023708784952759743,0.02516488917171955,0.02659144438803196,0.026908397674560547,0.027438774704933167,0.028676923364400864,0.030729640275239944,0.031468719244003296,0.03406225144863129,0.03719770163297653
-0.010470231994986534,-0.01144290342926979,-0.012176976539194584,-0.011356862261891365,-0.009873513132333755,-0.007648187689483166,-0.0036243670620024204,-0.003153895027935505,-0.0027547841891646385,-0.0022241752594709396,-0.0016054150182753801,-0.0018812773050740361,-0.003147416515275836,-0.0027628238312900066,-0.002244550036266446,-0.0016517593758180737,-0.0005964632146060467,0.0008189671789295971,0.003572520101442933,0.007026687264442444,0.011090812273323536,0.013010725378990173,0.01444309763610363,0.01574486494064331,0.01650872454047203,0.017581431195139885,0.019026633352041245,0.020750276744365692,0.022524653002619743,0.02428671345114708,0.02630406618118286,0.028055695816874504,0.029551396146416664,0.030749281868338585,0.03134109452366829,0.030681371688842773,0.031259480863809586,0.03262767568230629,0.033389750868082047,0.03471292555332184,0.03717590123414993
-0.011519743129611015,-0.007831928320229053,-0.007829844951629639,-0.006970757152885199,-0.005891225766390562,-0.004735706839710474,-0.002839691936969757,-0.0013019912876188755,-0.0009363136487081647,-0.002183690434321761,-0.002318661194294691,-0.00240821810439229,-0.0024412597995251417,-0.002824100898578763,-0.0026782103814184666,-0.0020745994988828897,-0.0006699103396385908,0.0012037681881338358,0.004621509928256273,0.01011104229837656,0.013152679428458214,0.01523017231374979,0.017062261700630188,0.018522432073950768,0.01971968077123165,0.02095765806734562,0.022628504782915115,0.02444542944431305,0.02622714638710022,0.02841145172715187,0.03092437982559204,0.033265262842178345,0.03503125160932541,0.036699868738651276,0.03831696882843971,0.038731858134269714,0.03467920050024986,0.035414017736911774,0.03789009153842926,0.03927610442042351,0.041785188019275665
-0.007079846691340208,-0.005338004324585199,-0.004873750265687704,-0.004542468581348658,-0.0037835552357137203,-0.003559128614142537,-0.003957846667617559,-0.0029263279866427183,-0.0025984810199588537,-0.002744978526607156,-0.002995414426550269,-0.002725747413933277,-0.0007686979952268302,-0.0006729861488565803,5.754224912379868e-05,0.001149286748841405,0.003305476624518633,0.005843982566148043,0.00842352770268917,0.011414267122745514,0.014304745011031628,0.016481392085552216,0.018315164372324944,0.020591406151652336,0.0226688701659441,0.024414176121354103,0.026237914338707924,0.02818465046584606,0.030071446672081947,0.03222782537341118,0.03474706783890724,0.03740973025560379,0.039711445569992065,0.04232819005846977,0.044218432158231735,0.04291817545890808,0.04079534113407135,0.040135376155376434,0.041634704917669296,0.04420685023069382,0.04776642471551895
-0.004772121086716652,-0.003949682228267193,-0.004414776340126991,-0.005724715068936348,-0.005439606960862875,-0.0054896180517971516,-0.005458701867610216,-0.00537482975050807,-0.004833437502384186,-0.003324655583128333,-0.0034285106230527163,-0.003410863224416971,-0.0025737411342561245,-0.0012035523541271687,-0.00014621161972172558,0.000976290728431195,0.002654333831742406,0.0060267336666584015,0.008725572377443314,0.011378209106624126,0.014176571741700172,0.01664597913622856,0.01904570870101452,0.021453579887747765,0.024114476516842842,0.02663225308060646,0.02849680557847023,0.030591636896133423,0.032110147178173065,0.03091682493686676,0.0323157012462616,0.03383351117372513,0.03588271141052246,0.039117176085710526,0.042108435183763504,0.0428965725004673,0.04467076435685158,0.04458853602409363,0.043344419449567795,0.04457699880003929,0.04738251119852066
-0.006216372363269329,-0.006140884477645159,-0.006381168961524963,-0.0068269772455096245,-0.007443841081112623,-0.007403577212244272,-0.006203141063451767,-0.0064442353323102,-0.0056532686576247215,-0.005012001842260361,-0.004832746926695108,-0.004791524726897478,-0.004434681031852961,-0.00322595308534801,-0.0023265439085662365,-0.001098312670364976,-0.00041698457789607346,0.002361866645514965,0.005798462778329849,0.009541625156998634,0.01313385646790266,0.016569262370467186,0.01999196968972683,0.020383307710289955,0.022898631170392036,0.027903666719794273,0.02951870486140251,0.02891758643090725,0.030406426638364792,0.030731216073036194,0.030643394216895103,0.03142653778195381,0.03301483392715454,0.03596673160791397,0.040810681879520416,0.04694035276770592,0.045088667422533035,0.045963045209646225,0.04503471404314041,0.04414842277765274,0.04478723555803299
-0.007047269027680159,-0.007234557066112757,-0.007039589341729879,-0.006041892804205418,-0.007044857367873192,-0.007571548689156771,-0.007747928611934185,-0.008032665587961674,-0.0076537481509149075,-0.006707212887704372,-0.005641775671392679,-0.0048645189963281155,-0.004698444623500109,-0.004609196912497282,-0.003600744530558586,-0.002308577997609973,-0.0014953108038753271,0.0008603221504017711,0.004738518502563238,0.008676466532051563,0.01339645218104124,0.0175524540245533,0.018774455413222313,0.01979600079357624,0.0208640955388546,0.024111276492476463,0.02730548568069935,0.02883819304406643,0.03053758107125759,0.034408245235681534,0.03562768176198006,0.03801974281668663,0.0393296554684639,0.039153292775154114,0.04234740883111954,0.04597091302275658,0.04633075371384621,0.04689503461122513,0.04877850040793419,0.048924531787633896,0.049869880080223083
-0.004152102395892143,-0.004440239164978266,-0.004938339814543724,-0.005679415073245764,-0.00686269998550415,-0.008272496983408928,-0.009341549128293991,-0.009646892547607422,-0.009646221995353699,-0.008222710341215134,-0.006300011649727821,-0.004316389560699463,-0.0036672037094831467,-0.0031754146330058575,-0.0020763196516782045,-0.0008442142279818654,0.000826269737444818,0.0036985899787396193,0.0070581333711743355,0.008029205724596977,0.012048707343637943,0.016090014949440956,0.01843683421611786,0.021176382899284363,0.022052282467484474,0.02258174680173397,0.026724493131041527,0.03224559873342514,0.03507474437355995,0.0379963181912899,0.0379050187766552,0.03965556249022484,0.04090256989002228,0.04177122563123703,0.04312260448932648,0.045875612646341324,0.04965079203248024,0.05152752622961998,0.05411168187856674,0.05546312406659126,0.054644323885440826
-0.00038510470767505467,0.00023379649792332202,-0.001213475246913731,-0.003682110458612442,-0.005753914825618267,-0.008298778906464577,-0.010336286388337612,-0.011108800768852234,-0.010412597097456455,-0.008443332277238369,-0.0059285033494234085,-0.0034539622720330954,-0.0037222641985863447,-0.00267966790124774,-0.0014918007655069232,-0.00024326570564880967,0.0016049847472459078,0.0039961133152246475,0.006916456390172243,0.008580529130995274,0.010603557340800762,0.013759616762399673,0.018420053645968437,0.021667566150426865,0.024284135550260544,0.026815498247742653,0.03095957078039646,0.03558637574315071,0.036900706589221954,0.03885133937001228,0.038703545928001404,0.03821410983800888,0.03951591998338699,0.043266039341688156,0.045787252485752106,0.04978330433368683,0.05331826210021973,0.05397268384695053,0.056037165224552155,0.05792071297764778,0.05781804770231247
0.003266142448410392,0.0033273783046752214,0.0027002987917512655,0.0014978889375925064,-0.0004673290823120624,-0.006783865392208099,-0.010132769122719765,-0.011932947672903538,-0.012639624997973442,-0.011110622435808182,-0.008403189480304718,-0.005215384531766176,-0.002762078307569027,-0.001049415091983974,0.00035917849163524806,0.0018586649093776941,0.0035865255631506443,0.005399895831942558,0.007851263508200645,0.011152064427733421,0.012335137464106083,0.014109737239778042,0.017658358439803123,0.022186636924743652,0.026575788855552673,0.028507746756076813,0.03251185268163681,0.03670000657439232,0.03820784017443657,0.03895235434174538,0.04083114489912987,0.04067027196288109,0.04170040041208267,0.04264364764094353,0.04541132599115372,0.04900231212377548,0.05303029343485832,0.05496806651353836,0.05543559417128563,0.0575784407556057,0.05959818884730339
0.010335849598050117,0.006697208620607853,0.007446031551808119,0.006596960127353668,0.004751903470605612,-0.003049559658393264,-0.009027501568198204,-0.01313045620918274,-0.014446534216403961,-0.013592315837740898,-0.010601785965263844,-0.005749513860791922,6.633537850575522e-05,0.0030569909140467644,0.005397734232246876,0.008118719793856144,0.010718891397118568,0.012285853736102581,0.013582269661128521,0.015087394043803215,0.016094474121928215,0.01649024337530136,0.016714487224817276,0.020559072494506836,0.02608097717165947,0.03002883307635784,0.03362293913960457,0.03767158463597298,0.04203563183546066,0.043548569083213806,0.043938715010881424,0.04224412143230438,0.04239511489868164,0.04282522201538086,0.04388849809765816,0.04594707489013672,0.04990595951676369,0.054814886301755905,0.05600261688232422,0.058252885937690735,0.05798836797475815
0.010024833492934704,0.011086867190897465,0.012671741656959057,0.011196345090866089,0.00910653080791235,0.0025366535410284996,-0.005609058775007725,-0.012123283930122852,-0.012891068123281002,-0.011928798630833626,-0.008351942524313927,-0.0025398051366209984,0.0025287321768701077,0.006375891622155905,0.009979010559618473,0.01398834865540266,0.017691487446427345,0.018662625923752785,0.016867870464920998,0.01661880873143673,0.016592392697930336,0.0169515423476696,0.018219323828816414,0.020910536870360374,0.025798171758651733,0.03252677619457245,0.0377480611205101,0.04248455911874771,0.04671875759959221,0.049471497535705566,0.0470891147851944,0.044286612421274185,0.042305584996938705,0.042224735021591187,0.04288862645626068,0.04473123699426651,0.04817232862114906,0.05204344913363457,0.05434231832623482,0.0562579445540905,0.055262546986341476
0.00561333354562521,0.012016328983008862,0.01570829376578331,0.016738401725888252,0.016367992386221886,0.008991748094558716,-0.00016892953135538846,-0.007785747293382883,-0.009954879991710186,-0.008680572733283043,-0.004639215301722288,0.0009138530003838241,0.00441748695448041,0.007796112447977066,0.011006990447640419,0.014454456977546215,0.01768665201961994,0.018534166738390923,0.018123887479305267,0.017048828303813934,0.016737550497055054,0.018434176221489906,0.023142065852880478,0.02650444768369198,0.030844219028949738,0.036630671471357346,0.042838066816329956,0.048651278018951416,0.0523713082075119,0.05260190740227699,0.049428485333919525,0.04671432077884674,0.043037571012973785,0.040336862206459045,0.041240543127059937,0.04389256238937378,0.04724457859992981,0.05074453353881836,0.05357225239276886,0.05542680248618126,0.05518233776092529
0.007654900196939707,0.011438976041972637,0.01778881996870041,0.02278728038072586,0.020185299217700958,0.013874610885977745,0.001966875744983554,-0.00423992145806551,-0.006094886921346188,-0.00474146381020546,-0.002670138608664274,0.0016462985659018159,0.005476769991219044,0.00839806254953146,0.01077896449714899,0.012555137276649475,0.014104270376265049,0.015541874803602695,0.018650967627763748,0.019948290660977364,0.021546725183725357,0.02241397462785244,0.02511579915881157,0.028510255739092827,0.033134277909994125,0.03966189920902252,0.04846891760826111,0.054453689604997635,0.056458018720149994,0.053414486348629,0.05143981799483299,0.04726575314998627,0.043385159224271774,0.04063745215535164,0.038400083780288696,0.03973723575472832,0.04183437302708626,0.044440966099500656,0.04745092988014221,0.05128331109881401,0.05706401541829109
