dougfraga/big_0.json
{"header": {"parameterUnit": "m.s-1", "parameterNumber": 3, "dx": 0.016666000000000736, "dy": 0.016666000000000736, "parameterNumberName": "Northward current", "la1": -22.891645999999998, "la2": -24.0416, "parameterCategory": 2, "lo2": -43.225054, "nx": 95, "ny": 70, "refTime": "2022-12-18 00:00:00", "lo1": -44.79166}, "data":
[rows 18 to 35 of 70, columns 0 to 39 of 95]
0.0,0.0,0.0,0.0,0.0,0.007749755401164293,0.020233551040291786,0.012983511202037334,0.004210223443806171,0.0024011970963329077,-0.00010407802619738504,0.0017384340753778815,0.008143574930727482,0.006106656510382891,0.007998266257345676,0.003644550684839487,0.008443296886980534,0.007278503850102425,0.004296084865927696,0.000985573511570692,-0.0015934176044538617,-0.005194305442273617,-0.009502650238573551,-0.015909438952803612,-0.02921505831182003,0.0,0.0,0.0,0.0,-0.0037043197080492973,-0.008140839636325836,0.0,0.0,0.0,0.0,0.0,0.0,-0.00011557749530766159,-0.0007632368360646069,-0.004162405151873827
0.0,0.0,0.0,0.0,0.0,0.015537555329501629,0.020388057455420494,0.007545619737356901,0.0,0.0,0.0009450396755710244,-0.001859375392086804,-0.004188089165836573,-0.0010352075332775712,0.0036531437654048204,0.005392518825829029,0.007333959918469191,0.006440539378672838,0.003189173061400652,-0.002661114325746894,-0.006477662827819586,-0.006698968820273876,-0.007774327881634235,-0.013568923808634281,-0.029762160032987595,-0.01545703038573265,0.0,0.0,0.0035337284207344055,0.0015019926941022277,-0.009055949747562408,-0.007478987332433462,0.0,0.0,-0.002527269534766674,0.0,0.0060240523889660835,0.009569956921041012,0.00741596519947052,0.0021167234517633915
0.0,0.0,0.0,0.0,0.0,0.007787800393998623,0.00952936802059412,0.0,0.0,0.0,0.0,-0.009179268963634968,-0.0038250850047916174,0.00125612982083112,0.00600521732121706,0.008373335935175419,0.006055393721908331,0.005153961945325136,0.0009656578185968101,-0.009394362568855286,-0.015043138526380062,-0.010754973627626896,-0.009821390733122826,-0.012654219754040241,-0.01608111523091793,-0.02739400789141655,0.0,0.0,0.011867446824908257,0.015024804510176182,0.005564255174249411,-0.004232142120599747,0.0017678460571914911,0.0035224484745413065,0.0020312024280428886,0.006018889602273703,0.013715226203203201,0.012317064218223095,0.009245439432561398,0.006857255008071661
0.0,0.0,0.0,0.0,0.0,0.0,0.0,0.0,0.0,0.0,0.0,-0.004571559838950634,0.0024253514129668474,0.0014004915719851851,0.004237351473420858,0.006073507014662027,0.002606450580060482,0.0024899919517338276,-0.0003575099108275026,-0.014012313447892666,-0.01891328953206539,-0.015144143253564835,-0.014216638170182705,-0.012560427188873291,-0.01219929102808237,-0.01730409823358059,-0.0011995225213468075,0.0013987135607749224,0.015640782192349434,0.015643762424588203,0.00908717792481184,0.00405662739649415,0.004439427051693201,0.008369688875973225,0.010744948871433735,0.01292985025793314,0.015329497866332531,0.0057762120850384235,0.002159449504688382,0.002534114057198167
0.0,0.0,0.0,0.0,0.0,0.0,0.0,0.0,0.0,0.0,0.0,0.0,0.0,-0.0008253171108663082,-0.0011926712468266487,-0.00220582471229136,-0.003310855943709612,-0.0021529998630285263,-0.001806532614864409,-0.011444843374192715,-0.017665758728981018,-0.016347520053386688,-0.016788795590400696,-0.013457119464874268,-0.00955179613083601,-0.010331721976399422,-0.003342695999890566,0.0019940505735576153,0.008983539417386055,0.008248930796980858,0.0044114007614552975,0.0016364959301427007,0.003763079410418868,0.007151649333536625,0.009511910378932953,0.01110517606139183,0.012566550634801388,0.008172940462827682,0.0061261639930307865,0.005863561294972897
0.0,0.0,0.0,0.0,0.0,0.0,0.0,0.0,0.0,0.0,0.0,0.0,0.0,0.0014380866196006536,-0.0003432959783822298,-0.002285575494170189,-0.0039972360245883465,-0.00430371193215251,-0.004951592534780502,-0.008585448376834393,-0.013835967518389225,-0.015162244439125061,-0.01757688634097576,-0.019266178831458092,-0.017490927129983902,-0.01312143262475729,-0.006876043975353241,-0.0015867750626057386,0.0012905547628179193,0.0028842610772699118,0.002052017953246832,0.0008182500605471432,0.0014523485442623496,0.003781064646318555,0.006061970721930265,0.007761634886264801,0.007833203300833702,0.008085086941719055,0.00782486330717802,0.006258713081479073
0.0,0.0,0.0,0.0,0.0,0.0,0.0,0.0,0.0,0.0,0.0,0.0,0.0,0.0,0.0,0.0,-0.007269205525517464,-0.008029179647564888,-0.009433590807020664,-0.010229420848190784,-0.01276976615190506,-0.01568378135561943,-0.021039584651589394,-0.02441764622926712,-0.0253463052213192,-0.018436240032315254,-0.012344379909336567,-0.007104405667632818,-0.0036518361885100603,-0.002184005919843912,-0.0019464329816401005,-0.0016715608071535826,0.00013537278573494405,0.002828616416081786,0.003575852606445551,0.0044155968353152275,0.005282276775687933,0.005990106146782637,0.006167427636682987,0.00602010078728199
0.0,0.0,0.0,0.0,0.0,0.0,0.0,0.0,0.0,0.0,0.0,0.0,0.0,0.0,0.0,-0.011398416012525558,-0.018242022022604942,-0.011417415924370289,-0.01222136802971363,-0.01558229885995388,-0.01940678246319294,-0.02240348793566227,-0.024441691115498543,-0.023566173389554024,-0.023951565846800804,-0.021251847967505455,-0.01678347960114479,-0.014389978721737862,-0.00936226174235344,-0.007921531796455383,-0.0069536734372377396,-0.005109282676130533,-0.0018768984591588378,0.0013394635170698166,0.0014129749033600092,0.00208838377147913,0.00422207685187459,0.0053670830093324184,0.0060703386552631855,0.006666294764727354
0.0,0.0,0.0,0.0,0.0,0.0,0.0,0.0,0.0,0.0,0.0,0.0,0.0,0.0,-0.00961888488382101,-0.01717880554497242,-0.0228415597230196,-0.0184502974152565,-0.01711304858326912,-0.021486381068825722,-0.02607058547437191,-0.02721933275461197,-0.02544725313782692,-0.02416774071753025,-0.02359851635992527,-0.024457069113850594,-0.022583115845918655,-0.020180752500891685,-0.015270104631781578,-0.013311456888914108,-0.011716140434145927,-0.008963068947196007,-0.0073983315378427505,-0.004466754850000143,-0.0009005218162201345,0.0003297576040495187,0.001727637485601008,0.002995849121361971,0.004187873098999262,0.00519532710313797
0.0,0.0,0.0,0.0,0.0,0.0,0.0,0.0,0.0,0.0,0.0,0.0,0.0,0.0,-0.0007368293008767068,-0.007277469616383314,-0.017822889611124992,-0.025181634351611137,-0.023313861340284348,-0.026335494592785835,-0.028291240334510803,-0.027471162378787994,-0.025557169690728188,-0.026545118540525436,-0.02649402804672718,-0.0268616434186697,-0.02636505663394928,-0.02307121828198433,-0.02005462907254696,-0.01738981530070305,-0.016782963648438454,-0.015302504412829876,-0.013299613259732723,-0.010411317460238934,-0.005394443403929472,-0.003793194657191634,-0.0024381843395531178,-0.0006653659511357546,0.0013286721659824252,0.002574161160737276
0.0,0.0,0.0,0.0,0.0,0.012499029748141766,0.011459101922810078,-0.008589092642068863,-0.016571644693613052,-0.026158880442380905,0.0,0.0,0.0,0.0016256807139143348,0.009554785676300526,-0.00018657617329154164,-0.011320198886096478,-0.023171210661530495,-0.027950773015618324,-0.031456995755434036,-0.031064219772815704,-0.02827027626335621,-0.026559654623270035,-0.027339642867445946,-0.028243931010365486,-0.026268551126122475,-0.02462850697338581,-0.024858130142092705,-0.023826265707612038,-0.02228289097547531,-0.01877586543560028,-0.01984981819987297,-0.016553845256567,-0.01329529844224453,-0.00978518184274435,-0.0076887346804142,-0.006060178391635418,-0.0039054537191987038,-0.0033752250019460917,-0.002845439128577709
0.0,0.0,0.0,0.0,0.004122211132198572,0.0173955000936985,0.018998613581061363,-0.011937608011066914,-0.027327504009008408,-0.040469441562891006,-0.007512908894568682,-0.015371915884315968,-0.006187980994582176,-0.001124859438277781,-0.0014311865670606494,-0.001999442931264639,-0.012002148665487766,-0.02437179535627365,-0.03294634819030762,-0.03398602083325386,-0.03310706466436386,-0.028929859399795532,-0.025176433846354485,-0.024714196100831032,-0.024404127150774002,-0.02504350058734417,-0.024290215224027634,-0.022787870839238167,-0.023714706301689148,-0.02527322620153427,-0.024567285552620888,-0.022046245634555817,-0.01969252899289131,-0.016497937962412834,-0.013664386235177517,-0.011048531159758568,-0.008631720207631588,-0.007510766852647066,-0.006452175788581371,-0.005646347533911467
-0.010647831484675407,-0.010647831484675407,-0.012356896884739399,-0.010931889526546001,0.0011827746639028192,0.00587008660659194,0.006631309166550636,-0.005950138438493013,-0.0147689338773489,-0.017674876376986504,-0.00988772977143526,-0.0183766670525074,-0.007316533010452986,-0.0026018721982836723,-0.001483900472521782,-0.004025709815323353,-0.01271643303334713,-0.024304982274770737,-0.033882200717926025,-0.0345705971121788,-0.03458666428923607,-0.031036658212542534,-0.024387801066040993,-0.022019609808921814,-0.020828459411859512,-0.021651899442076683,-0.02100316435098648,-0.019049614667892456,-0.02042612060904503,-0.023433202877640724,-0.027035322040319443,-0.024279356002807617,-0.022643033415079117,-0.019840311259031296,-0.016511645168066025,-0.013437595218420029,-0.012211623601615429,-0.010302204638719559,-0.007188141345977783,-0.005329106003046036
-0.019049350172281265,-0.019049350172281265,-0.022637825459241867,-0.020601212978363037,-0.009721283800899982,-0.004396635573357344,-0.00482067558914423,-0.006137064658105373,-0.007995194755494595,-0.007845813408493996,-0.005644825752824545,-0.006793946493417025,-0.003954559564590454,-0.0014697933802381158,-0.0010562976822257042,-0.0036721278447657824,-0.011932562105357647,-0.02359304204583168,-0.03520362824201584,-0.03634331375360489,-0.037000901997089386,-0.0341762900352478,-0.030115127563476562,-0.018165839836001396,-0.019432833418250084,-0.019028106704354286,-0.01669231615960598,-0.016496460884809494,-0.0183515977114439,-0.022277792915701866,-0.026152068749070168,-0.02765371836721897,-0.02658127434551716,-0.022692134603857994,-0.01909301057457924,-0.017437027767300606,-0.01570606604218483,-0.01255300547927618,-0.009721286594867706,-0.00751519575715065
-0.017592143267393112,-0.017592143267393112,-0.019089655950665474,-0.017981722950935364,-0.013241324573755264,-0.009728474542498589,-0.007780824322253466,-0.007943319156765938,-0.006131710018962622,-0.007482917979359627,-0.007642392069101334,-0.008674787357449532,-0.007655672263354063,-0.007295150775462389,-0.00790572352707386,-0.010478044860064983,-0.01678372174501419,-0.026432475075125694,-0.037828896194696426,-0.044655222445726395,-0.04018604755401611,-0.03781016916036606,-0.03582942485809326,-0.025426585227251053,-0.021749775856733322,-0.020849373191595078,-0.01894485019147396,-0.017923222854733467,-0.01982004940509796,-0.024164894595742226,-0.02962084859609604,-0.031507670879364014,-0.031037870794534683,-0.028521759435534477,-0.02502097561955452,-0.021879011765122414,-0.018451739102602005,-0.01616095006465912,-0.013630485162138939,-0.010364409536123276
-0.018072349950671196,-0.018072349950671196,-0.017060229554772377,-0.016020579263567924,-0.013657130300998688,-0.01015449408441782,-0.00724145257845521,-0.0072187865152955055,-0.003838193602859974,-0.005801520776003599,-0.008964907377958298,-0.01083096582442522,-0.0124035170301795,-0.01226018276065588,-0.013236849568784237,-0.015766344964504242,-0.020480146631598473,-0.027746150270104408,-0.037748485803604126,-0.04684865474700928,-0.04777472838759422,-0.04572436586022377,-0.040667518973350525,-0.03606361523270607,-0.02629830501973629,-0.02444269508123398,-0.022879935801029205,-0.02265537716448307,-0.024018919095396996,-0.027131356298923492,-0.030552959069609642,-0.03298847749829292,-0.03367914259433746,-0.033390194177627563,-0.030037108808755875,-0.024796849116683006,-0.021055132150650024,-0.01889202743768692,-0.01621399261057377,-0.014154435135424137
-0.017277343198657036,-0.017277343198657036,-0.016737202182412148,-0.01520613580942154,-0.013391890563070774,-0.011077171191573143,-0.007996028289198875,-0.006643687374889851,-0.005428657401353121,-0.007160421460866928,-0.010657841339707375,-0.01461714319884777,-0.01577862910926342,-0.01475527137517929,-0.015525756403803825,-0.017617005854845047,-0.02101927436888218,-0.026474907994270325,-0.03454425930976868,-0.041506316512823105,-0.048215601593256,-0.047482170164585114,-0.04257908836007118,-0.03839898481965065,-0.032872285693883896,-0.02725602686405182,-0.025879373773932457,-0.026043837890028954,-0.026494653895497322,-0.028569044545292854,-0.031559981405735016,-0.034111086279153824,-0.035379499197006226,-0.034738313406705856,-0.03202362731099129,-0.027241626754403114,-0.021407485008239746,-0.018615152686834335,-0.018154077231884003,-0.017717400565743446
-0.015452335588634014,-0.015452335588634014,-0.015074528753757477,-0.013830711133778095,-0.012166422791779041,-0.010639803484082222,-0.010081714019179344,-0.008964510634541512,-0.009087936952710152,-0.010998539626598358,-0.01519774366170168,-0.017183886840939522,-0.017174122855067253,-0.017486732453107834,-0.018106792122125626,-0.019408898428082466,-0.021196583285927773,-0.024288073182106018,-0.028646796941757202,-0.033943384885787964,-0.03540016710758209,-0.036585599184036255,-0.03780609369277954,-0.037660323083400726,-0.035264384001493454,-0.029758630320429802,-0.03045792691409588,-0.028763189911842346,-0.028312457725405693,-0.029777519404888153,-0.03294481709599495,-0.03605401888489723,-0.03807878494262695,-0.03794998675584793,-0.03501320257782936,-0.02868254855275154,-0.022749293595552444,-0.017218491062521935,-0.017210880294442177,-0.01753227598965168
