dougfraga/big_16.json
{"header": {"parameterUnit": "m.s-1", "parameterNumber": 3, "dx": 0.016666000000000736, "dy": 0.016666000000000736, "parameterNumberName": "Northward current", "la1": -22.891645999999998, "la2": -24.0416, "parameterCategory": 2, "lo2": -43.225054, "nx": 95, "ny": 70, "refTime": "2022-12-18 16:00:00", "lo1": -44.79166}, "data":
[rows 18 to 35 of 70, columns 0 to 39 of 95]
0.0,0.0,0.0,0.0,0.0,0.001122554182074964,0.0008113434305414557,-0.005190239287912846,-0.0021998935844749212,-0.0029894928447902203,-0.002250382909551263,0.0016652484191581607,0.005407690070569515,0.0017478042282164097,0.002410378772765398,-0.0005374045576900244,0.005108315963298082,0.004753123037517071,0.0043944139033555984,0.003988796845078468,0.0037073849234730005,0.001954815350472927,-0.0005305680097080767,-0.002381423721089959,-0.009614624083042145,0.0,0.0,0.0,0.0,-0.010536307469010353,-0.014627840369939804,0.0,0.0,0.0,0.0,0.0,0.0,-0.011123480275273323,-0.01709715649485588,-0.023804670199751854
0.0,0.0,0.0,0.0,0.0,0.0020386455580592155,3.499317972455174e-05,-0.0035104965791106224,0.0,0.0,0.001250609289854765,0.0019215057836845517,-0.001364728668704629,-0.0004958293866366148,-0.0006889663054607809,-0.0015660179778933525,0.00036560394801199436,0.00035259436117485166,0.00015987030928954482,-0.0002793363237287849,-0.00047048809938132763,-0.002455191919580102,-0.0043947589583694935,-0.0099845165386796,-0.024447279050946236,-0.019624529406428337,0.0,0.0,-0.01351768895983696,-0.019007444381713867,-0.02948915585875511,-0.022598400712013245,0.0,0.0,-0.0225815512239933,0.0,-0.000665905128698796,-0.010131154209375381,-0.02275221236050129,-0.03451382741332054
0.0,0.0,0.0,0.0,0.0,0.0009160914923995733,-0.0003821700229309499,0.0,0.0,0.0,0.0,0.002961738035082817,0.004335484467446804,0.005178837105631828,0.0023148925974965096,-0.0012795531656593084,-0.005622390192002058,-0.005031970329582691,-0.005503172520548105,-0.005541383288800716,-0.007121422328054905,-0.008496723137795925,-0.010074899531900883,-0.017074814066290855,-0.02748745307326317,-0.0481581911444664,0.0,0.0,-0.0036312213633209467,-0.005585615523159504,-0.02048444002866745,-0.031976502388715744,-0.011152506805956364,-0.013998008333146572,-0.03908625245094299,-0.016000347211956978,-0.01425250805914402,-0.015308965928852558,-0.020058801397681236,-0.02474871091544628
0.0,0.0,0.0,0.0,0.0,0.0,0.0,0.0,0.0,0.0,0.0,0.004020783584564924,0.006833502557128668,0.0026008051354438066,-0.0004224403528496623,-0.004101542290300131,-0.010351445525884628,-0.010276039130985737,-0.010682683438062668,-0.011719496920704842,-0.012412892654538155,-0.012336780317127705,-0.013258213177323341,-0.018315304070711136,-0.03132668882608414,-0.04542325809597969,-0.009415737353265285,-0.0075224461033940315,0.009666817262768745,0.0006982804043218493,-0.011001607403159142,-0.018842386081814766,-0.0190750639885664,-0.024530872702598572,-0.030292367562651634,-0.03143266215920448,-0.03018789552152157,-0.03658761829137802,-0.03198271617293358,-0.027874596416950226
0.0,0.0,0.0,0.0,0.0,0.0,0.0,0.0,0.0,0.0,0.0,0.0,0.0,-0.0013605284038931131,-0.006445792503654957,-0.009364067576825619,-0.009535868652164936,-0.013290472328662872,-0.01484784483909607,-0.015069596469402313,-0.013699162751436234,-0.011640911921858788,-0.012678679078817368,-0.013803261332213879,-0.0211741141974926,-0.03019030950963497,-0.020475290715694427,-0.016618015244603157,-0.008644274435937405,-0.008569851517677307,-0.012078629806637764,-0.018322177231311798,-0.017997967079281807,-0.022484896704554558,-0.028059516102075577,-0.03100520744919777,-0.03252032771706581,-0.03603271022439003,-0.03174759820103645,-0.02736007608473301
0.0,0.0,0.0,0.0,0.0,0.0,0.0,0.0,0.0,0.0,0.0,0.0,0.0,0.001473726355470717,-0.0029311273247003555,-0.0047551412135362625,0.0016860535833984613,-0.008981247432529926,-0.01739358715713024,-0.016328567638993263,-0.01202092133462429,-0.010720653459429741,-0.013418474234640598,-0.0178730096668005,-0.02023330330848694,-0.022853950038552284,-0.021233050152659416,-0.019214186817407608,-0.01842542551457882,-0.01536959782242775,-0.015804119408130646,-0.018833834677934647,-0.02110511250793934,-0.0239865705370903,-0.0272471085190773,-0.029605893418192863,-0.03163678199052811,-0.03093857876956463,-0.02878386713564396,-0.027159543707966805
0.0,0.0,0.0,0.0,0.0,0.0,0.0,0.0,0.0,0.0,0.0,0.0,0.0,0.0,0.0,0.0,0.010142968036234379,-0.00322268670424819,-0.013812153600156307,-0.013936242088675499,-0.00894459430128336,-0.010688566602766514,-0.01788296364247799,-0.02343100868165493,-0.024799905717372894,-0.020306449383497238,-0.02034517377614975,-0.01982908695936203,-0.020276864990592003,-0.019190428778529167,-0.018768953159451485,-0.019752824679017067,-0.0209780503064394,-0.022845331579446793,-0.0263090580701828,-0.02748916856944561,-0.02814118005335331,-0.02765806019306183,-0.026531513780355453,-0.02479417435824871
0.0,0.0,0.0,0.0,0.0,0.0,0.0,0.0,0.0,0.0,0.0,0.0,0.0,0.0,0.0,-0.013211437501013279,-0.002564405556768179,0.0014638949651271105,-0.002844344824552536,-0.009404774755239487,-0.010000547394156456,-0.012983063235878944,-0.017573591321706772,-0.01933344267308712,-0.022506605833768845,-0.020962420850992203,-0.01992957293987274,-0.021429333835840225,-0.018838487565517426,-0.019207749515771866,-0.018576117232441902,-0.018260782584547997,-0.018368113785982132,-0.019608907401561737,-0.023548593744635582,-0.023856306448578835,-0.022972943261265755,-0.023185132071375847,-0.022703219205141068,-0.021491626277565956
0.0,0.0,0.0,0.0,0.0,0.0,0.0,0.0,0.0,0.0,0.0,0.0,0.0,0.0,-0.02069377712905407,-0.024691618978977203,-0.0181194469332695,-0.002680738689377904,0.0034083486534655094,-0.00386539357714355,-0.00995259452611208,-0.013397547416388988,-0.014019609428942204,-0.01630311645567417,-0.019243087619543076,-0.022577181458473206,-0.021571168676018715,-0.020769653841853142,-0.01694214902818203,-0.017244378104805946,-0.01697801612317562,-0.016775090247392654,-0.018950657919049263,-0.018696919083595276,-0.018447404727339745,-0.019909551367163658,-0.02039394900202751,-0.020896809175610542,-0.02065899595618248,-0.01974991150200367
0.0,0.0,0.0,0.0,0.0,0.0,0.0,0.0,0.0,0.0,0.0,0.0,0.0,0.0,-0.021965431049466133,-0.02190416119992733,-0.01877428963780403,-0.010340135544538498,0.0030926235485821962,0.0020178051199764013,-0.0029739905148744583,-0.007763976231217384,-0.010887287557125092,-0.015698270872235298,-0.018579697236418724,-0.02173614129424095,-0.022368818521499634,-0.01930689997971058,-0.017363298684358597,-0.016619401052594185,-0.01843227632343769,-0.019215181469917297,-0.02028491534292698,-0.019358282908797264,-0.016673076897859573,-0.018289770931005478,-0.01921522058546543,-0.01951347291469574,-0.019075822085142136,-0.01878082938492298
0.0,0.0,0.0,0.0,0.0,-0.0077793775126338005,-0.011076503433287144,-0.01810474321246147,-0.026024164631962776,-0.043693143874406815,0.0,0.0,0.0,0.007990734651684761,-0.004930514842271805,-0.01532590202987194,-0.013704497367143631,-0.009072113782167435,0.0009286294807679951,0.002795945620164275,0.0012681573862209916,-0.0019179948139935732,-0.00789851788431406,-0.014085229486227036,-0.018421586602926254,-0.018322428688406944,-0.02045539766550064,-0.023655803874135017,-0.022499658167362213,-0.020264428108930588,-0.017461512237787247,-0.021368075162172318,-0.01962546445429325,-0.018614288419485092,-0.017070462927222252,-0.01739032007753849,-0.018024509772658348,-0.018235668540000916,-0.019482681527733803,-0.0193304605782032
0.0,0.0,0.0,0.0,-0.0038557727821171284,-0.015850907191634178,-0.021080167964100838,-0.03344760090112686,-0.04881243035197258,-0.07263164967298508,-0.019573844969272614,-0.02290542796254158,-0.014746901579201221,-0.0033244199585169554,-0.017188213765621185,-0.01844717375934124,-0.01788313314318657,-0.013922653160989285,-0.006232753861695528,0.0011498768581077456,0.0016149382572621107,0.0018877439433708787,-0.0020064893178641796,-0.009369149804115295,-0.01447045523673296,-0.01921979896724224,-0.023052113130688667,-0.025826258584856987,-0.027964849025011063,-0.027317821979522705,-0.02296268567442894,-0.020762015134096146,-0.019940191879868507,-0.01865181140601635,-0.017588194459676743,-0.016778120771050453,-0.016520360484719276,-0.017562927678227425,-0.01807533949613571,-0.01753063313663006
-0.02694840356707573,-0.02694840356707573,-0.02902425266802311,-0.02617701143026352,-0.01952393166720867,-0.02159959450364113,-0.024938484653830528,-0.02971104346215725,-0.03903929889202118,-0.04477356746792793,-0.033129964023828506,-0.03506143391132355,-0.024993181228637695,-0.02272128500044346,-0.02662302553653717,-0.027966657653450966,-0.027224646881222725,-0.023401223123073578,-0.01587233878672123,-0.00447483966127038,-0.0009609853150323033,0.001917755464091897,0.0033980964217334986,-0.0030576675198972225,-0.008677877485752106,-0.01653161272406578,-0.022981302812695503,-0.02655300311744213,-0.030825024470686913,-0.031706009060144424,-0.02997046522796154,-0.022968975827097893,-0.021410945802927017,-0.019634297117590904,-0.01751171238720417,-0.015821082517504692,-0.015997597947716713,-0.015473279170691967,-0.013953277841210365,-0.01336514949798584
-0.05066300183534622,-0.05066300183534622,-0.05510811507701874,-0.051068034023046494,-0.03740188479423523,-0.033719368278980255,-0.031906433403491974,-0.030497217550873756,-0.033444032073020935,-0.03194352611899376,-0.026433156803250313,-0.024168886244297028,-0.021659156307578087,-0.023557182401418686,-0.02707279659807682,-0.030256064608693123,-0.032563284039497375,-0.031762413680553436,-0.02693510428071022,-0.014854814857244492,-0.0070107001811265945,-0.0018170836847275496,0.0022393083199858665,0.009399878792464733,-0.0009415569948032498,-0.00890542846173048,-0.017268020659685135,-0.026834463700652122,-0.03266623988747597,-0.03443555533885956,-0.03297115117311478,-0.029154665768146515,-0.025035349652171135,-0.020433012396097183,-0.017335141077637672,-0.016224343329668045,-0.014835423789918423,-0.012796702794730663,-0.011591490358114243,-0.010794139467179775
-0.04757247865200043,-0.04757247865200043,-0.04964360222220421,-0.04823955520987511,-0.04342294856905937,-0.04043247923254967,-0.03652150556445122,-0.034537822008132935,-0.03345014154911041,-0.03123214654624462,-0.026493381708860397,-0.024461595341563225,-0.02425520308315754,-0.027366742491722107,-0.030893923714756966,-0.034548938274383545,-0.037979308515787125,-0.039622362703084946,-0.03841239959001541,-0.03236788511276245,-0.014788240194320679,-0.007750420365482569,-0.002344854176044464,0.009296242147684097,0.007856759242713451,-0.0009303052793256938,-0.011994929052889347,-0.02265561744570732,-0.03113209456205368,-0.03581476956605911,-0.0371345654129982,-0.034107618033885956,-0.029723532497882843,-0.024490462616086006,-0.01943337917327881,-0.015917440876364708,-0.013099034316837788,-0.011958698742091656,-0.010640189982950687,-0.008903836831450462
-0.04671041667461395,-0.04671041667461395,-0.04572560638189316,-0.04546581953763962,-0.04385457932949066,-0.04097019508481026,-0.03803044930100441,-0.03552934527397156,-0.03120369277894497,-0.02873222902417183,-0.026249123737215996,-0.025117352604866028,-0.026993755251169205,-0.029319923371076584,-0.033247873187065125,-0.03780942037701607,-0.04202891141176224,-0.045536577701568604,-0.04786071181297302,-0.04647354036569595,-0.034626711159944534,-0.022200915962457657,-0.008235967718064785,0.0013350037625059485,0.013227084651589394,0.005026030354201794,-0.005974910221993923,-0.01695946417748928,-0.027013741433620453,-0.033624451607465744,-0.03604431822896004,-0.03530421853065491,-0.032452866435050964,-0.02812049724161625,-0.02135225012898445,-0.015161911025643349,-0.012647798284888268,-0.012141584418714046,-0.010861331596970558,-0.010386300273239613
-0.04445493221282959,-0.04445493221282959,-0.04408739134669304,-0.04305113106966019,-0.042144618928432465,-0.040020450949668884,-0.03645564615726471,-0.033534806221723557,-0.029637446627020836,-0.026436766609549522,-0.025117874145507812,-0.026412473991513252,-0.027038831263780594,-0.028073132038116455,-0.03275386616587639,-0.038374703377485275,-0.04360146448016167,-0.04869775474071503,-0.053544025868177414,-0.05400272086262703,-0.051351066678762436,-0.03700808063149452,-0.01817573979496956,-0.0061019654385745525,0.005017821677029133,0.0067924633622169495,-0.000993350287899375,-0.011241193860769272,-0.021371085196733475,-0.029440566897392273,-0.03416597470641136,-0.03495286405086517,-0.032795295119285583,-0.027946725487709045,-0.02178158052265644,-0.015791377052664757,-0.011776669882237911,-0.01252648327499628,-0.014173993840813637,-0.014504957012832165
-0.040800970047712326,-0.040800970047712326,-0.0407298319041729,-0.03974800929427147,-0.0385904461145401,-0.0371115542948246,-0.03481541574001312,-0.03173720836639404,-0.028494330123066902,-0.025609927251935005,-0.02561095729470253,-0.02517259493470192,-0.025116709992289543,-0.02784820646047592,-0.03238726034760475,-0.03756069764494896,-0.04258965700864792,-0.04783369228243828,-0.052311308681964874,-0.0542876236140728,-0.0490286722779274,-0.03987857699394226,-0.028218358755111694,-0.016864094883203506,-0.005777278915047646,0.0032029743306338787,-0.0019396955613046885,-0.0075474996119737625,-0.01641523279249668,-0.024890273809432983,-0.031541891396045685,-0.03453440964221954,-0.03349051624536514,-0.029503341764211655,-0.023034200072288513,-0.016041241586208344,-0.012885313481092453,-0.012538776732981205,-0.01599455438554287,-0.01800052635371685
