dougfraga/big_3.json
{"header": {"parameterUnit": "m.s-1", "parameterNumber": 2, "dx": 0.016666000000000736, "dy": 0.016666000000000736, "parameterNumberName": "Eastward current", "la1": -22.891645999999998, "la2": -24.0416, "parameterCategory": 2, "lo2": -43.225054, "nx": 95, "ny": 70, "refTime": "2022-12-18 03:00:00", "lo1": -44.79166}, "data":
[rows 19 to 37 of 70, columns 0 to 41 of 95]
0.0,0.0,0.0,0.0,0.0,0.0015768628800287843,0.005335887894034386,0.0037590251304209232,0.0,0.0,0.008530163206160069,0.014521005563437939,0.014856339432299137,0.015321034006774426,0.01366804912686348,0.013660212978720665,0.01372683234512806,0.011370260268449783,0.007712541148066521,0.006959057878702879,0.008729222230613232,0.01292070560157299,0.017142217606306076,0.021081971004605293,0.00924192275851965,-0.002226961078122258,0.0,0.0,0.01627194695174694,0.024903154000639915,0.013496503233909607,0.00486529478803277,0.0,0.0,-4.934571793579229e-19,0.0,0.012720185332000256,0.02541389688849449,0.025080371648073196,0.026897331699728966,0.029414689168334007,0.027416231110692024
0.0,0.0,0.0,0.0,0.0,-2.7685222448781133e-05,-2.7685222448781133e-05,0.0,0.0,0.0,0.0,0.005250118672847748,0.011285034008324146,0.011972262524068356,0.011655853129923344,0.011256685480475426,0.013311724178493023,0.012616576626896858,0.008349016308784485,0.007760752458125353,0.010544070042669773,0.015268756076693535,0.02325950376689434,0.026788534596562386,0.017672110348939896,0.005163627211004496,0.0,0.0,0.012923828326165676,0.024542134255170822,0.024755408987402916,0.0297103188931942,0.035138536244630814,0.03719622269272804,0.037030626088380814,0.03802350163459778,0.031204957515001297,0.02703680284321308,0.030631665140390396,0.03575051575899124,0.03664500266313553,0.030649546533823013
0.0,0.0,0.0,0.0,0.0,0.0,0.0,0.0,0.0,0.0,0.0,0.003512152936309576,0.014868943952023983,0.02137417159974575,0.021391550078988075,0.0237509123980999,0.021135952323675156,0.014523080550134182,0.01037976797670126,0.010359838604927063,0.01334016676992178,0.017864584922790527,0.025928601622581482,0.03167111426591873,0.03503703698515892,0.043241072446107864,0.042065590620040894,0.0385994128882885,0.036915093660354614,0.030670491978526115,0.02976924739778042,0.034261662513017654,0.03723742812871933,0.03619759529829025,0.03598783537745476,0.036673907190561295,0.03364801034331322,0.031999293714761734,0.03352450951933861,0.033019889146089554,0.03586785867810249,0.03399530053138733
0.0,0.0,0.0,0.0,0.0,0.0,0.0,0.0,0.0,0.0,0.0,0.0,0.0,0.00826567504554987,0.0203042421489954,0.025365639477968216,0.023303590714931488,0.01751873828470707,0.01496732048690319,0.0154018085449934,0.017260443419218063,0.020847616717219353,0.027661599218845367,0.0333908349275589,0.03818652406334877,0.04316052421927452,0.041952937841415405,0.039338450878858566,0.03873245045542717,0.03609904646873474,0.0332663469016552,0.03366011753678322,0.03478404879570007,0.03467600792646408,0.034324511885643005,0.03409130871295929,0.034145791083574295,0.033808548003435135,0.03166278079152107,0.031931985169649124,0.03201405704021454,0.029365159571170807
0.0,0.0,0.0,0.0,0.0,0.0,0.0,0.0,0.0,0.0,0.0,0.0,0.0,0.009886365383863449,0.023382358253002167,0.029485272243618965,0.029461335390806198,0.02482551895081997,0.022164465859532356,0.02179567888379097,0.022283725440502167,0.024308491498231888,0.027610141783952713,0.031051015481352806,0.04022595286369324,0.04490463808178902,0.040433719754219055,0.04054756835103035,0.04170278459787369,0.03962263837456703,0.03724484518170357,0.03547412157058716,0.03431161120533943,0.03369903936982155,0.03286120668053627,0.031887706369161606,0.03167084977030754,0.031125929206609726,0.030232615768909454,0.03125951811671257,0.028861261904239655,0.029610861092805862
0.0,0.0,0.0,0.0,0.0,0.0,0.0,0.0,0.0,0.0,0.0,0.0,0.0,0.0,0.0,0.0,0.013554695062339306,0.028200188651680946,0.02655770815908909,0.0242126677185297,0.02551710419356823,0.02821340411901474,0.03366650640964508,0.03609882667660713,0.03669953718781471,0.039925187826156616,0.040882907807826996,0.04368008300662041,0.045572467148303986,0.04306565970182419,0.04063669592142105,0.03770420327782631,0.03460606560111046,0.03310172259807587,0.03280750289559364,0.033753085881471634,0.03360637649893761,0.03190356865525246,0.031320326030254364,0.030720435082912445,0.030345790088176727,0.030388053506612778
0.0,0.0,0.0,0.0,0.0,0.0,0.0,0.0,0.0,0.0,0.0,0.0,0.0,0.0,0.0,0.0028216636274009943,0.01751699112355709,0.03029916249215603,0.02685416303575039,0.023947833105921745,0.027197228744626045,0.03260721266269684,0.0367128886282444,0.03962722793221474,0.042734719812870026,0.04420631751418114,0.04519464820623398,0.04811246693134308,0.048720963299274445,0.045005567371845245,0.04205365478992462,0.038714222609996796,0.03597631677985191,0.03695989400148392,0.03697666525840759,0.034572016447782516,0.03323709964752197,0.03195496276021004,0.03107493557035923,0.030681120231747627,0.030170489102602005,0.029818546026945114
0.0,0.0,0.0,0.0,0.0,0.0,0.0,0.0,0.0,0.0,0.0,0.0,0.0,0.0,0.0173521526157856,0.02699926309287548,0.021067503839731216,0.03017953597009182,0.03161128610372543,0.026376638561487198,0.0287125576287508,0.03191153332591057,0.03595132753252983,0.04118858650326729,0.04487752541899681,0.0467781201004982,0.050797317177057266,0.05196862295269966,0.049467314034700394,0.0468464270234108,0.04298212751746178,0.039524901658296585,0.03771341219544411,0.0395558699965477,0.03879221901297569,0.03533133119344711,0.03394119814038277,0.032753974199295044,0.03193722292780876,0.031499624252319336,0.030980046838521957,0.03063209541141987
0.0,0.0,0.0,0.0,0.0,0.0,0.0,0.0,0.0,0.0,0.0,0.0,0.0,0.0,0.008501583710312843,0.022463258355855942,0.02695702202618122,0.029120758175849915,0.028643028810620308,0.028488164767622948,0.03315114974975586,0.03370809555053711,0.0350792333483696,0.040513668209314346,0.04870345816016197,0.05245227366685867,0.0520523265004158,0.05244233086705208,0.05158054828643799,0.048922259360551834,0.04519662633538246,0.0438707172870636,0.042415812611579895,0.04068950191140175,0.039761967957019806,0.03738996386528015,0.03529565781354904,0.03396720439195633,0.03345642238855362,0.03377663344144821,0.0341060645878315,0.03444161266088486
0.0,0.0,0.0,0.0,0.0,0.011606737039983273,0.02510417252779007,0.02794753573834896,0.018679318949580193,0.004229218233376741,0.0,0.0,0.0,0.012811509892344475,0.03195399045944214,0.034506119787693024,0.030048437416553497,0.0301832128316164,0.03210299834609032,0.03487849980592728,0.038426708430051804,0.04034080728888512,0.044738855212926865,0.049763910472393036,0.051484543830156326,0.0534101277589798,0.05476316437125206,0.05341062694787979,0.050448548048734665,0.04927569255232811,0.047663237899541855,0.044960372149944305,0.04316919669508934,0.04217476397752762,0.04146437719464302,0.03999032452702522,0.03790786489844322,0.03690357133746147,0.03753745183348656,0.040080271661281586,0.040745049715042114,0.03954010456800461
0.0,0.0,0.0,0.0,0.021818198263645172,0.05929885059595108,0.07262527197599411,0.06407410651445389,0.05553640052676201,0.05350477993488312,0.03907294571399689,0.039419177919626236,0.04527841508388519,0.036635611206293106,0.03835231065750122,0.03767816722393036,0.034502558410167694,0.03380326181650162,0.03473107889294624,0.035923756659030914,0.0379311628639698,0.043144047260284424,0.04973457753658295,0.052872806787490845,0.05425060912966728,0.05455418676137924,0.05504827946424484,0.052050281316041946,0.04678206890821457,0.04289078712463379,0.04551607742905617,0.04700655862689018,0.043175291270017624,0.04320512339472771,0.04330458492040634,0.04220300167798996,0.04087282717227936,0.04218799248337746,0.04332868754863739,0.04277772456407547,0.04228821396827698,0.041587285697460175
0.09437345713376999,0.09443362802267075,0.10066806524991989,0.11027669906616211,0.1031673401594162,0.09246603399515152,0.09125599265098572,0.0845605656504631,0.07414376735687256,0.05953993648290634,0.04367152601480484,0.039279259741306305,0.03958767652511597,0.03836314380168915,0.03874196857213974,0.037359822541475296,0.03425363078713417,0.03041118197143078,0.026145068928599358,0.030424224212765694,0.03892042115330696,0.04424959793686867,0.05386848747730255,0.058078136295080185,0.05678370222449303,0.05481724813580513,0.04774152487516403,0.0418558306992054,0.04055749997496605,0.04184651002287865,0.0426916740834713,0.04331810027360916,0.0438721589744091,0.04456166923046112,0.044958408921957016,0.04436839371919632,0.04510713741183281,0.04577711597084999,0.045006804168224335,0.04429366812109947,0.04323515295982361,0.04244767129421234
0.11156181991100311,0.1079876497387886,0.105821393430233,0.1077548936009407,0.10457290709018707,0.10167338699102402,0.09708785265684128,0.08703254908323288,0.07263042032718658,0.05515933409333229,0.04359437897801399,0.03965381905436516,0.03918744996190071,0.037939827889204025,0.03710123896598816,0.03616286814212799,0.033633939921855927,0.030091941356658936,0.026841286569833755,0.03355879709124565,0.043629057705402374,0.04867125675082207,0.057199783623218536,0.0608358234167099,0.058304138481616974,0.05197209119796753,0.04241728037595749,0.03665943071246147,0.03637818247079849,0.038481928408145905,0.04176105931401253,0.04512869194149971,0.04573650658130646,0.04627950116991997,0.04735090956091881,0.0491766594350338,0.049191996455192566,0.04770837724208832,0.04700170084834099,0.04608175903558731,0.044417720288038254,0.04296113923192024
0.11768195033073425,0.11483490467071533,0.1096552163362503,0.10672294348478317,0.10439504683017731,0.10054989159107208,0.09418877959251404,0.08689437061548233,0.07507066428661346,0.05954691767692566,0.0492132306098938,0.04216058552265167,0.03837875649333,0.03765767812728882,0.0370807945728302,0.03650502860546112,0.03533678129315376,0.03411078080534935,0.03040488436818123,0.03552441671490669,0.04797051101922989,0.05553239956498146,0.056470539420843124,0.06181414797902107,0.06393856555223465,0.050773490220308304,0.04095267131924629,0.03813149034976959,0.040346454828977585,0.04470251128077507,0.047015927731990814,0.04772719740867615,0.047301504760980606,0.04899397864937782,0.053237851709127426,0.0539117194712162,0.051917389035224915,0.05076446011662483,0.04991203919053078,0.04887392744421959,0.046674009412527084,0.047235798090696335
0.10915261507034302,0.10843493044376373,0.10648351907730103,0.10394799709320068,0.1013367623090744,0.09820950776338577,0.09107816964387894,0.0808945968747139,0.07003394514322281,0.059319302439689636,0.05088697001338005,0.04464719817042351,0.04393617436289787,0.04467659443616867,0.04331235960125923,0.04288557916879654,0.042401205748319626,0.04172920063138008,0.042963363230228424,0.042534295469522476,0.0491911955177784,0.06189051270484924,0.06292736530303955,0.06230317801237106,0.0627865344285965,0.052293166518211365,0.04328813776373863,0.04386759176850319,0.04729806259274483,0.05094087868928909,0.05228739604353905,0.05247918516397476,0.05293412134051323,0.05417783185839653,0.05549651011824608,0.05572045221924782,0.054981350898742676,0.053812455385923386,0.052465908229351044,0.05207230895757675,0.049809154123067856,0.05571657419204712
0.10286134481430054,0.1020999401807785,0.10124369710683823,0.10021773725748062,0.09678008407354355,0.09154802560806274,0.0843563824892044,0.07414116710424423,0.06377207487821579,0.05565020814538002,0.05055255815386772,0.04954950138926506,0.04881780967116356,0.046886902302503586,0.0462016798555851,0.046136289834976196,0.0462472066283226,0.04717836156487465,0.04776224121451378,0.052407003939151764,0.05851137265563011,0.059559572488069534,0.05972808972001076,0.06126651167869568,0.06271130591630936,0.05419043079018593,0.047697313129901886,0.051099274307489395,0.054113879799842834,0.056454066187143326,0.05687593296170235,0.056800879538059235,0.056927137076854706,0.05704285949468613,0.056818168610334396,0.05656711757183075,0.05685991421341896,0.05657675862312317,0.05756131187081337,0.05857343599200249,0.06063633784651756,0.06659255176782608
0.09639078378677368,0.09598295390605927,0.09463474154472351,0.0932660773396492,0.09089779108762741,0.08574757725000381,0.07789479196071625,0.06782343238592148,0.05835289508104324,0.052832696586847305,0.05210273712873459,0.05120520666241646,0.049161676317453384,0.048585109412670135,0.048534099012613297,0.04850123077630997,0.04860413074493408,0.050450798124074936,0.05401390418410301,0.05681315436959267,0.05783775821328163,0.05769943445920944,0.05819375440478325,0.059468284249305725,0.05755027011036873,0.05324283242225647,0.05420480668544769,0.0577966645359993,0.059830185025930405,0.06138583645224571,0.06154021620750427,0.061217308044433594,0.06021443381905556,0.05858965590596199,0.05675408989191055,0.05568821355700493,0.05786736309528351,0.06177656352519989,0.06432730704545975,0.06343837082386017,0.0707303062081337,0.07943084090948105
0.08898526430130005,0.08895403891801834,0.08887763321399689,0.08840131759643555,0.08561289310455322,0.08014222979545593,0.07230138778686523,0.06303407996892929,0.055746834725141525,0.053489893674850464,0.05233072489500046,0.05114346370100975,0.05164527893066406,0.05153575912117958,0.05145099386572838,0.051234059035778046,0.05147358775138855,0.05311374366283417,0.055698223412036896,0.05784698203206062,0.05914133042097092,0.05996499955654144,0.06002596393227577,0.05930288881063461,0.05826049670577049,0.059642139822244644,0.061465438455343246,0.06318625062704086,0.06614963710308075,0.06747696548700333,0.06678904592990875,0.06460709124803543,0.061410777270793915,0.05761401355266571,0.054845552891492844,0.05684063956141472,0.06118499115109444,0.0662914291024208,0.07220311462879181,0.07614374905824661,0.08021233230829239,0.08668982982635498
0.08538120239973068,0.08527761697769165,0.08485368639230728,0.08347555249929428,0.08062225580215454,0.07554833590984344,0.06832799315452576,0.06163536757230759,0.055426403880119324,0.05129111930727959,0.051204074174165726,0.05275525152683258,0.053654227405786514,0.05375676602125168,0.05417482182383537,0.05445253849029541,0.05446138232946396,0.05626064911484718,0.06294635683298111,0.06660956144332886,0.06684034317731857,0.06848389655351639,0.06772852689027786,0.0647575631737709,0.062152404338121414,0.06253889948129654,0.06536350399255753,0.06918064504861832,0.0725516751408577,0.07370712608098984,0.0720994770526886,0.06910226494073868,0.06269826740026474,0.05649534612894058,0.05523732304573059,0.05835194140672684,0.06568925082683563,0.07718128710985184,0.08512389659881592,0.08679231256246567,0.08898753672838211,0.0913628414273262
