dougfraga/big_11.json
{"header": {"parameterUnit": "m.s-1", "parameterNumber": 2, "dx": 0.016666000000000736, "dy": 0.016666000000000736, "parameterNumberName": "Eastward current", "la1": -22.891645999999998, "la2": -24.0416, "parameterCategory": 2, "lo2": -43.225054, "nx": 95, "ny": 70, "refTime": "2022-12-18 11:00:00", "lo1": -44.79166}, "data":
[rows 38 to 56 of 70, columns 42 to 83 of 95]
0.09225890785455704,0.08907374739646912,0.08496935665607452,0.07604025304317474,0.06683914363384247,0.06422564387321472,0.0639515221118927,0.06426482647657394,0.06624813377857208,0.068715900182724,0.07005801796913147,0.07046337425708771,0.07041160017251968,0.07103007286787033,0.07401926070451736,0.07662512362003326,0.07903668284416199,0.08234772831201553,0.08450358361005783,0.08596783131361008,0.08703911304473877,0.08831766992807388,0.08972044289112091,0.0910918265581131,0.09149462729692459,0.09103646129369736,0.09754171967506409,0.10783251374959946,0.11766277998685837,0.11615882813930511,0.10525593906641006,0.10030561685562134,0.09755577892065048,0.09609833359718323,0.09571487456560135,0.09661111980676651,0.09812048822641373,0.09925249218940735,0.10303861647844315,0.10880257189273834,0.11100449413061142,0.10953023284673691
0.08887366950511932,0.08131083846092224,0.07342544198036194,0.06585610657930374,0.06309150904417038,0.0625869482755661,0.061738304793834686,0.06241290643811226,0.06394167244434357,0.06577504426240921,0.06653047353029251,0.0668061375617981,0.06910951435565948,0.07086367905139923,0.07197040319442749,0.07466743886470795,0.07796765863895416,0.08120988309383392,0.08339507132768631,0.0848255306482315,0.0862119197845459,0.08796347677707672,0.08991748094558716,0.09192472696304321,0.09449196606874466,0.09905043989419937,0.10653120279312134,0.11422193050384521,0.11913346499204636,0.116159588098526,0.1117970198392868,0.10641487687826157,0.09797519445419312,0.093722403049469,0.09154398739337921,0.09192486107349396,0.09252062439918518,0.09354089945554733,0.09832768142223358,0.10236290097236633,0.10301166772842407,0.10258594900369644
0.07919518649578094,0.07235068827867508,0.06805887073278427,0.0644095316529274,0.06127635017037392,0.06023510545492172,0.059928178787231445,0.06030780076980591,0.06118779629468918,0.06258789449930191,0.06488486379384995,0.06602978706359863,0.06647583097219467,0.06788486242294312,0.06989302486181259,0.07330529391765594,0.07741016894578934,0.08082307130098343,0.08289850503206253,0.08428358286619186,0.08595157414674759,0.08816327899694443,0.09085679799318314,0.09400176256895065,0.09808479994535446,0.10351932793855667,0.1091867983341217,0.11357855051755905,0.11688365787267685,0.12020671367645264,0.11729170382022858,0.10763412714004517,0.09859152138233185,0.09146065264940262,0.08740294724702835,0.08616601675748825,0.08509068191051483,0.08700720965862274,0.09198438376188278,0.0944623276591301,0.09518656134605408,0.09562096744775772
0.07619481533765793,0.0718216598033905,0.06733821332454681,0.06412331014871597,0.06100977584719658,0.05881895497441292,0.05795035883784294,0.05771787092089653,0.058546025305986404,0.06182876601815224,0.0641661211848259,0.06413625925779343,0.06481156498193741,0.06637302786111832,0.06926225125789642,0.07323212176561356,0.07649215310811996,0.07877801358699799,0.08125374466180801,0.0841699093580246,0.08612197637557983,0.08800598978996277,0.09233283996582031,0.09975603222846985,0.10443960130214691,0.106754831969738,0.1112915426492691,0.11520105600357056,0.11686720699071884,0.11647438257932663,0.11246118694543839,0.10372774302959442,0.0939985141158104,0.08784767240285873,0.08624091744422913,0.08538579940795898,0.08433757722377777,0.08683811128139496,0.09049903601408005,0.09262405335903168,0.09357316792011261,0.09299373626708984
0.07499554008245468,0.07106652855873108,0.0669943243265152,0.06327435374259949,0.059532590210437775,0.05686711147427559,0.05610484629869461,0.05698747932910919,0.06062895804643631,0.0630267858505249,0.06298799812793732,0.06362989544868469,0.06484844535589218,0.06677104532718658,0.06923364102840424,0.07172790914773941,0.0740194171667099,0.07762932032346725,0.08226397633552551,0.0854276642203331,0.08937469869852066,0.09335968643426895,0.09630414098501205,0.10059051215648651,0.10437820851802826,0.10736975818872452,0.1103249117732048,0.11163636296987534,0.1106458380818367,0.1074509397149086,0.10192065685987473,0.09626161307096481,0.092670738697052,0.0911189541220665,0.08997055143117905,0.08784125745296478,0.08585835993289948,0.087227463722229,0.08902298659086227,0.0896458774805069,0.09029599279165268,0.08913971483707428
0.07187315076589584,0.0683327317237854,0.0645497590303421,0.0609070248901844,0.05766664817929268,0.056689221411943436,0.059363968670368195,0.06147436052560806,0.06210193410515785,0.06291267275810242,0.06328576058149338,0.06412587314844131,0.06560511887073517,0.0670347809791565,0.06827928125858307,0.07012147456407547,0.07400348782539368,0.07983389496803284,0.084461510181427,0.08906695246696472,0.09221995621919632,0.09311112761497498,0.0951804593205452,0.09810809791088104,0.10109381377696991,0.10359803587198257,0.10485456883907318,0.10418769717216492,0.102055124938488,0.09944644570350647,0.09628605842590332,0.0932750254869461,0.09272792190313339,0.09262053668498993,0.09137528389692307,0.09015145152807236,0.08864187449216843,0.0899314135313034,0.09146521985530853,0.09062095731496811,0.0900798887014389,0.08846273273229599
0.06835351884365082,0.06505000591278076,0.06132843717932701,0.058669380843639374,0.05917445197701454,0.05976984277367592,0.060138870030641556,0.061747364699840546,0.06281322985887527,0.06328640878200531,0.06370111554861069,0.06447789818048477,0.06541753560304642,0.06591852754354477,0.06729817390441895,0.07054901868104935,0.07612604647874832,0.08176764845848083,0.08712536841630936,0.09053985029459,0.09042441099882126,0.0907723531126976,0.09198981523513794,0.09414173662662506,0.09645558893680573,0.09783562272787094,0.09776511788368225,0.09672403335571289,0.0948844850063324,0.09282252937555313,0.09232494980096817,0.09282374382019043,0.09349134564399719,0.09263892471790314,0.09103131294250488,0.09067869931459427,0.09097597748041153,0.09203991293907166,0.09210500121116638,0.09055480360984802,0.08889849483966827,0.08666950464248657
0.06437632441520691,0.06151452288031578,0.06013432517647743,0.05939562991261482,0.05862323194742203,0.05923639237880707,0.06028832122683525,0.06160487234592438,0.06278353929519653,0.0634351596236229,0.06394491344690323,0.0645492821931839,0.06460294127464294,0.06304052472114563,0.06043446809053421,0.0748712420463562,0.08642415702342987,0.0855674147605896,0.08834144473075867,0.08729290962219238,0.08644037693738937,0.0863228291273117,0.08712588250637054,0.0883292406797409,0.08939676731824875,0.08995852619409561,0.08990931510925293,0.08972779661417007,0.09038672596216202,0.09162461012601852,0.09253857284784317,0.09335201978683472,0.09316181391477585,0.09195456653833389,0.09085693210363388,0.09086606651544571,0.09251651167869568,0.09371578693389893,0.09325093030929565,0.0914427861571312,0.0887853130698204,0.08520615100860596
0.06203356012701988,0.06144134700298309,0.06086099520325661,0.05898463353514671,0.05841023102402687,0.059016842395067215,0.06020994111895561,0.06144312024116516,0.06241998076438904,0.06310413032770157,0.06361395120620728,0.06412125378847122,0.06465080380439758,0.06685637682676315,0.07295442372560501,0.08142857253551483,0.08770380914211273,0.0881320983171463,0.0853361189365387,0.08279205858707428,0.08094891160726547,0.08074168115854263,0.08149294555187225,0.08196880668401718,0.08260685950517654,0.08471345156431198,0.08764390647411346,0.09002520889043808,0.09208400547504425,0.09277322888374329,0.09291894733905792,0.0941590964794159,0.09417936205863953,0.09209097176790237,0.09069216251373291,0.09161724895238876,0.09421315789222717,0.09582677483558655,0.09481160342693329,0.09326080232858658,0.0906761959195137,0.08588583022356033
0.06385798752307892,0.0634426549077034,0.0611199326813221,0.05971617251634598,0.05872843414545059,0.058393694460392,0.059091027826070786,0.060222920030355453,0.06125715747475624,0.062067244201898575,0.06274071335792542,0.06351689249277115,0.06514673680067062,0.07033362984657288,0.07624294608831406,0.08206988871097565,0.08501426875591278,0.08272134512662888,0.0802261233329773,0.07833610475063324,0.07708176970481873,0.07748432457447052,0.07907555997371674,0.08043813705444336,0.0825803354382515,0.08578497171401978,0.08919206261634827,0.09267018735408783,0.09525294601917267,0.09578857570886612,0.09531261026859283,0.09471847116947174,0.09328270703554153,0.09159129858016968,0.09127072244882584,0.09280501306056976,0.09537611901760101,0.09728914499282837,0.09711351245641708,0.09421217441558838,0.08988182991743088,0.08479192107915878
0.06445524841547012,0.06303519010543823,0.06127994880080223,0.0600971095263958,0.059169065207242966,0.05882728472352028,0.05925079062581062,0.06008005142211914,0.060978326946496964,0.06190988048911095,0.06299986690282822,0.06377255916595459,0.06488461047410965,0.07025564461946487,0.07677760720252991,0.07830080389976501,0.07757682353258133,0.07710137218236923,0.07644583284854889,0.07556533068418503,0.07470525056123734,0.07512583583593369,0.07751689851284027,0.08043369650840759,0.08353549242019653,0.08756543695926666,0.09192045032978058,0.09608172625303268,0.09813006967306137,0.0972205176949501,0.09521777182817459,0.09332701563835144,0.09178532660007477,0.09122320264577866,0.0918499305844307,0.09372065216302872,0.09708289057016373,0.09956382215023041,0.09789635241031647,0.09288931638002396,0.08722926676273346,0.08180512487888336
0.0641510933637619,0.06265834718942642,0.061088573187589645,0.05982789397239685,0.05898858234286308,0.058916233479976654,0.05962006747722626,0.06016469746828079,0.060508787631988525,0.06138944998383522,0.062455736100673676,0.0635608360171318,0.06526967138051987,0.06865996867418289,0.0748671442270279,0.07674802094697952,0.0744641050696373,0.07387439161539078,0.0735512226819992,0.07317788153886795,0.07250544428825378,0.07310913503170013,0.07608770579099655,0.08015640079975128,0.08546638488769531,0.09225872159004211,0.09714417904615402,0.09853919595479965,0.09763661026954651,0.09555551409721375,0.09265904873609543,0.09060259163379669,0.08993703126907349,0.09034814685583115,0.09259050339460373,0.0957934632897377,0.09888777136802673,0.1002688854932785,0.09743448346853256,0.09159958362579346,0.08685408532619476,0.08349002152681351
0.06253019720315933,0.06161877512931824,0.06036879122257233,0.05935874581336975,0.0589287206530571,0.05925716459751129,0.05960167944431305,0.05954528972506523,0.05965084210038185,0.06080716848373413,0.0629810020327568,0.06561802327632904,0.07042745500802994,0.07286203652620316,0.07340885698795319,0.0744442418217659,0.07334954291582108,0.07209643721580505,0.07125230878591537,0.07050167769193649,0.07042878121137619,0.0716271921992302,0.07473748177289963,0.0802907794713974,0.0885612741112709,0.09633432328701019,0.09885397553443909,0.09716913104057312,0.09450225532054901,0.09209790825843811,0.08958783745765686,0.0878429040312767,0.08771823346614838,0.08981416374444962,0.09365160763263702,0.09829717129468918,0.10048474371433258,0.09868718683719635,0.09667724370956421,0.09899348765611649,0.09675616025924683,0.08907778561115265
0.05937165021896362,0.059213168919086456,0.0590374730527401,0.0589507631957531,0.05895792320370674,0.05898823216557503,0.05933303013443947,0.060299523174762726,0.06435668468475342,0.06646031141281128,0.06654076278209686,0.06929881870746613,0.07184959203004837,0.07342354208230972,0.07399792969226837,0.07370901107788086,0.07210974395275116,0.07021814584732056,0.0688609629869461,0.06861841678619385,0.06976055353879929,0.07187425345182419,0.07601923495531082,0.08417180925607681,0.09276594966650009,0.09720150381326675,0.09657522290945053,0.09328147768974304,0.09070976823568344,0.0887911394238472,0.08692075312137604,0.08513922989368439,0.08529417961835861,0.08897891640663147,0.0946049615740776,0.09962749481201172,0.10057146847248077,0.09862469881772995,0.10363765805959702,0.10440437495708466,0.09637870639562607,0.08953671902418137
0.05886818841099739,0.057995181530714035,0.0575614832341671,0.05759405344724655,0.05826229602098465,0.059753142297267914,0.06201812997460365,0.067034512758255,0.06943657994270325,0.06800295412540436,0.06873559951782227,0.07073504477739334,0.07295538485050201,0.07453842461109161,0.07455963641405106,0.07333102077245712,0.07162273675203323,0.06986747682094574,0.06889563798904419,0.06921839714050293,0.07086340337991714,0.07523167878389359,0.08186711370944977,0.08896267414093018,0.09380877017974854,0.0946054682135582,0.09228523075580597,0.08926891535520554,0.08742081373929977,0.08607552200555801,0.08462122082710266,0.08315680176019669,0.084108866751194,0.08931096643209457,0.09605681151151657,0.1009555459022522,0.10084989666938782,0.10425736010074615,0.1012435033917427,0.10645468533039093,0.10805171728134155,0.09027029573917389
0.05698366463184357,0.05618351697921753,0.05672392621636391,0.05826980993151665,0.06040486693382263,0.06296837329864502,0.06616730242967606,0.07339505851268768,0.0750785768032074,0.07052841782569885,0.07051981985569,0.07281377166509628,0.07568106800317764,0.0767635703086853,0.07589901238679886,0.07424640655517578,0.07247179746627808,0.0718165785074234,0.07222940027713776,0.07279694825410843,0.0748140960931778,0.08102107793092728,0.08867471665143967,0.09257062524557114,0.09281348437070847,0.09089181572198868,0.0879751667380333,0.08589714765548706,0.08471496403217316,0.08384189754724503,0.08269942551851273,0.08181910216808319,0.0838896632194519,0.09029124677181244,0.09755998104810715,0.10200031846761703,0.10812193155288696,0.11036521196365356,0.10520075261592865,0.10361064225435257,0.09985008090734482,0.08971433341503143
0.05719337984919548,0.06061425432562828,0.06288105994462967,0.06311178207397461,0.06484013795852661,0.06505610048770905,0.06909669935703278,0.08153486996889114,0.08271407335996628,0.07415204495191574,0.07314611226320267,0.0753377228975296,0.07761406153440475,0.07798277586698532,0.0766720399260521,0.07536332309246063,0.07487145811319351,0.07597005367279053,0.07788638025522232,0.07897628098726273,0.08268271386623383,0.08803138881921768,0.09160172194242477,0.09289611130952835,0.090736985206604,0.08734205365180969,0.08441944420337677,0.08283832669258118,0.08215842396020889,0.0817641168832779,0.08122839778661728,0.08098379522562027,0.083892323076725,0.09116610139608383,0.09884143620729446,0.10144132375717163,0.1094500720500946,0.1127794086933136,0.1037592813372612,0.09802866727113724,0.09209363162517548,0.08481276780366898
0.05937548354268074,0.06112070381641388,0.06325220316648483,0.06554978340864182,0.06931687891483307,0.07486753910779953,0.08192265033721924,0.08658241480588913,0.08411219716072083,0.07876146584749222,0.0771271362900734,0.07781431823968887,0.07848794758319855,0.07827135175466537,0.07708293944597244,0.07681648433208466,0.07844211906194687,0.08188385516405106,0.08581843227148056,0.08941065520048141,0.09248067438602448,0.09295802563428879,0.09185218811035156,0.09089735895395279,0.08782103657722473,0.08368562161922455,0.08094072341918945,0.07958617806434631,0.07921130210161209,0.07949275523424149,0.08028609305620193,0.08099035173654556,0.08417151123285294,0.0914212092757225,0.09830788522958755,0.10468797385692596,0.1070263460278511,0.10393143445253372,0.09815647453069687,0.090360127389431,0.08383672684431076,0.07979343831539154
0.0591835081577301,0.06014714762568474,0.06257004290819168,0.06662420928478241,0.07196427881717682,0.07834785431623459,0.08459936827421188,0.08679620176553726,0.08459300547838211,0.08165937662124634,0.08014516532421112,0.0797620564699173,0.07866264134645462,0.07762259989976883,0.07764479517936707,0.07867571711540222,0.08251973241567612,0.0883592814207077,0.09223633259534836,0.09430572390556335,0.09536311775445938,0.09395066648721695,0.09078194200992584,0.08698225766420364,0.08346069604158401,0.08045578002929688,0.07813642174005508,0.07668870687484741,0.07633420079946518,0.07779622822999954,0.07986202090978622,0.08174597471952438,0.0846966803073883,0.09005912393331528,0.0952673926949501,0.10233265906572342,0.1018838956952095,0.09479348361492157,0.08944374322891235,0.08228595554828644,0.07745601236820221,0.0772983729839325
