dougfraga/big_20.json
{"header": {"parameterUnit": "m.s-1", "parameterNumber": 2, "dx": 0.016666000000000736, "dy": 0.016666000000000736, "parameterNumberName": "Eastward current", "la1": -22.891645999999998, "la2": -24.0416, "parameterCategory": 2, "lo2": -43.225054, "nx": 95, "ny": 70, "refTime": "2022-12-18 20:00:00", "lo1": -44.79166}, "data":
[rows 18 to 35 of 70, columns 42 to 83 of 95]
-0.010642630979418755,-0.008102375082671642,-0.005252957809716463,0.00089905911590904,0.0004947397974319756,-0.00701654190197587,-0.008738767355680466,-0.00840146467089653,-0.006094945129007101,-0.00016633472114335746,0.011043623089790344,0.01513772364705801,0.012566331773996353,0.013066453859210014,0.011230353266000748,0.009747795760631561,0.010189841501414776,0.011507813818752766,0.01328405924141407,0.018298979848623276,0.018383830785751343,0.013855169527232647,0.013469467870891094,0.01366389449685812,0.013568852096796036,0.013543186709284782,0.012920967303216457,0.012480024248361588,0.013734456151723862,0.015409762039780617,0.01620166003704071,0.016513094305992126,0.01777709648013115,0.020774446427822113,0.02651684544980526,0.031137986108660698,0.034737732261419296,0.0402473583817482,0.04581628739833832,0.05113116279244423,0.05646507814526558,0.06199250370264053
0.01833024062216282,0.012298686429858208,0.005427801515907049,0.0067788977175951,0.005533908493816853,0.005970724392682314,0.004238118417561054,0.0012618007604032755,0.004570063669234514,0.010203634388744831,0.014700770378112793,0.014753760769963264,0.012947644107043743,0.015894606709480286,0.017064275220036507,0.01655418798327446,0.01790241152048111,0.018438326194882393,0.019080642610788345,0.018811726942658424,0.01689465343952179,0.014573400840163231,0.013815576210618019,0.013742134906351566,0.013894840143620968,0.014296848326921463,0.01454406138509512,0.014945761300623417,0.015983225777745247,0.017502333968877792,0.01951848715543747,0.023986143991351128,0.02705061435699463,0.028582213446497917,0.03271035477519035,0.037053123116493225,0.04117923229932785,0.0456480011343956,0.0503639318048954,0.054944369941949844,0.05951128527522087,0.06464886665344238
0.02556990273296833,0.02450503595173359,0.025252263993024826,0.021017735823988914,0.012604940682649612,0.011220942251384258,0.011823274195194244,0.011124221608042717,0.011081592179834843,0.012204152531921864,0.014442598447203636,0.01869937777519226,0.018522555008530617,0.016565417870879173,0.0179473627358675,0.018389753997325897,0.018453380092978477,0.018532097339630127,0.018651915714144707,0.018333466723561287,0.01757803000509739,0.016672875732183456,0.015943072736263275,0.015718240290880203,0.01599421724677086,0.016845403239130974,0.019591519609093666,0.020711468532681465,0.020529750734567642,0.022749682888388634,0.025661146268248558,0.029089955613017082,0.031776539981365204,0.03390263393521309,0.03700854629278183,0.040702491998672485,0.04461480677127838,0.04862425476312637,0.05268522724509239,0.05671356990933418,0.06105516105890274,0.06602059304714203
0.029612043872475624,0.029040053486824036,0.02853052318096161,0.02628079615533352,0.022770369425415993,0.021324561908841133,0.021145857870578766,0.02138214372098446,0.02415458858013153,0.02291451022028923,0.01868971809744835,0.018754541873931885,0.018384067341685295,0.01779370754957199,0.01874714158475399,0.01918965019285679,0.019053008407354355,0.019422784447669983,0.020101668313145638,0.02122211456298828,0.022635292261838913,0.024859102442860603,0.02437378093600273,0.02216188795864582,0.022491291165351868,0.023419735953211784,0.024287916719913483,0.02466440759599209,0.02517196722328663,0.026591666042804718,0.02855645678937435,0.031134795397520065,0.033767685294151306,0.03609844297170639,0.03882894292473793,0.04225040599703789,0.04582253471016884,0.04945434629917145,0.05317111313343048,0.056936006993055344,0.06136103719472885,0.06714316457509995
0.03695770353078842,0.03641577437520027,0.03630123659968376,0.03605657443404198,0.038110118359327316,0.03784036263823509,0.03535168990492821,0.034598689526319504,0.03266386687755585,0.02864867076277733,0.024076949805021286,0.021967433393001556,0.021506154909729958,0.021300530061125755,0.02117486111819744,0.020902719348669052,0.020992957055568695,0.022267309948801994,0.025694476440548897,0.02743004634976387,0.026818107813596725,0.02660251595079899,0.025625718757510185,0.024947253987193108,0.02514594793319702,0.025771839544177055,0.026274334639310837,0.02644735388457775,0.027193982154130936,0.02838980220258236,0.029682882130146027,0.03157757967710495,0.034280143678188324,0.0372997410595417,0.039678435772657394,0.042080968618392944,0.04553968459367752,0.05011030286550522,0.05485605075955391,0.059716638177633286,0.06748106330633163,0.07437103986740112
0.047302164137363434,0.04451325908303261,0.04489912837743759,0.0447353757917881,0.04538404941558838,0.04557129740715027,0.0437515452504158,0.041074492037296295,0.03784780204296112,0.033835072070360184,0.030081570148468018,0.027741989120841026,0.026657288894057274,0.02615555375814438,0.02571505308151245,0.025483595207333565,0.026213454082608223,0.029577219858765602,0.030984187498688698,0.02926730364561081,0.028440220281481743,0.027749521657824516,0.026899466291069984,0.026397082954645157,0.02650606259703636,0.02694946900010109,0.027248669415712357,0.027447335422039032,0.028302904218435287,0.029436873272061348,0.03045891970396042,0.03184241056442261,0.03459298238158226,0.03759142756462097,0.0401163250207901,0.04422355815768242,0.05149339511990547,0.05754745751619339,0.061596471816301346,0.06704490631818771,0.0728142186999321,0.07807556539773941
0.04852068051695824,0.04805348813533783,0.04822792485356331,0.048201076686382294,0.048121433705091476,0.04765060544013977,0.045730382204055786,0.04315036162734032,0.04064493626356125,0.03855016082525253,0.03802260383963585,0.036055922508239746,0.03325783461332321,0.03246023505926132,0.031725019216537476,0.03126903250813484,0.030998049303889275,0.03099922277033329,0.031007487326860428,0.030128367245197296,0.029255900532007217,0.028489351272583008,0.027924690395593643,0.027651367709040642,0.027326812967658043,0.02741088718175888,0.027671851217746735,0.02809131145477295,0.028886672109365463,0.02991631254553795,0.030873414129018784,0.032193273305892944,0.03477320075035095,0.03967025503516197,0.04420860484242439,0.048484284430742264,0.05467528477311134,0.06021469086408615,0.06524371355772018,0.07070016115903854,0.07596641033887863,0.0808083638548851
0.04710200056433678,0.04707885533571243,0.0478174053132534,0.04831932485103607,0.04850393906235695,0.048166729509830475,0.04745325446128845,0.04763922095298767,0.045648619532585144,0.042277660220861435,0.040545716881752014,0.03854852914810181,0.0364585742354393,0.03475315868854523,0.033147357404232025,0.032239146530628204,0.03173133730888367,0.031188521534204483,0.030991869047284126,0.03068889118731022,0.03026563860476017,0.029771210625767708,0.029158908873796463,0.028536822646856308,0.027927109971642494,0.027769360691308975,0.02831835299730301,0.029062772169709206,0.030086996033787727,0.031415484845638275,0.03291326388716698,0.03479553386569023,0.037399109452962875,0.041439738124608994,0.04983667656779289,0.055755309760570526,0.05843852087855339,0.06339144706726074,0.06803382933139801,0.07256577908992767,0.07673073559999466,0.0814165323972702
0.044940780848264694,0.04614909365773201,0.04786529019474983,0.049862589687108994,0.05279009789228439,0.05297078937292099,0.05124189704656601,0.05040298402309418,0.04769899696111679,0.044902876019477844,0.042759835720062256,0.040583960711956024,0.0381595678627491,0.03595661371946335,0.034223295748233795,0.03334971144795418,0.033477671444416046,0.03341660648584366,0.033289480954408646,0.03298811987042427,0.032927580177783966,0.03160620853304863,0.029967978596687317,0.02960994467139244,0.02918274514377117,0.029309028759598732,0.03062213584780693,0.03284795954823494,0.03547696769237518,0.038007449358701706,0.04034547880291939,0.04276522621512413,0.046357959508895874,0.05487317591905594,0.059187572449445724,0.058972593396902084,0.062314875423908234,0.06578178703784943,0.06990368664264679,0.07503604888916016,0.08282534033060074,0.08900414407253265
0.04534637928009033,0.04968942701816559,0.05219268426299095,0.053390245884656906,0.05549175292253494,0.05561947450041771,0.054650742560625076,0.053377680480480194,0.050956666469573975,0.04845298081636429,0.04569235071539879,0.04207218810915947,0.03960742428898811,0.03821403533220291,0.03631037846207619,0.03433486074209213,0.03451742231845856,0.035406433045864105,0.0351283885538578,0.03467180207371712,0.03412138670682907,0.0332711823284626,0.03243388235569,0.03206924721598625,0.032403614372015,0.03393750265240669,0.03707220405340195,0.043833181262016296,0.047972746193408966,0.04913632571697235,0.05211116746068001,0.05415923148393631,0.05715429410338402,0.06113387271761894,0.06272606551647186,0.06381598860025406,0.06924766302108765,0.07424510270357132,0.0771464854478836,0.0810823142528534,0.08515699952840805,0.09006030857563019
0.04736227169632912,0.05080747604370117,0.053874511271715164,0.05649071931838989,0.058480098843574524,0.059053294360637665,0.05795944854617119,0.05628160387277603,0.054071955382823944,0.05159899219870567,0.04856475442647934,0.04461594671010971,0.04185466468334198,0.03973329812288284,0.03747251629829407,0.03557022660970688,0.03496859595179558,0.03514311462640762,0.035965029150247574,0.036777205765247345,0.03683193773031235,0.03852054476737976,0.03876393660902977,0.035550057888031006,0.03678927943110466,0.04428183287382126,0.0486474372446537,0.05039867013692856,0.053891174495220184,0.056744638830423355,0.058396805077791214,0.06012203171849251,0.06256826967000961,0.06555137038230896,0.07055553793907166,0.07381002604961395,0.07527361810207367,0.07823634147644043,0.08134756982326508,0.08447819203138351,0.087373286485672,0.09131399542093277
0.04687526077032089,0.05100434646010399,0.05533292144536972,0.05922407656908035,0.061367858201265335,0.06194290891289711,0.061334654688835144,0.05950459837913513,0.056750912219285965,0.05401218682527542,0.050852663815021515,0.047051019966602325,0.04373753443360329,0.040940262377262115,0.038901712745428085,0.0373801551759243,0.037007976323366165,0.03817607834935188,0.03959202393889427,0.040751442313194275,0.04334855452179909,0.044015832245349884,0.042895395308732986,0.04366850107908249,0.04521094635128975,0.04871594160795212,0.05311885476112366,0.05610131844878197,0.05831301957368851,0.0600852407515049,0.0624069981276989,0.06776472181081772,0.07100123912096024,0.07226159423589706,0.07516361027956009,0.0774359256029129,0.07943172007799149,0.08124946802854538,0.08288045227527618,0.08464506268501282,0.08748824894428253,0.09225277602672577
0.04574284330010414,0.05103518068790436,0.05648517608642578,0.061033494770526886,0.06356117874383926,0.063991479575634,0.06319146603345871,0.060932841151952744,0.05757390707731247,0.054836705327034,0.05253969877958298,0.04959404841065407,0.045963119715452194,0.04268158599734306,0.040528226643800735,0.0400005541741848,0.04128940403461456,0.04478687420487404,0.04564187675714493,0.044348590075969696,0.044785015285015106,0.045106008648872375,0.045940931886434555,0.04766326770186424,0.049613106995821,0.05247405916452408,0.056156206876039505,0.05933387950062752,0.06487186253070831,0.0684853121638298,0.06901533901691437,0.0712554007768631,0.07351524382829666,0.07587187737226486,0.07845312356948853,0.08018814027309418,0.08096924424171448,0.08257146924734116,0.08704409748315811,0.0898844376206398,0.09049494564533234,0.09224309772253036
0.04357489198446274,0.05165502429008484,0.057536423206329346,0.06090366840362549,0.06277382373809814,0.06315843015909195,0.0619610957801342,0.0594366118311882,0.05706058815121651,0.05670326575636864,0.05819356068968773,0.055606476962566376,0.049985405057668686,0.04667799547314644,0.04480770230293274,0.04412296786904335,0.04447164013981819,0.04524572938680649,0.045510027557611465,0.04529116675257683,0.04546302556991577,0.04614882171154022,0.047869715839624405,0.050479255616664886,0.05243443697690964,0.05509880185127258,0.06158508360385895,0.06681506335735321,0.06903667747974396,0.07091043889522552,0.07188298553228378,0.07372217625379562,0.07616917043924332,0.07834802567958832,0.08087683469057083,0.08524496108293533,0.08730460703372955,0.08718923479318619,0.08903441578149796,0.09057755768299103,0.09244884550571442,0.09641596674919128
0.043228261172771454,0.05010605975985527,0.05482146516442299,0.06105651333928108,0.0631280466914177,0.060189228504896164,0.06051164120435715,0.060058459639549255,0.057616494596004486,0.05623854696750641,0.05515316501259804,0.053408432751894,0.05174530670046806,0.05042499303817749,0.04924644157290459,0.04810721427202225,0.04679879918694496,0.045772068202495575,0.04537881538271904,0.04541517794132233,0.046130500733852386,0.047881755977869034,0.0507691465318203,0.05563472583889961,0.058703791350126266,0.06078169867396355,0.06544767320156097,0.06957154721021652,0.07190919667482376,0.0727928951382637,0.0739707499742508,0.07831345498561859,0.0816739946603775,0.08335085958242416,0.0861993208527565,0.08827345073223114,0.08914314955472946,0.08932234346866608,0.08983173221349716,0.09028101712465286,0.09230758249759674,0.09886665642261505
0.05086462199687958,0.054054535925388336,0.056855905801057816,0.05995273217558861,0.06001183018088341,0.0571279376745224,0.05758430436253548,0.057021934539079666,0.05550866201519966,0.05390578880906105,0.052515141665935516,0.051617447286844254,0.050942230969667435,0.050113581120967865,0.04933370649814606,0.048707690089941025,0.0478980652987957,0.046733394265174866,0.045984819531440735,0.04719538614153862,0.05225435644388199,0.055316634476184845,0.05554865300655365,0.05765966698527336,0.06010463088750839,0.06345248967409134,0.06740322709083557,0.07050387561321259,0.07207135111093521,0.07464174926280975,0.07729600369930267,0.07933217287063599,0.08220379054546356,0.08471201360225677,0.08688995242118835,0.08800801634788513,0.08812078833580017,0.0880458801984787,0.0885276198387146,0.08966369181871414,0.09384466707706451,0.09929536283016205
0.05223465710878372,0.056003738194704056,0.056408531963825226,0.05721018463373184,0.054699454456567764,0.05102505907416344,0.05171080678701401,0.05139691382646561,0.05070362985134125,0.049243539571762085,0.04834751412272453,0.048409320414066315,0.048676516860723495,0.04895451292395592,0.049261901527643204,0.05005527287721634,0.05234956368803978,0.05183315649628639,0.05017443746328354,0.052031923085451126,0.05438607558608055,0.05615565553307533,0.057707998901605606,0.05927331745624542,0.061081547290086746,0.0641193836927414,0.0674111545085907,0.06918884813785553,0.07246618717908859,0.07578316330909729,0.07728879898786545,0.07965856045484543,0.08165181428194046,0.08308566361665726,0.08409881591796875,0.0844426155090332,0.08478781580924988,0.08560024946928024,0.08713746815919876,0.08968710899353027,0.09391714632511139,0.0975717157125473
0.054718632251024246,0.05674896389245987,0.054342180490493774,0.05298624187707901,0.04845393821597099,0.0435287244617939,0.044822726398706436,0.04406307265162468,0.043368659913539886,0.043513424694538116,0.04569907486438751,0.04690156131982803,0.04714100435376167,0.04836336523294449,0.048975419253110886,0.04943731054663658,0.049920350313186646,0.050392698496580124,0.051904767751693726,0.05425576865673065,0.05601811036467552,0.057324204593896866,0.058812789618968964,0.06046481430530548,0.06226436793804169,0.06408156454563141,0.06602143496274948,0.07006839662790298,0.07419648766517639,0.07636914402246475,0.07815007120370865,0.07958794385194778,0.08019310981035233,0.08033620566129684,0.08117756992578506,0.08255813270807266,0.08415114879608154,0.085978202521801,0.08830857276916504,0.09098658710718155,0.09435661137104034,0.10102786868810654
