dougfraga/big_7.json
{"header": {"parameterUnit": "m.s-1", "parameterNumber": 2, "dx": 0.016666000000000736, "dy": 0.016666000000000736, "parameterNumberName": "Eastward current", "la1": -22.891645999999998, "la2": -24.0416, "parameterCategory": 2, "lo2": -43.225054, "nx": 95, "ny": 70, "refTime": "2022-12-18 07:00:00", "lo1": -44.79166}, "data":
[rows 19 to 37 of 70, columns 0 to 41 of 95]
0.0,0.0,0.0,0.0,0.0,0.001174758654087782,0.0018130230018869042,0.0006382644060067832,0.0,0.0,-0.015406754799187183,-0.03419913351535797,-0.03574477881193161,-0.03742388263344765,-0.03961554169654846,-0.03344277665019035,-0.020390652120113373,-0.011496561579406261,-0.01007447112351656,-0.010163430124521255,-0.011318855918943882,-0.012269890867173672,-0.014755932614207268,-0.018480638042092323,-0.034842055290937424,-0.024672726169228554,0.0,0.0,0.012625138275325298,0.012356933206319809,-0.004176137503236532,-0.003907932434231043,0.0,0.0,-9.431909357047881e-19,0.0,0.009556379169225693,0.022046731784939766,0.026466242969036102,0.03385690599679947,0.05046575888991356,0.05119967833161354
0.0,0.0,0.0,0.0,0.0,0.0008183338213711977,0.0008183338213711977,0.0,0.0,0.0,0.0,-0.01144448108971119,-0.0315859280526638,-0.040760330855846405,-0.04058610647916794,-0.039016660302877426,-0.028869662433862686,-0.01600911282002926,-0.011920363642275333,-0.01200602576136589,-0.012959218584001064,-0.014385083690285683,-0.015401488170027733,-0.019400721415877342,-0.027923086658120155,-0.01622343435883522,0.0,0.0,0.006295310333371162,0.007421531714498997,0.003196632256731391,0.006325343158096075,0.011873066425323486,0.01619928888976574,0.018307501450181007,0.02236328460276127,0.019233331084251404,0.02280401438474655,0.034304652363061905,0.04262233525514603,0.04226972162723541,0.03307642787694931
0.0,0.0,0.0,0.0,0.0,0.0,0.0,0.0,0.0,0.0,0.0,-0.017616132274270058,-0.03794272243976593,-0.02639518305659294,-0.014431276358664036,-0.02234618179500103,-0.025653909891843796,-0.01828910782933235,-0.01254265010356903,-0.01196478120982647,-0.012404831126332283,-0.013623800128698349,-0.014107788912951946,-0.020058831200003624,-0.033309873193502426,-0.04941899701952934,-0.048618681728839874,-0.02847955748438835,-0.011870179325342178,-0.0022239990066736937,0.0039118630811572075,0.011807813309133053,0.016226744279265404,0.016522560268640518,0.01952233910560608,0.024110103026032448,0.024568580090999603,0.02823585458099842,0.03475511074066162,0.03670293465256691,0.0396762453019619,0.035041213035583496
0.0,0.0,0.0,0.0,0.0,0.0,0.0,0.0,0.0,0.0,0.0,0.0,0.0,-9.824996959650889e-05,-0.006431465968489647,-0.02313702367246151,-0.030503900721669197,-0.0211697518825531,-0.011706257238984108,-0.008672580122947693,-0.008847511373460293,-0.00908032525330782,-0.00812394730746746,-0.012477847747504711,-0.022229144349694252,-0.030525151640176773,-0.03132474422454834,-0.02182786911725998,-0.0071060797199606895,0.004199544433504343,0.008678121492266655,0.012699706479907036,0.015776783227920532,0.018143462017178535,0.021509652957320213,0.025225089862942696,0.028743039816617966,0.03154236078262329,0.03220279514789581,0.03492105379700661,0.03661187365651131,0.03480403125286102
0.0,0.0,0.0,0.0,0.0,0.0,0.0,0.0,0.0,0.0,0.0,0.0,0.0,-0.00022215589706320316,-0.0045668683014810085,-0.02856484428048134,-0.03257914260029793,-0.012348699383437634,-0.005967207718640566,-0.0027716110926121473,-0.0016105041140690446,-0.0015506647760048509,-0.0016153587494045496,-0.0030473319347947836,-0.0013104871613904834,-0.005123564507812262,-0.011332914233207703,-0.00417078984901309,0.006657314486801624,0.01350733358412981,0.01763157919049263,0.01914495974779129,0.01947142370045185,0.021950507536530495,0.025603197515010834,0.028609931468963623,0.03155846893787384,0.03382202610373497,0.03563183918595314,0.04101434722542763,0.04259974882006645,0.043847158551216125
0.0,0.0,0.0,0.0,0.0,0.0,0.0,0.0,0.0,0.0,0.0,0.0,0.0,0.0,0.0,0.0,0.002270943485200405,0.006178969983011484,0.005311263259500265,0.003976954147219658,0.006521798204630613,0.008870512247085571,0.012822723016142845,0.012691259384155273,0.010370834730565548,0.00929426122456789,0.007036514114588499,0.012399286031723022,0.018760988488793373,0.021090472117066383,0.024275124073028564,0.025751547887921333,0.025684798136353493,0.027873290702700615,0.032269809395074844,0.03749924525618553,0.04062192887067795,0.041449736803770065,0.04302269220352173,0.0441158264875412,0.04441903904080391,0.044401559978723526
0.0,0.0,0.0,0.0,0.0,0.0,0.0,0.0,0.0,0.0,0.0,0.0,0.0,0.0,0.0,0.024372149258852005,0.04464970529079437,0.03280125930905342,0.016246728599071503,0.009777299128472805,0.016264503821730614,0.02454797737300396,0.02723023109138012,0.02566422149538994,0.024479439482092857,0.02269141376018524,0.021718095988035202,0.02587914653122425,0.028841298073530197,0.027930332347750664,0.02935420162975788,0.02990948222577572,0.03041260316967964,0.03479257598519325,0.03819936141371727,0.03904406353831291,0.04062170162796974,0.04150449112057686,0.042395129799842834,0.04343857243657112,0.04392655938863754,0.04420449212193489
0.0,0.0,0.0,0.0,0.0,0.0,0.0,0.0,0.0,0.0,0.0,0.0,0.0,0.0,0.029583653435111046,0.05025772005319595,0.04218105971813202,0.04508800804615021,0.035385508090257645,0.022978663444519043,0.025406304746866226,0.03245525062084198,0.036951757967472076,0.036378830671310425,0.033475179225206375,0.03203026205301285,0.035493843257427216,0.03707592561841011,0.035985738039016724,0.03587162122130394,0.03496610000729561,0.03392670303583145,0.03439373895525932,0.039105143398046494,0.0409582182765007,0.0400225855410099,0.04103116691112518,0.04142003506422043,0.04203398525714874,0.043324075639247894,0.044311538338661194,0.04456978663802147
0.0,0.0,0.0,0.0,0.0,0.0,0.0,0.0,0.0,0.0,0.0,0.0,0.0,0.0,0.012326633557677269,0.034576449543237686,0.04507598653435707,0.05846911296248436,0.06288666278123856,0.05010601133108139,0.045934855937957764,0.04496752470731735,0.0423833467066288,0.04098592326045036,0.04329858347773552,0.04354308545589447,0.042620304971933365,0.044010188430547714,0.044621143490076065,0.04379050433635712,0.041920289397239685,0.04202909767627716,0.0416710190474987,0.04188178479671478,0.043096743524074554,0.04260222613811493,0.042060669511556625,0.0416407436132431,0.04207543656229973,0.043606799095869064,0.04500759392976761,0.04584188759326935
0.0,0.0,0.0,0.0,0.0,0.013389620929956436,0.02985181100666523,0.041160792112350464,0.04407326877117157,0.01937466487288475,0.0,0.0,0.0,0.03073524683713913,0.0717620849609375,0.07904266566038132,0.07463372498750687,0.07204359024763107,0.06569374352693558,0.05757463350892067,0.05379888042807579,0.05079927667975426,0.0502682663500309,0.04989689216017723,0.04850030690431595,0.049525994807481766,0.05042756721377373,0.0494752898812294,0.047613561153411865,0.04803187772631645,0.04709847271442413,0.04489835351705551,0.0442725233733654,0.044675927609205246,0.04569115489721298,0.04559728503227234,0.04429417476058006,0.04353667423129082,0.04477225989103317,0.048417799174785614,0.050084058195352554,0.04953152686357498
0.0,0.0,0.0,0.0,0.018874794244766235,0.056940268725156784,0.07765587419271469,0.07681567966938019,0.07848940044641495,0.0904301255941391,0.0935409739613533,0.10526891052722931,0.11500406265258789,0.1032489538192749,0.09725531190633774,0.09157907962799072,0.08235039561986923,0.07412242889404297,0.06689503788948059,0.06106908619403839,0.0576496422290802,0.05756682902574539,0.057267606258392334,0.05460328236222267,0.05393955856561661,0.05408136919140816,0.054177138954401016,0.05009669065475464,0.04468480125069618,0.042375728487968445,0.0462847538292408,0.048125382512807846,0.0448031909763813,0.04589579254388809,0.047166578471660614,0.04708774387836456,0.04625610262155533,0.04773552715778351,0.04954471439123154,0.05014631524682045,0.05049243941903114,0.050185129046440125
0.10592520236968994,0.10706760734319687,0.1163129061460495,0.1285158097743988,0.11853242665529251,0.10409467667341232,0.10439451038837433,0.10282104462385178,0.10216160863637924,0.10624582320451736,0.10725684463977814,0.1103653535246849,0.11332632601261139,0.10298017412424088,0.08350613713264465,0.06285353004932404,0.05108724907040596,0.053252000361680984,0.05777869001030922,0.06136724725365639,0.06297046691179276,0.06153315305709839,0.06490391492843628,0.06269331276416779,0.05897896736860275,0.05687388777732849,0.04677083343267441,0.03707876056432724,0.035088151693344116,0.03890875726938248,0.04296773299574852,0.0452190563082695,0.04602007567882538,0.04718497022986412,0.0481436587870121,0.0479239858686924,0.04887625575065613,0.05002103000879288,0.049935441464185715,0.05001254007220268,0.04980390891432762,0.04952200502157211
0.12229220569133759,0.11939141899347305,0.11921558529138565,0.12319064885377884,0.12065296620130539,0.11800240725278854,0.11543236672878265,0.11031683534383774,0.10711868852376938,0.10464635491371155,0.10039303451776505,0.09755135327577591,0.0972081795334816,0.09168899804353714,0.08176495879888535,0.06647615879774094,0.051362842321395874,0.05076387897133827,0.055907655507326126,0.06260199099779129,0.0676216185092926,0.06635140627622604,0.06998158246278763,0.06755422800779343,0.061524685472249985,0.05477360263466835,0.042314380407333374,0.03325428441166878,0.031422074884176254,0.03476637229323387,0.04091197997331619,0.04640042036771774,0.047862421721220016,0.04851628467440605,0.04927714541554451,0.050928860902786255,0.05123045668005943,0.05028032138943672,0.050058186054229736,0.04978518560528755,0.04905040189623833,0.047903791069984436
0.12671343982219696,0.12491925805807114,0.12180499732494354,0.1210058405995369,0.1206882894039154,0.11912987381219864,0.11638262867927551,0.11352642625570297,0.10780408978462219,0.0988372340798378,0.09134303033351898,0.08523910492658615,0.08049683272838593,0.0764954686164856,0.07320500165224075,0.07051496207714081,0.0668259859085083,0.06195719540119171,0.05578765273094177,0.06208486109972,0.07174751162528992,0.07181354612112045,0.0681786760687828,0.07027219235897064,0.06922367960214615,0.05346992239356041,0.0391773022711277,0.0319957435131073,0.03367375582456589,0.04000940918922424,0.045244429260492325,0.04803289473056793,0.048224568367004395,0.04978406801819801,0.05353488028049469,0.053939953446388245,0.051983725279569626,0.051028404384851456,0.05061669647693634,0.050149764865636826,0.04912233725190163,0.049505673348903656
0.11714790761470795,0.11777420341968536,0.11823960393667221,0.11787520349025726,0.11789650470018387,0.11803443729877472,0.11494743078947067,0.10918255150318146,0.10145161300897598,0.09146834909915924,0.08288607746362686,0.07760562747716904,0.07600950449705124,0.07328641414642334,0.06956329196691513,0.06801480054855347,0.0658743679523468,0.06264854967594147,0.061633698642253876,0.061184220016002655,0.06878503412008286,0.07866371423006058,0.07420206815004349,0.07147888839244843,0.07083401829004288,0.05757938325405121,0.04429798573255539,0.039664141833782196,0.04108089208602905,0.04583949223160744,0.04927404597401619,0.05098671466112137,0.05199773982167244,0.05344588682055473,0.0546688511967659,0.05430251359939575,0.052948158234357834,0.051704779267311096,0.05047907680273056,0.05025665834546089,0.048716217279434204,0.05546024441719055
0.11124587804079056,0.1115143746137619,0.11297139525413513,0.11438388377428055,0.11364971846342087,0.11199508607387543,0.10889372229576111,0.10222738981246948,0.09337829798460007,0.08410757780075073,0.07702209800481796,0.0749964490532875,0.07343863695859909,0.07038572430610657,0.06895332038402557,0.06825673580169678,0.06718014180660248,0.06626919656991959,0.06528228521347046,0.06885550916194916,0.07415439188480377,0.07436717301607132,0.07214173674583435,0.07208476215600967,0.07314613461494446,0.061579640954732895,0.04972945526242256,0.04795070365071297,0.048396240919828415,0.05101216956973076,0.05280245840549469,0.05391031876206398,0.05454697832465172,0.05479341745376587,0.05455312505364418,0.054031651467084885,0.05337338522076607,0.051997050642967224,0.052600324153900146,0.05422505736351013,0.055635467171669006,0.06075891852378845
0.10449931770563126,0.10530581325292587,0.10641633719205856,0.10759872198104858,0.10801200568675995,0.10612180829048157,0.10175848752260208,0.09421268105506897,0.0852397084236145,0.07794414460659027,0.07515423744916916,0.07329097390174866,0.07113255560398102,0.07129999250173569,0.07191240042448044,0.0718723013997078,0.07122236490249634,0.07174896448850632,0.07360915094614029,0.0744287520647049,0.07318958640098572,0.07051241397857666,0.06894274801015854,0.06966731697320938,0.06793922930955887,0.060327205806970596,0.05597003921866417,0.055446114391088486,0.054769448935985565,0.055863138288259506,0.05664642155170441,0.057011060416698456,0.05646825209259987,0.055373311042785645,0.054065439850091934,0.05253022164106369,0.05308375135064125,0.05518786236643791,0.05657058209180832,0.05514536425471306,0.06219687685370445,0.06996192783117294
0.09824150800704956,0.0992220863699913,0.10105572640895844,0.10263440012931824,0.1023077741265297,0.09961315244436264,0.0944366380572319,0.08659882843494415,0.07917718589305878,0.07545173168182373,0.07250118255615234,0.07088300585746765,0.07251705229282379,0.07395558059215546,0.07481139153242111,0.07500389218330383,0.07502607256174088,0.07539762556552887,0.07587184011936188,0.07543536275625229,0.07391346246004105,0.07215527445077896,0.0704052671790123,0.06875438243150711,0.06679573655128479,0.06541503965854645,0.06325512379407883,0.06128494814038277,0.061236489564180374,0.061460163444280624,0.061434220522642136,0.05992450937628746,0.057265035808086395,0.05428062379360199,0.051963258534669876,0.053203288465738297,0.055418431758880615,0.056838616728782654,0.05933558940887451,0.06204041838645935,0.06687268614768982,0.07365679740905762
0.09451141208410263,0.09523475170135498,0.09638150036334991,0.09679312258958817,0.09614163637161255,0.09337247163057327,0.08795414119958878,0.08202079683542252,0.07532796263694763,0.06967014819383621,0.06821956485509872,0.07024046778678894,0.0729530081152916,0.07430728524923325,0.07529717683792114,0.075877346098423,0.07579350471496582,0.07640166580677032,0.08026449382305145,0.07996895909309387,0.07714039087295532,0.07674098759889603,0.0748303085565567,0.07216817885637283,0.06938434392213821,0.06838738918304443,0.06752074509859085,0.06636366993188858,0.06632539629936218,0.06614860147237778,0.06476951390504837,0.06276609003543854,0.05789723992347717,0.05267852172255516,0.05154340714216232,0.0531485378742218,0.056067224591970444,0.0631665512919426,0.06779585033655167,0.06815764307975769,0.071159727871418,0.07470125705003738
