dougfraga/big_7.json
{"header": {"parameterUnit": "m.s-1", "parameterNumber": 3, "dx": 0.016666000000000736, "dy": 0.016666000000000736, "parameterNumberName": "Northward current", "la1": -22.891645999999998, "la2": -24.0416, "parameterCategory": 2, "lo2": -43.225054, "nx": 95, "ny": 70, "refTime": "2022-12-18 07:00:00", "lo1": -44.79166}, "data":
[rows 36 to 53 of 70, columns 0 to 41 of 95]
-0.003288342384621501,-0.003288342384621501,-0.0030608722008764744,-0.0025893559213727713,-0.0008369484567083418,0.0014679612359032035,0.004118398297578096,0.005622830707579851,0.003202539635822177,0.00027104883338324726,-6.592983118025586e-05,0.0032294734846800566,0.005105087999254465,0.0064908843487501144,0.007276876829564571,0.0076170614920556545,0.007584329228848219,0.007568766828626394,0.008438817225396633,0.00754316383972764,0.010832635685801506,0.014323935844004154,0.018151383846998215,0.022334448993206024,0.02772626467049122,0.031540822237730026,0.03126253932714462,0.03227145969867706,0.030872084200382233,0.02866179868578911,0.025514177978038788,0.02233709953725338,0.0188419371843338,0.019764306023716927,0.023562287911772728,0.028621947392821312,0.0318860188126564,0.035236407071352005,0.032772377133369446,0.03103671967983246,0.03039536066353321,0.03838498145341873
0.0025909356772899628,0.0025909356772899628,0.002363398903980851,0.0023904466070234776,0.0036781947128474712,0.005291886627674103,0.0064731789752841,0.004632999189198017,0.0013786554336547852,-0.0012962737819179893,0.000578204751946032,0.0031422062311321497,0.006003598682582378,0.007531739305704832,0.008479885756969452,0.009311312809586525,0.009579891338944435,0.010571332648396492,0.009168749675154686,0.009460176341235638,0.011673401109874249,0.014578062109649181,0.0157184861600399,0.019165318459272385,0.02422216907143593,0.027938734740018845,0.03207918256521225,0.03341258689761162,0.032872822135686874,0.030393971130251884,0.025472432374954224,0.02086389809846878,0.016991086304187775,0.018697496503591537,0.021411525085568428,0.02777143381536007,0.035138413310050964,0.03750847652554512,0.03766458481550217,0.03288305550813675,0.03612683340907097,0.03840784355998039
0.00845274142920971,0.00845274142920971,0.008607329800724983,0.00852472335100174,0.008549047634005547,0.00840082298964262,0.0066230930387973785,0.0037042414769530296,0.0008534486987628043,-0.0016884735086932778,0.00027344367117621005,0.004620054736733437,0.008364500477910042,0.00910876877605915,0.009845255874097347,0.011634692549705505,0.01358146034181118,0.014882751740515232,0.012547164224088192,0.01551156397908926,0.014246458187699318,0.01683320850133896,0.018431570380926132,0.019240548834204674,0.022299323230981827,0.027742214500904083,0.03501613438129425,0.035142458975315094,0.03530006483197212,0.032439496368169785,0.02586856298148632,0.019326122477650642,0.01488458551466465,0.0166284441947937,0.021573474630713463,0.025007832795381546,0.0328277051448822,0.0347539484500885,0.03549908474087715,0.036422938108444214,0.04218055307865143,0.045418545603752136
0.01369449496269226,0.01369449496269226,0.0144021175801754,0.01458935346454382,0.014036019332706928,0.012164630927145481,0.00819790456444025,0.004540625493973494,-0.0005243740743026137,-0.0030023641884326935,0.0023526083678007126,0.005205113440752029,0.01203213445842266,0.01496844831854105,0.012809548527002335,0.015207042917609215,0.018508533015847206,0.020689016208052635,0.021647075191140175,0.02242915891110897,0.01816222444176674,0.017606278881430626,0.01871025376021862,0.018503423780202866,0.019964635372161865,0.026657572016119957,0.03570413589477539,0.03907446563243866,0.04339282214641571,0.036744795739650726,0.029285775497555733,0.020028892904520035,0.012095628306269646,0.01229347474873066,0.0198513176292181,0.020296327769756317,0.024426234886050224,0.03079582378268242,0.03544125333428383,0.04469672217965126,0.04732375964522362,0.05288504436612129
0.017267977818846703,0.017267977818846703,0.01841329224407673,0.018951358273625374,0.01838180236518383,0.017178824171423912,0.013385704718530178,0.0072278366424143314,-3.371409547980875e-05,-0.004615080542862415,-0.002953950082883239,0.00558820366859436,0.011001858860254288,0.01615861989557743,0.01916688121855259,0.020705102011561394,0.02335781790316105,0.026609349995851517,0.03014366514980793,0.02983183227479458,0.025972880423069,0.021700384095311165,0.019169582054018974,0.019703108817338943,0.02028716541826725,0.024530790746212006,0.03238793462514877,0.040255412459373474,0.04521750658750534,0.04275039955973625,0.0356563925743103,0.02129301428794861,0.01061057299375534,0.008972851559519768,0.017064157873392105,0.020428843796253204,0.023995598778128624,0.032271239906549454,0.04728955775499344,0.05316779017448425,0.05422447994351387,0.05548228323459625
0.018835335969924927,0.018835335969924927,0.02083045244216919,0.02319842204451561,0.023079684004187584,0.021963516250252724,0.020069774240255356,0.013225947506725788,0.003923365846276283,-0.00355927343480289,-0.007622248493134975,-0.0004967849818058312,0.005356872454285622,0.014148266054689884,0.023324446752667427,0.024626368656754494,0.027037087827920914,0.03168262913823128,0.035889964550733566,0.035189080983400345,0.03159092739224434,0.027459800243377686,0.023574482649564743,0.02076924592256546,0.02327706106007099,0.02291983738541603,0.027683652937412262,0.038988735526800156,0.04215683788061142,0.04616543650627136,0.03984002768993378,0.024432072415947914,0.012015916407108307,0.008378906175494194,0.013739975169301033,0.020381489768624306,0.0296186376363039,0.043780844658613205,0.054966311901807785,0.0585797056555748,0.05892445147037506,0.056880153715610504
0.018295379355549812,0.018295379355549812,0.020570717751979828,0.024625247344374657,0.026468010619282722,0.026994768530130386,0.027859583497047424,0.019533559679985046,0.010139819234609604,0.0029237614944577217,-0.0011649179505184293,-0.0022580004297196865,0.005351748783141375,0.015635734423995018,0.02283353917300701,0.026147080585360527,0.029767660424113274,0.03478015586733818,0.03872862085700035,0.0383872427046299,0.03504294529557228,0.03038501739501953,0.023641344159841537,0.019676655530929565,0.02345593087375164,0.02331862412393093,0.0262607429176569,0.03669353574514389,0.04156322777271271,0.044934459030628204,0.039686597883701324,0.026447001844644547,0.014059532433748245,0.011800700798630714,0.013239450752735138,0.02271454595029354,0.03358052298426628,0.049698248505592346,0.05845928192138672,0.06212051585316658,0.0590030811727047,0.056259576231241226
0.016219282522797585,0.016219282522797585,0.01698196865618229,0.020874202251434326,0.026077784597873688,0.028940821066498756,0.0310838520526886,0.023811139166355133,0.015708396211266518,0.010179612785577774,0.006944464519619942,0.007922853343188763,0.012190282344818115,0.0171806700527668,0.02210064046084881,0.025017814710736275,0.027806507423520088,0.03223009780049324,0.04014488682150841,0.04051579162478447,0.0402756966650486,0.03430533781647682,0.02362494170665741,0.019263431429862976,0.018300771713256836,0.02314816787838936,0.029309958219528198,0.03685913607478142,0.04067948833107948,0.0409504733979702,0.03716112673282623,0.027258610352873802,0.015193980187177658,0.012399658560752869,0.01565410941839218,0.0270074475556612,0.04041241854429245,0.051477622240781784,0.05874602869153023,0.05988209322094917,0.05815538391470909,0.05649802088737488
0.014200377278029919,0.014200377278029919,0.014013329520821571,0.015774572268128395,0.022075921297073364,0.027508076280355453,0.03007010743021965,0.026750639081001282,0.019822457805275917,0.01410012785345316,0.012627538293600082,0.012403609231114388,0.01687687635421753,0.02151366136968136,0.02433937042951584,0.02559797279536724,0.027235686779022217,0.031173594295978546,0.039281073957681656,0.04012376442551613,0.04138367623090744,0.03776080906391144,0.028353845700621605,0.022106025367975235,0.018957363441586494,0.02314096689224243,0.029162760823965073,0.03557227551937103,0.03932677209377289,0.03919734060764313,0.03517095372080803,0.028513142839074135,0.018750041723251343,0.014772904105484486,0.0201641246676445,0.03213455528020859,0.04427803307771683,0.05257464572787285,0.05620699003338814,0.056574784219264984,0.05720321089029312,0.05612015724182129
0.012060495093464851,0.012060495093464851,0.012281187810003757,0.013410413637757301,0.01874740980565548,0.026598144322633743,0.030618667602539062,0.030072959139943123,0.02454662322998047,0.016752703115344048,0.013612829148769379,0.015476587228477001,0.02022632770240307,0.026446005329489708,0.029394200071692467,0.030580876395106316,0.03197012469172478,0.034682419151067734,0.03798389062285423,0.03851160407066345,0.038408417254686356,0.03597648814320564,0.03328776732087135,0.028320157900452614,0.026029568165540695,0.027254190295934677,0.029883090406656265,0.032848555594682693,0.037032488733530045,0.039313532412052155,0.036714181303977966,0.0324641652405262,0.027364641427993774,0.023936090990900993,0.02760864607989788,0.036837294697761536,0.04488064721226692,0.049948833882808685,0.05348441004753113,0.05374255031347275,0.05392761528491974,0.05395524576306343
0.010882274247705936,0.010882274247705936,0.011370721273124218,0.013545460999011993,0.018540244549512863,0.02675912156701088,0.03274219110608101,0.03527654707431793,0.030244765803217888,0.022372037172317505,0.01663759909570217,0.019846169278025627,0.024188512936234474,0.02956383302807808,0.03284769505262375,0.03435438871383667,0.03525722026824951,0.036469295620918274,0.03845721483230591,0.0387411005795002,0.03858907148241997,0.038051676005125046,0.037762824445962906,0.0344122014939785,0.032503753900527954,0.03248900920152664,0.033473312854766846,0.035793859511613846,0.03895125538110733,0.039851654320955276,0.03769843652844429,0.0358772911131382,0.03432533144950867,0.03274653106927872,0.033780667930841446,0.03822508454322815,0.043999653309583664,0.04664957895874977,0.048695165663957596,0.049675360321998596,0.05016705021262169,0.05157919600605965
0.011393082328140736,0.011393082328140736,0.011970516294240952,0.014311973936855793,0.019346076995134354,0.028021223843097687,0.03653587028384209,0.04422172158956528,0.03697361797094345,0.030334411188960075,0.024470174685120583,0.02377660758793354,0.026490507647395134,0.030975179746747017,0.03412710875272751,0.03605949878692627,0.037048567086458206,0.03761746361851692,0.039437856525182724,0.040230829268693924,0.04073505476117134,0.04213256016373634,0.04226149991154671,0.040377914905548096,0.03828302398324013,0.03777415305376053,0.03766946122050285,0.03690415620803833,0.03855482488870621,0.03936536982655525,0.039304010570049286,0.038604628294706345,0.03884759172797203,0.03956177830696106,0.03914051130414009,0.039580512791872025,0.041031625121831894,0.04188672825694084,0.04390828311443329,0.046415433287620544,0.04825342074036598,0.048756007105112076
0.012364777736365795,0.012364777736365795,0.013539628125727177,0.016552744433283806,0.022142695263028145,0.029234426096081734,0.039823662489652634,0.04967514052987099,0.048300523310899734,0.042990054935216904,0.03235938027501106,0.026222510263323784,0.025809891521930695,0.029302015900611877,0.03441837430000305,0.03671615198254585,0.03809317573904991,0.03908758983016014,0.04089118167757988,0.04233656823635101,0.042656682431697845,0.043880850076675415,0.04585757851600647,0.046063072979450226,0.043995290994644165,0.042802754789590836,0.04020572081208229,0.038535017520189285,0.0377657413482666,0.03822702914476395,0.04071352258324623,0.04183369502425194,0.04315583035349846,0.04290067031979561,0.04183442145586014,0.040190137922763824,0.03928758576512337,0.039454832673072815,0.04131236672401428,0.04253660514950752,0.04537826031446457,0.04698079079389572
0.012642727233469486,0.012642727233469486,0.014150225557386875,0.017284773290157318,0.02307170070707798,0.028811346739530563,0.038779597729444504,0.04771285876631737,0.054220251739025116,0.05298948660492897,0.04233564808964729,0.03273557871580124,0.027754247188568115,0.02732163667678833,0.0313352607190609,0.037153393030166626,0.039959609508514404,0.04148545116186142,0.04378143325448036,0.04596428573131561,0.04508697986602783,0.045903924852609634,0.04792625084519386,0.04988637566566467,0.04833924025297165,0.04528810456395149,0.04286477342247963,0.04217824339866638,0.04051288589835167,0.04025483876466751,0.04139164462685585,0.04280714690685272,0.04439638555049896,0.044415056705474854,0.04345402494072914,0.04101334512233734,0.03714688867330551,0.03616130352020264,0.03781989961862564,0.03986571356654167,0.043222226202487946,0.04754256829619408
0.011955749243497849,0.011955749243497849,0.012652052566409111,0.014276279136538506,0.01769106648862362,0.025239670649170876,0.03342825174331665,0.0434897243976593,0.051334355026483536,0.05527288094162941,0.051645949482917786,0.044025566428899765,0.03601095452904701,0.03066972643136978,0.029235001653432846,0.03330354765057564,0.037448205053806305,0.040111031383275986,0.04699704051017761,0.051298100501298904,0.050271134823560715,0.04943772032856941,0.04962456598877907,0.049421243369579315,0.04886139929294586,0.046836286783218384,0.046427641063928604,0.04519660025835037,0.043487247079610825,0.04282395914196968,0.04325662553310394,0.04425322264432907,0.044526707381010056,0.04217926040291786,0.040729276835918427,0.03851137310266495,0.035279158502817154,0.03302415460348129,0.034911274909973145,0.03942694142460823,0.043512675911188126,0.04752707853913307
0.011257827281951904,0.011257827281951904,0.010690554976463318,0.010214448906481266,0.010150928050279617,0.014062671922147274,0.020342154428362846,0.03111986629664898,0.04498819634318352,0.04917806386947632,0.05459166318178177,0.05261114612221718,0.04597032815217972,0.03856513649225235,0.033793918788433075,0.03165152668952942,0.03350799158215523,0.035024192184209824,0.04039682820439339,0.047526925802230835,0.053863417357206345,0.053520429879426956,0.051092565059661865,0.04973633959889412,0.049185607582330704,0.04867413267493248,0.048290498554706573,0.04725436866283417,0.046067770570516586,0.04583181068301201,0.04580315575003624,0.043860264122486115,0.04264391213655472,0.04045518860220909,0.03800792247056961,0.03581163287162781,0.03512102738022804,0.030396021902561188,0.03127171844244003,0.03477022424340248,0.03869165852665901,0.04210503026843071
0.010702447034418583,0.010702447034418583,0.009435147978365421,0.00745810940861702,0.005320195574313402,0.004362600389868021,0.009287621825933456,0.022206179797649384,0.03458772599697113,0.044401925057172775,0.05422372743487358,0.05529943108558655,0.05208342522382736,0.04585234075784683,0.04053899273276329,0.03721809759736061,0.035366687923669815,0.03402847424149513,0.03478793799877167,0.0425930917263031,0.0539584644138813,0.0541590191423893,0.052955545485019684,0.05291454866528511,0.0510154664516449,0.04941841959953308,0.049108657985925674,0.048464011400938034,0.04914645478129387,0.0493435375392437,0.04574418067932129,0.04446412995457649,0.04231215640902519,0.04168040677905083,0.03903885558247566,0.036246158182621,0.03212972730398178,0.021755432710051537,0.02063102088868618,0.022289499640464783,0.024355120956897736,0.027333708480000496
0.010980082675814629,0.010980082675814629,0.009988895617425442,0.007816093042492867,0.005287781357765198,0.0045751603320240974,0.007473543286323547,0.016866322606801987,0.029712576419115067,0.0432988777756691,0.05211576074361801,0.05207293853163719,0.05115146562457085,0.04821966215968132,0.04535800963640213,0.04376348480582237,0.04159166291356087,0.039478838443756104,0.040872447192668915,0.04421071335673332,0.050712019205093384,0.05346409231424332,0.05514657497406006,0.05492149665951729,0.05154257267713547,0.05038658529520035,0.0512319840490818,0.0506460964679718,0.049521759152412415,0.04859509319067001,0.046746496111154556,0.047624558210372925,0.04499111697077751,0.04257466271519661,0.040058258920907974,0.03701212629675865,0.023635275661945343,0.012181621976196766,0.010311187244951725,0.010987580753862858,0.012825177051126957,0.01698329858481884
