dougfraga/big_0.json
{"header": {"parameterUnit": "m.s-1", "parameterNumber": 3, "dx": 0.016666000000000736, "dy": 0.016666000000000736, "parameterNumberName": "Northward current", "la1": -22.891645999999998, "la2": -24.0416, "parameterCategory": 2, "lo2": -43.225054, "nx": 95, "ny": 70, "refTime": "2022-12-18 00:00:00", "lo1": -44.79166}, "data":
[rows 36 to 53 of 70, columns 0 to 39 of 95]
-0.012881623581051826,-0.012881623581051826,-0.012630436569452286,-0.012493948452174664,-0.011724847368896008,-0.011061758734285831,-0.011639978736639023,-0.012002688832581043,-0.014609068632125854,-0.017499608919024467,-0.019021211192011833,-0.018404850736260414,-0.01883162371814251,-0.018948499113321304,-0.01937643624842167,-0.02034645341336727,-0.021685270592570305,-0.02254246361553669,-0.024059562012553215,-0.0280056893825531,-0.030307943001389503,-0.03362385928630829,-0.03775283694267273,-0.04016978666186333,-0.03890829160809517,-0.03625765070319176,-0.03436991199851036,-0.031252309679985046,-0.029987284913659096,-0.03150876238942146,-0.035220108926296234,-0.03882315382361412,-0.0421055443584919,-0.0420607253909111,-0.03929285332560539,-0.03240164369344711,-0.023968607187271118,-0.01443631574511528,-0.013858425430953503,-0.016471995040774345
-0.011323931626975536,-0.011323931626975536,-0.011528869159519672,-0.01170838251709938,-0.011699422262609005,-0.011942383833229542,-0.013724435120821,-0.017159780487418175,-0.020623991265892982,-0.023152466863393784,-0.02233162522315979,-0.021580899134278297,-0.020542467013001442,-0.020089397206902504,-0.020497241988778114,-0.021176261827349663,-0.02234036475419998,-0.021660512313246727,-0.02466272935271263,-0.02805267460644245,-0.03151260316371918,-0.034870587289333344,-0.04086645692586899,-0.044731564819812775,-0.04487147554755211,-0.04242689535021782,-0.03565484657883644,-0.03183100000023842,-0.030315790325403214,-0.032784562557935715,-0.03880003094673157,-0.04412449523806572,-0.04629800096154213,-0.044853538274765015,-0.0428754948079586,-0.03500360995531082,-0.023468919098377228,-0.016549482941627502,-0.013851971365511417,-0.0177629217505455
-0.010798543691635132,-0.010798543691635132,-0.010462935082614422,-0.010316693224012852,-0.011164613999426365,-0.013164442963898182,-0.017500868067145348,-0.02184124104678631,-0.025281596928834915,-0.027588015422225,-0.02639264240860939,-0.023499056696891785,-0.020502986386418343,-0.02012397162616253,-0.021213039755821228,-0.021712053567171097,-0.02143312618136406,-0.020096175372600555,-0.023673709481954575,-0.024620478972792625,-0.029996704310178757,-0.03327479213476181,-0.0373045951128006,-0.043002236634492874,-0.0464378222823143,-0.043724846094846725,-0.033519066870212555,-0.030669141560792923,-0.028680099174380302,-0.03180693835020065,-0.03982064127922058,-0.04743490740656853,-0.04986533895134926,-0.048023972660303116,-0.042700085788965225,-0.03568519279360771,-0.026466483250260353,-0.022310495376586914,-0.02209797315299511,-0.02033700980246067
-0.010911357589066029,-0.010911357589066029,-0.010073699988424778,-0.009538775309920311,-0.010445975698530674,-0.01363091915845871,-0.019147314131259918,-0.023795010522007942,-0.029387589544057846,-0.03256549313664436,-0.02832469530403614,-0.026274660602211952,-0.020191635936498642,-0.01707427203655243,-0.020277461037039757,-0.020763594657182693,-0.01919272541999817,-0.017141420394182205,-0.01755925640463829,-0.019132154062390327,-0.02576833963394165,-0.03084954060614109,-0.03400353714823723,-0.03998339921236038,-0.0457846038043499,-0.0440550297498703,-0.03399460390210152,-0.02919916622340679,-0.02355305477976799,-0.028973475098609924,-0.0366317555308342,-0.04613642767071724,-0.05196670442819595,-0.05125967785716057,-0.04243746027350426,-0.03615182265639305,-0.03221931308507919,-0.027262426912784576,-0.02546657808125019,-0.01710084080696106
-0.012492068111896515,-0.012492068111896515,-0.011423858813941479,-0.010425340384244919,-0.010891557671129704,-0.013182862661778927,-0.01727437973022461,-0.02331470511853695,-0.03025726228952408,-0.035635001957416534,-0.03601362556219101,-0.029643800109624863,-0.024389229714870453,-0.020380530506372452,-0.019147194921970367,-0.01898154616355896,-0.017384666949510574,-0.01448263879865408,-0.013014726340770721,-0.014528517611324787,-0.019173970445990562,-0.02494773454964161,-0.029156113043427467,-0.034331925213336945,-0.04101669788360596,-0.04340135678648949,-0.03823063522577286,-0.03097664937376976,-0.025982612743973732,-0.027211323380470276,-0.03223150968551636,-0.044130221009254456,-0.051488086581230164,-0.051943179219961166,-0.04308329150080681,-0.03717898577451706,-0.03181229904294014,-0.028216812759637833,-0.017646240070462227,-0.012275489047169685
-0.015682419762015343,-0.015682419762015343,-0.01418992318212986,-0.011896486394107342,-0.011406551115214825,-0.013221189379692078,-0.014741427265107632,-0.020142873749136925,-0.027600014582276344,-0.034794993698596954,-0.04007270559668541,-0.03657423332333565,-0.03276236727833748,-0.02736523188650608,-0.021408282220363617,-0.020170480012893677,-0.018147533759474754,-0.014027280732989311,-0.012378745712339878,-0.013465079478919506,-0.016485977917909622,-0.020055720582604408,-0.023532435297966003,-0.030622294172644615,-0.03517081215977669,-0.041425589472055435,-0.04244060441851616,-0.0341886468231678,-0.03158916160464287,-0.028781821951270103,-0.03274061158299446,-0.0424746572971344,-0.048730071634054184,-0.05041273683309555,-0.04640377312898636,-0.04038624092936516,-0.0311395563185215,-0.0224261786788702,-0.015282710082828999,-0.01127012912184
-0.02036115527153015,-0.02036115527153015,-0.019100038334727287,-0.01659320294857025,-0.014628557488322258,-0.013951150700449944,-0.012209665030241013,-0.017985159531235695,-0.024487240239977837,-0.030448511242866516,-0.03390650078654289,-0.03738181293010712,-0.03464311733841896,-0.029489263892173767,-0.025895070284605026,-0.02385733276605606,-0.02088056318461895,-0.016669945791363716,-0.015379127115011215,-0.015425710007548332,-0.01704511046409607,-0.019909948110580444,-0.025600532069802284,-0.03184415400028229,-0.03441799059510231,-0.03841143101453781,-0.04151180759072304,-0.03668918460607529,-0.033965736627578735,-0.03352354094386101,-0.03754643350839615,-0.04294098541140556,-0.04627537727355957,-0.04843264818191528,-0.048566173762083054,-0.03934454917907715,-0.03234785050153732,-0.022608505561947823,-0.017232095822691917,-0.013492668978869915
-0.026168327778577805,-0.026168327778577805,-0.026134122163057327,-0.024562615901231766,-0.020763302221894264,-0.017448268830776215,-0.014698074199259281,-0.018650691956281662,-0.023368921130895615,-0.02706112526357174,-0.028788652271032333,-0.02950187772512436,-0.029370469972491264,-0.029481858015060425,-0.028757115826010704,-0.028263937681913376,-0.026885153725743294,-0.02411903627216816,-0.01922156661748886,-0.0181882306933403,-0.016657397150993347,-0.020294899120926857,-0.028716616332530975,-0.03318076580762863,-0.0374896340072155,-0.03652932122349739,-0.03594014421105385,-0.034794881939888,-0.034914251416921616,-0.0380357950925827,-0.04135759174823761,-0.042884498834609985,-0.045441366732120514,-0.05077965557575226,-0.04728381708264351,-0.03762448951601982,-0.02901947684586048,-0.02390933595597744,-0.020326558500528336,-0.020482448861002922
-0.03130233287811279,-0.03130233287811279,-0.031816087663173676,-0.031286489218473434,-0.02744109183549881,-0.022427521646022797,-0.019812386482954025,-0.020174270495772362,-0.023360759019851685,-0.02684059552848339,-0.026679448783397675,-0.02831040881574154,-0.027943916618824005,-0.027641059830784798,-0.028222909197211266,-0.029169762507081032,-0.02914905548095703,-0.027181824669241905,-0.02207254245877266,-0.02124481461942196,-0.019909657537937164,-0.022346248850226402,-0.02785138599574566,-0.03209710121154785,-0.03491228446364403,-0.033582717180252075,-0.03266938403248787,-0.032610904425382614,-0.03389834612607956,-0.0372764877974987,-0.04066731780767441,-0.04118044674396515,-0.04447944462299347,-0.050088394433259964,-0.04370375722646713,-0.03509043902158737,-0.02729727514088154,-0.023397814482450485,-0.022912167012691498,-0.02417328953742981
-0.03531905263662338,-0.03531905263662338,-0.03558686748147011,-0.034934449940919876,-0.03170990198850632,-0.02553529106080532,-0.021977823227643967,-0.020429736003279686,-0.02213151380419731,-0.02672204189002514,-0.02839432656764984,-0.028189757838845253,-0.027701500803232193,-0.02620306983590126,-0.025980141013860703,-0.026241732761263847,-0.02595415711402893,-0.024441491812467575,-0.023022759705781937,-0.023238016292452812,-0.024585934355854988,-0.027234992012381554,-0.027202649042010307,-0.02946295589208603,-0.029665041714906693,-0.02885301597416401,-0.028814367949962616,-0.030385732650756836,-0.03154377266764641,-0.03312324360013008,-0.0369664691388607,-0.03987165167927742,-0.042707864195108414,-0.04502119868993759,-0.04001295194029808,-0.033280033618211746,-0.027416212484240532,-0.02406252548098564,-0.02246643230319023,-0.023323770612478256
-0.037970758974552155,-0.037970758974552155,-0.03776511177420616,-0.036418087780475616,-0.03317350149154663,-0.027407558634877205,-0.022673506289720535,-0.018635591492056847,-0.019860120490193367,-0.023691609501838684,-0.02730683796107769,-0.026977499946951866,-0.027195272967219353,-0.026728665456175804,-0.025872403755784035,-0.025273900479078293,-0.024799788370728493,-0.023908771574497223,-0.023046383634209633,-0.02319251373410225,-0.025044692680239677,-0.025981135666370392,-0.025961745530366898,-0.02782348170876503,-0.027801647782325745,-0.027055079117417336,-0.026607094332575798,-0.026636911556124687,-0.027879133820533752,-0.03104322962462902,-0.037279531359672546,-0.041507259011268616,-0.043612439185380936,-0.042978305369615555,-0.03984428569674492,-0.035137537866830826,-0.028858527541160583,-0.024448461830615997,-0.022985365241765976,-0.023213282227516174
-0.039303041994571686,-0.039303041994571686,-0.03869810327887535,-0.0372898243367672,-0.03389434888958931,-0.028610192239284515,-0.022345395758748055,-0.014240109361708164,-0.016972746700048447,-0.01933206431567669,-0.022917434573173523,-0.02698473632335663,-0.029340587556362152,-0.029464107006788254,-0.028193041682243347,-0.02693898044526577,-0.025941289961338043,-0.024901868775486946,-0.02357247658073902,-0.022371022030711174,-0.023709282279014587,-0.02324495278298855,-0.024638576433062553,-0.02669404447078705,-0.02778327465057373,-0.027787838131189346,-0.027815215289592743,-0.029808025807142258,-0.03172936290502548,-0.03431413322687149,-0.03825490549206734,-0.04196924716234207,-0.04388594999909401,-0.04227892681956291,-0.04057861492037773,-0.03759331256151199,-0.03326351195573807,-0.028920046985149384,-0.026816241443157196,-0.02597288228571415
-0.040271565318107605,-0.040271565318107605,-0.039438240230083466,-0.03751707077026367,-0.03371672332286835,-0.0302386824041605,-0.0230351984500885,-0.01453363336622715,-0.011885090731084347,-0.012186028063297272,-0.02001464180648327,-0.028371287509799004,-0.033760372549295425,-0.034571677446365356,-0.03190621733665466,-0.030134307220578194,-0.028536846861243248,-0.02672252245247364,-0.024156348779797554,-0.02134936861693859,-0.02208586409687996,-0.022360550239682198,-0.023349078372120857,-0.02505415491759777,-0.027074193581938744,-0.02873886376619339,-0.031164957210421562,-0.03355564922094345,-0.035914309322834015,-0.037385109812021255,-0.03774651512503624,-0.03987400233745575,-0.04166851192712784,-0.04219118505716324,-0.04187462478876114,-0.040539711713790894,-0.037817955017089844,-0.03422827273607254,-0.03209545090794563,-0.032485853880643845
-0.04167455434799194,-0.04167455434799194,-0.04120219498872757,-0.03968672454357147,-0.03722888231277466,-0.034018609672784805,-0.027759110555052757,-0.020584696903824806,-0.013074486516416073,-0.00996639858931303,-0.016507523134350777,-0.025537429377436638,-0.03391672298312187,-0.03775113448500633,-0.03752641752362251,-0.03362838551402092,-0.030985696241259575,-0.028002237901091576,-0.023989129811525345,-0.02003621868789196,-0.020784221589565277,-0.02087325043976307,-0.021710989996790886,-0.023369155824184418,-0.02603497914969921,-0.02993914484977722,-0.032271746546030045,-0.03370846435427666,-0.03551219403743744,-0.03611160069704056,-0.03659772127866745,-0.03806832432746887,-0.03962436690926552,-0.04112430289387703,-0.04166007414460182,-0.04156383126974106,-0.04124249890446663,-0.03935961797833443,-0.03743676096200943,-0.03631439805030823
-0.043769411742687225,-0.043769411742687225,-0.04414285719394684,-0.04455597698688507,-0.0447842963039875,-0.040592920035123825,-0.03571736067533493,-0.027065597474575043,-0.02014179714024067,-0.014102468267083168,-0.013689231127500534,-0.019131630659103394,-0.028318213298916817,-0.03562675043940544,-0.039813268929719925,-0.0387076810002327,-0.035388603806495667,-0.031266942620277405,-0.02392464689910412,-0.019290953874588013,-0.01892630010843277,-0.01920442469418049,-0.020710520446300507,-0.024226441979408264,-0.02735583484172821,-0.030014801770448685,-0.03116615116596222,-0.033185288310050964,-0.034788742661476135,-0.034931279718875885,-0.035023778676986694,-0.0360526405274868,-0.03781069815158844,-0.04161320626735687,-0.04298047348856926,-0.04256414249539375,-0.04173394665122032,-0.04128354415297508,-0.039341703057289124,-0.035897526890039444
-0.04579100012779236,-0.04579100012779236,-0.046897582709789276,-0.048984039574861526,-0.05096573382616043,-0.05102907121181488,-0.04801148548722267,-0.03958640992641449,-0.027903784066438675,-0.021578455343842506,-0.015196344815194607,-0.01569771207869053,-0.022722428664565086,-0.031146958470344543,-0.036121152341365814,-0.03829735517501831,-0.036490168422460556,-0.033932238817214966,-0.029802355915308,-0.024959946051239967,-0.018787765875458717,-0.019153771921992302,-0.022725705057382584,-0.0259638000279665,-0.028900114819407463,-0.02995431050658226,-0.03198017552495003,-0.033592794090509415,-0.034616969525814056,-0.03407926857471466,-0.0344771146774292,-0.037778738886117935,-0.03986780345439911,-0.042021580040454865,-0.04368319362401962,-0.04212037846446037,-0.040647175163030624,-0.04037543013691902,-0.038720931857824326,-0.036518119275569916
-0.04749443009495735,-0.04749443009495735,-0.04871443659067154,-0.050976499915122986,-0.05385121330618858,-0.056798480451107025,-0.05521224066615105,-0.046277862042188644,-0.036447037011384964,-0.02479633502662182,-0.01864987052977085,-0.01779652014374733,-0.02229822613298893,-0.02864597924053669,-0.0325930155813694,-0.03313134238123894,-0.03308756649494171,-0.03219214826822281,-0.03229496255517006,-0.028207195922732353,-0.021374057978391647,-0.023963920772075653,-0.026630807667970657,-0.028293820098042488,-0.03059479594230652,-0.032664354890584946,-0.03459732234477997,-0.03583930805325508,-0.03596999868750572,-0.035724937915802,-0.0381302610039711,-0.0405670627951622,-0.042409930378198624,-0.04225407540798187,-0.04345904290676117,-0.04190802574157715,-0.042178962379693985,-0.04202030971646309,-0.04039252921938896,-0.03816622123122215
-0.04804084822535515,-0.04804084822535515,-0.04876533895730972,-0.050373125821352005,-0.05283960700035095,-0.05446900799870491,-0.0541854202747345,-0.049309078603982925,-0.03830428794026375,-0.026719629764556885,-0.023102302104234695,-0.024443073198199272,-0.02752918191254139,-0.030039090663194656,-0.03120073862373829,-0.03032435104250908,-0.029587892815470695,-0.028903521597385406,-0.027543913573026657,-0.026973001658916473,-0.0267142653465271,-0.028767332434654236,-0.029932891950011253,-0.032054584473371506,-0.03408743441104889,-0.03590640053153038,-0.03709464147686958,-0.03830557316541672,-0.04116462916135788,-0.04136256128549576,-0.04145835340023041,-0.0422312431037426,-0.04366695508360863,-0.04455984756350517,-0.04498972371220589,-0.044029057025909424,-0.04415622353553772,-0.044025253504514694,-0.04247400164604187,-0.03970998898148537
