dougfraga/big_21.json
{"header": {"parameterUnit": "m.s-1", "parameterNumber": 3, "dx": 0.016666000000000736, "dy": 0.016666000000000736, "parameterNumberName": "Northward current", "la1": -22.891645999999998, "la2": -24.0416, "parameterCategory": 2, "lo2": -43.225054, "nx": 95, "ny": 70, "refTime": "2022-12-18 21:00:00", "lo1": -44.79166}, "data":
[rows 36 to 53 of 70, columns 40 to 79 of 95]
0.006386817432940006,0.013146958313882351,0.019078895449638367,0.024096449837088585,0.030435116961598396,0.03097769245505333,0.0302689541131258,0.014495573937892914,0.004450981970876455,-0.0046981507912278175,-0.013256888836622238,-0.02065937966108322,-0.024967586621642113,-0.026645304635167122,-0.027515582740306854,-0.026777062565088272,-0.02513800747692585,-0.023148849606513977,-0.021186916157603264,-0.02148371934890747,-0.021701445803046227,-0.021856656298041344,-0.02228451892733574,-0.022779090330004692,-0.022084781900048256,-0.01955868862569332,-0.014444704167544842,-0.006627339869737625,0.0018479657592251897,0.008694007992744446,0.01327827014029026,0.014111880213022232,0.013038924895226955,0.012711589224636555,0.010861280374228954,0.008493022993206978,0.005433430429548025,0.003013877896592021,0.0019076555036008358,0.002969675464555621
0.010638456791639328,0.010543006472289562,0.019869007170200348,0.026052376255393028,0.02916250377893448,0.02886585332453251,0.02580263465642929,0.013142090290784836,0.0026630109641700983,-0.005851264111697674,-0.013126179575920105,-0.01838010363280773,-0.02269132435321808,-0.025181949138641357,-0.025592369958758354,-0.024513820186257362,-0.02260933816432953,-0.022382637485861778,-0.02090364880859852,-0.020204897969961166,-0.02087458036839962,-0.021604498848319054,-0.02114924229681492,-0.022223275154829025,-0.02250608429312706,-0.02142162062227726,-0.01868850365281105,-0.013380095362663269,-0.0004586716240737587,0.009495282545685768,0.018393805250525475,0.015561586245894432,0.01536391768604517,0.014442697167396545,0.013773993588984013,0.01255885697901249,0.009380807168781757,0.0064626713283360004,0.004527420736849308,0.004425144288688898
0.012701504863798618,0.014252549968659878,0.019527137279510498,0.02418731339275837,0.02437121979892254,0.01928786374628544,0.013774373568594456,0.007069084327667952,0.0001731672527967021,-0.005430757999420166,-0.011272280476987362,-0.016337411478161812,-0.020064974203705788,-0.022006822749972343,-0.022107060998678207,-0.02261880785226822,-0.021454663947224617,-0.020587943494319916,-0.01930193230509758,-0.017070002853870392,-0.017226384952664375,-0.018296027556061745,-0.02019074559211731,-0.022184021770954132,-0.0235538799315691,-0.023973757401108742,-0.023275934159755707,-0.02006925269961357,-0.01177981123328209,-0.0012433977099135518,0.009185985662043095,0.015955109149217606,0.01966257207095623,0.017865346744656563,0.018241623416543007,0.01583315245807171,0.01214725710451603,0.00888319592922926,0.006155884824693203,0.00596283795312047
0.011910814791917801,0.01657586731016636,0.02077711932361126,0.019587092101573944,0.01639271341264248,0.011111689731478691,0.005627775564789772,0.0016708201728761196,-0.0016207140870392323,-0.005239418707787991,-0.009886483661830425,-0.013623985461890697,-0.016079749912023544,-0.018540067598223686,-0.01922076940536499,-0.019199231639504433,-0.018396006897091866,-0.016145672649145126,-0.014828072860836983,-0.013758107088506222,-0.014078290201723576,-0.015622771345078945,-0.01848125457763672,-0.021153099834918976,-0.023163804784417152,-0.02453528344631195,-0.025460679084062576,-0.02521114982664585,-0.02334517054259777,-0.014242001809179783,-0.0021002860739827156,0.014933380298316479,0.01818043366074562,0.021026531234383583,0.02006182260811329,0.01690065674483776,0.012961708940565586,0.008962435647845268,0.005984202027320862,0.006037015933543444
0.013921787962317467,0.014775809831917286,0.018337201327085495,0.015132472850382328,0.010702429339289665,0.00605610478669405,0.0009895943803712726,-0.0016290098428726196,-0.0037032300606369972,-0.005934956017881632,-0.008564960211515427,-0.01084259245544672,-0.013307111337780952,-0.014980959706008434,-0.015814652666449547,-0.014545876532793045,-0.013516782782971859,-0.012383761815726757,-0.01114171463996172,-0.009843512438237667,-0.009691553190350533,-0.011495755985379219,-0.015001515857875347,-0.017974918708205223,-0.019958574324846268,-0.021439140662550926,-0.023952629417181015,-0.023069344460964203,-0.01939351297914982,-0.012221233919262886,-0.002719081938266754,0.00824111420661211,0.01383969560265541,0.01951349526643753,0.018216267228126526,0.013930645771324635,0.00834015104919672,0.002963656559586525,0.00023234357649926096,-0.00026589049957692623
0.014892274513840675,0.013302825391292572,0.012262087315320969,0.009548931382596493,0.005992860998958349,0.0031767934560775757,-0.0009648125269450247,-0.004478088114410639,-0.006214582826942205,-0.0071875061839818954,-0.008346146903932095,-0.01104302890598774,-0.012124973349273205,-0.011974258348345757,-0.012143108993768692,-0.011956445872783661,-0.010960043407976627,-0.009235146455466747,-0.006864182185381651,-0.004946868401020765,-0.0053043002262711525,-0.0076535847038030624,-0.010632297955453396,-0.014878843910992146,-0.017783289775252342,-0.01871698722243309,-0.018566153943538666,-0.01705777458846569,-0.013946251943707466,-0.00916366558521986,-0.003598152892664075,0.0027077565900981426,0.010644005611538887,0.013114766217768192,0.010563750751316547,0.004124268889427185,-0.003196758683770895,-0.008334553800523281,-0.011057158932089806,-0.011595845222473145
0.011811135336756706,0.00971304066479206,0.007189096417278051,0.005585833452641964,0.00303859356790781,5.216970748733729e-05,-0.003644777461886406,-0.00729995546862483,-0.009274372830986977,-0.011746522039175034,-0.012964734807610512,-0.013614315539598465,-0.012561404146254063,-0.012226826511323452,-0.011943205259740353,-0.011392209678888321,-0.009677796624600887,-0.006981430575251579,-0.004134831950068474,-0.003194289980456233,-0.00402182387188077,-0.005080212838947773,-0.007353740278631449,-0.009913934394717216,-0.012485186569392681,-0.013132800348103046,-0.011034834198653698,-0.009688518941402435,-0.007381292060017586,-0.00351402023807168,0.00018423356232233346,0.0026873706374317408,0.003893515095114708,0.0020650364458560944,-0.0019804213661700487,-0.008946556597948074,-0.014700856059789658,-0.018336128443479538,-0.02035527117550373,-0.019892534241080284
0.00697528850287199,0.006112881004810333,0.004032630007714033,0.0020119387190788984,-0.0004294607788324356,-0.0030667923856526613,-0.006700869183987379,-0.011919798329472542,-0.014454198069870472,-0.015897659584879875,-0.01663663052022457,-0.01531234011054039,-0.014472695998847485,-0.013654702343046665,-0.01241427194327116,-0.010650300420820713,-0.008082090876996517,-0.005768174771219492,-0.004942715633660555,-0.004120189696550369,-0.002141118049621582,-0.0017617938574403524,-0.0019251772901043296,-0.0024153036065399647,-0.0040507568046450615,-0.005033677909523249,-0.0049352096393704414,-0.004159526899456978,-0.0027049523778259754,-0.0008353228331543505,-0.0008835242479108274,-0.002139099407941103,-0.004886218346655369,-0.010049914941191673,-0.014661239460110664,-0.019285183399915695,-0.021883636713027954,-0.023047221824526787,-0.023079317063093185,-0.0225321464240551
0.00194440851919353,0.0015250911237671971,0.00026407797122374177,-0.001358840032480657,-0.0034973029978573322,-0.007630505133420229,-0.011840484105050564,-0.015355111099779606,-0.01738918572664261,-0.016690222546458244,-0.016386663541197777,-0.01594841107726097,-0.015052475035190582,-0.01362695824354887,-0.011603719554841518,-0.008979961276054382,-0.005985999014228582,0.0006134763825684786,-0.004945405758917332,-0.0014559893170371652,0.001790378475561738,0.003812745912000537,0.004543652758002281,0.0025916919112205505,0.0003234097675886005,-0.0012283272808417678,-0.001623053103685379,-0.0017771597485989332,-0.0021807115990668535,-0.003429560223594308,-0.006819357164204121,-0.01138293743133545,-0.015305598266422749,-0.01971817947924137,-0.023335210978984833,-0.024769732728600502,-0.025062570348381996,-0.023984406143426895,-0.022640205919742584,-0.022572185844182968
-0.0051282295025885105,-0.004927478730678558,-0.0049851094372570515,-0.005403565708547831,-0.008214559406042099,-0.011764776892960072,-0.015005664899945259,-0.01583172008395195,-0.016848532482981682,-0.01705063134431839,-0.016517238691449165,-0.015630634501576424,-0.014377797953784466,-0.012501711025834084,-0.010246200487017632,-0.007891022600233555,-0.007309508044272661,-0.004663817584514618,-0.0005214589764364064,0.004523579962551594,0.008943459019064903,0.010285858064889908,0.007534402422606945,0.0038280454464256763,0.0002918654936365783,-0.002469827886670828,-0.004139683675020933,-0.006000930909067392,-0.009000019170343876,-0.012123999185860157,-0.01564442552626133,-0.0200815387070179,-0.023020995780825615,-0.02473691664636135,-0.0258683729916811,-0.025442136451601982,-0.02447396330535412,-0.02312786877155304,-0.02172246389091015,-0.021252375096082687
-0.013143724761903286,-0.012046582996845245,-0.010899358429014683,-0.011711805127561092,-0.012862651608884335,-0.01366337575018406,-0.015349581837654114,-0.01676272600889206,-0.017214098945260048,-0.016975190490484238,-0.016115808859467506,-0.014937871135771275,-0.013529208488762379,-0.011842992156744003,-0.00964086502790451,-0.0073988731019198895,-0.007313780020922422,-0.006670922506600618,0.006520972121506929,0.013384643942117691,0.017108101397752762,0.013869894668459892,0.006904885172843933,0.0008666093926876783,-0.004569373559206724,-0.008507178165018559,-0.011438155546784401,-0.014341536909341812,-0.017426880076527596,-0.01969599351286888,-0.0220660213381052,-0.024109764024615288,-0.025317830964922905,-0.025388682261109352,-0.024474548175930977,-0.02352805808186531,-0.02260659448802471,-0.021458229050040245,-0.020167117938399315,-0.01945183053612709
-0.019573194906115532,-0.019427021965384483,-0.01828712224960327,-0.01760895736515522,-0.016067640855908394,-0.015937650576233864,-0.016940094530582428,-0.018205910921096802,-0.0183345265686512,-0.01747000589966774,-0.016187768429517746,-0.014656363986432552,-0.013230832293629646,-0.011937964707612991,-0.009890911169350147,-0.006562614813446999,-0.001887299818918109,0.004935467150062323,0.013988178223371506,0.020691372454166412,0.02017023414373398,0.01335148699581623,0.003976734355092049,-0.003406939562410116,-0.00902347732335329,-0.01333005353808403,-0.016322633251547813,-0.018664387986063957,-0.02041723020374775,-0.0211782306432724,-0.022360553964972496,-0.02283397503197193,-0.023198693990707397,-0.02277405932545662,-0.02172533981502056,-0.020707475021481514,-0.02018158882856369,-0.019183596596121788,-0.01809128373861313,-0.01807291992008686
-0.026202509179711342,-0.025070099160075188,-0.023711176589131355,-0.020963015034794807,-0.01951315626502037,-0.018649522215127945,-0.018747135996818542,-0.019252834841609,-0.01888977736234665,-0.017727915197610855,-0.016257978975772858,-0.014676295220851898,-0.013258072547614574,-0.011611481197178364,-0.009707230143249035,-0.0062327915802598,0.0020631488878279924,0.00926001276820898,0.01741843670606613,0.01998099312186241,0.01744455099105835,0.009424559772014618,0.0010280297137796879,-0.005431218072772026,-0.009726678021252155,-0.012959085404872894,-0.014905165880918503,-0.016180044040083885,-0.017393968999385834,-0.01837059296667576,-0.01846100576221943,-0.018294494599103928,-0.018580403178930283,-0.018175676465034485,-0.017581159248948097,-0.016849743202328682,-0.016315344721078873,-0.015987282618880272,-0.015864180400967598,-0.01683243364095688
-0.03093520738184452,-0.02808942086994648,-0.02592374198138714,-0.0239521823823452,-0.022342396900057793,-0.02105167880654335,-0.020192204043269157,-0.01942719705402851,-0.018126225098967552,-0.016573555767536163,-0.015477280132472515,-0.014760991558432579,-0.013639767654240131,-0.012107846327126026,-0.010169053450226784,-0.008648914285004139,-0.0011797486804425716,0.008596357889473438,0.013875983655452728,0.013850221410393715,0.010702176950871944,0.004940359853208065,-0.00029811973217874765,-0.004666569642722607,-0.007401898503303528,-0.008893655613064766,-0.009653285145759583,-0.009870929643511772,-0.010858132503926754,-0.012255176901817322,-0.01232510432600975,-0.012439119629561901,-0.01289032120257616,-0.013121366500854492,-0.012648873962461948,-0.011883001774549484,-0.011454882100224495,-0.011897608637809753,-0.013724435120821,-0.015368936583399773
-0.034050170332193375,-0.03243247792124748,-0.030398836359381676,-0.028224337846040726,-0.025871066376566887,-0.023557037115097046,-0.021303771063685417,-0.019074158743023872,-0.0165835190564394,-0.014886640012264252,-0.01492789201438427,-0.017404677346348763,-0.017893698066473007,-0.017778676003217697,-0.015719471499323845,-0.011420758441090584,-0.0060579837299883366,0.002059673424810171,0.005774869583547115,0.0055747264996171,0.00384981045499444,0.002038683043792844,0.00015378525131382048,-0.0018201378406956792,-0.003234164323657751,-0.0031765345484018326,-0.0030548919457942247,-0.0030523433815687895,-0.003994941245764494,-0.004727103281766176,-0.005283263511955738,-0.00600483687594533,-0.006867561023682356,-0.007906267419457436,-0.007376078516244888,-0.006332319229841232,-0.005699241533875465,-0.006438772194087505,-0.00896594487130642,-0.011281839571893215
-0.040637705475091934,-0.03970218077301979,-0.03777635842561722,-0.03502940759062767,-0.031506992876529694,-0.027268778532743454,-0.022806696593761444,-0.01874074898660183,-0.015616390854120255,-0.014212979935109615,-0.017011957243084908,-0.018743883818387985,-0.021623840555548668,-0.02328716777265072,-0.021890055388212204,-0.016133248805999756,-0.011393356136977673,-0.00666813226416707,-0.003411387326195836,-0.0020202843006700277,-0.0009454888058826327,0.00019281536515336484,0.0008296995656564832,0.0012625925010070205,0.0013542859815061092,0.002703204983845353,0.003321575466543436,0.003087438177317381,0.002784998156130314,0.002305950503796339,0.0012070699594914913,0.00011208180512767285,-0.0012038126587867737,-0.002444630488753319,-0.002157193375751376,-0.0009402723517268896,4.603018533089198e-05,-0.0005994606763124466,-0.002594293560832739,-0.004661222454160452
-0.04784323647618294,-0.046983666718006134,-0.0447092242538929,-0.0410628505051136,-0.03665740787982941,-0.03104456700384617,-0.02513282187283039,-0.019919147714972496,-0.016002338379621506,-0.013344396837055683,-0.016398724168539047,-0.01754864677786827,-0.022842323407530785,-0.0258952546864748,-0.025379570201039314,-0.022835584357380867,-0.018766196444630623,-0.014556465670466423,-0.010423610918223858,-0.006906252820044756,-0.003964642528444529,-0.0017066922737285495,0.0007671641069464386,0.0033969951327890158,0.005995736923068762,0.007411668077111244,0.008208228275179863,0.00823572650551796,0.008436230942606926,0.007654685992747545,0.006485112942755222,0.005336509086191654,0.0039754281751811504,0.002799086272716522,0.0029141842387616634,0.00423454400151968,0.005355997011065483,0.005112478043884039,0.004306765738874674,-0.0030370166059583426
-0.05196210369467735,-0.050661489367485046,-0.04812249541282654,-0.044365473091602325,-0.04169132933020592,-0.03607051074504852,-0.02945384755730629,-0.02360207960009575,-0.016248421743512154,-0.01102596428245306,-0.0117861432954669,-0.016215642914175987,-0.024006713181734085,-0.028719879686832428,-0.029034296050667763,-0.027428237721323967,-0.023930633440613747,-0.019886469468474388,-0.015130482614040375,-0.01037626527249813,-0.006418442819267511,-0.003592507913708687,-1.3600953025161289e-05,0.002959668170660734,0.007345150224864483,0.009562544524669647,0.010944560170173645,0.011431289836764336,0.011493982747197151,0.01078352052718401,0.009996834211051464,0.009152966551482677,0.008044987916946411,0.006982165388762951,0.007327014580368996,0.009196029044687748,0.010910285636782646,0.011617203243076801,0.014279114082455635,0.003778842743486166
