dougfraga/big_10.json
{"header": {"parameterUnit": "m.s-1", "parameterNumber": 3, "dx": 0.016666000000000736, "dy": 0.016666000000000736, "parameterNumberName": "Northward current", "la1": -22.891645999999998, "la2": -24.0416, "parameterCategory": 2, "lo2": -43.225054, "nx": 95, "ny": 70, "refTime": "2022-12-18 10:00:00", "lo1": -44.79166}, "data":
[rows 36 to 53 of 70, columns 0 to 40 of 95]
-0.022517042234539986,-0.022517042234539986,-0.022442514076828957,-0.022296862676739693,-0.021013425663113594,-0.019271913915872574,-0.01680523343384266,-0.01410618145018816,-0.013306519016623497,-0.012718827463686466,-0.012318778783082962,-0.010656802915036678,-0.010794195346534252,-0.010925414972007275,-0.011433711275458336,-0.012464302591979504,-0.014006821438670158,-0.015550849959254265,-0.016274724155664444,-0.01847425103187561,-0.01582021266222,-0.01167601440101862,-0.005721105728298426,0.001246339874342084,0.008934774436056614,0.01403979491442442,0.01383864413946867,0.013371288776397705,0.010390117764472961,0.00686231441795826,0.0032967235893011093,5.789080023532733e-05,-0.004056076519191265,-0.003101982641965151,0.0006305073038674891,0.006058244500309229,0.009620679542422295,0.012257124297320843,0.009130279533565044,0.0065726060420274734,0.006139607168734074
-0.01745319366455078,-0.01745319366455078,-0.017809629440307617,-0.01797650381922722,-0.016998719424009323,-0.01572350040078163,-0.014376947656273842,-0.014480067417025566,-0.014463293366134167,-0.014324545860290527,-0.012653396464884281,-0.011704055592417717,-0.01035509817302227,-0.009939082898199558,-0.009808764792978764,-0.009884553030133247,-0.0107908109202981,-0.011276678182184696,-0.014607824385166168,-0.01606929674744606,-0.015137894079089165,-0.012162480503320694,-0.009093471802771091,-0.0028223549015820026,0.004849801305681467,0.010548255406320095,0.014720107428729534,0.01422677468508482,0.012398377060890198,0.008700315840542316,0.0032496012281626463,-0.0015982871409505606,-0.006501446012407541,-0.004896142520010471,-0.0019182917894795537,0.005321035627275705,0.013478671200573444,0.01613769680261612,0.015133984386920929,0.009646675549447536,0.012623058632016182
-0.012200381606817245,-0.012200381606817245,-0.012098703533411026,-0.012281849049031734,-0.01247452013194561,-0.012834170833230019,-0.014145244844257832,-0.015020863153040409,-0.014797482639551163,-0.015366684645414352,-0.013914503157138824,-0.010860059410333633,-0.008219541981816292,-0.008454729802906513,-0.008210905827581882,-0.006658722180873156,-0.005268346983939409,-0.005403574556112289,-0.009925086051225662,-0.00911775790154934,-0.011675608344376087,-0.008964375592768192,-0.005792337004095316,-0.00281006982550025,0.002634703414514661,0.010259285569190979,0.017106644809246063,0.015283285640180111,0.014279602095484734,0.010190903209149837,0.0027170954272150993,-0.004144688136875629,-0.009457328356802464,-0.007823255844414234,-0.0022838006261736155,0.0024622923228889704,0.01133355125784874,0.014370770193636417,0.014518740586936474,0.014910264872014523,0.019292494282126427
-0.007393369916826487,-0.007393369916826487,-0.006664718966931105,-0.006500591989606619,-0.007201687898486853,-0.009160956367850304,-0.01244653295725584,-0.01403733715415001,-0.01650366000831127,-0.017618225887417793,-0.012774842791259289,-0.010687507688999176,-0.004455333109945059,-0.002222345909103751,-0.005001304671168327,-0.002472092630341649,0.0008122766157612205,0.0018801833502948284,0.0003052079991903156,-0.0012530166422948241,-0.006570178549736738,-0.007155627943575382,-0.00550551014021039,-0.004590971861034632,-0.0011113003129139543,0.007604856044054031,0.016571970656514168,0.019002266228199005,0.022043555974960327,0.01396486721932888,0.005120371002703905,-0.005036606453359127,-0.013745835050940514,-0.013287360779941082,-0.004814896732568741,-0.0026150578632950783,0.0030647129751741886,0.010466608218848705,0.014932054094970226,0.02307591773569584,0.023403896018862724
-0.004084449727088213,-0.004084449727088213,-0.002886593108996749,-0.0022763072047382593,-0.002863124245777726,-0.004034200217574835,-0.007092002779245377,-0.011413482017815113,-0.016726268455386162,-0.020560598000884056,-0.0192254725843668,-0.011283979751169682,-0.006041309330612421,-0.0010150078451260924,0.0018327098805457354,0.0034292780328541994,0.006058547180145979,0.008607855066657066,0.009826921857893467,0.007339073345065117,0.0019979916978627443,-0.003012873465195298,-0.005847600754350424,-0.00508422264829278,-0.0028375827241688967,0.00297837657853961,0.01169947162270546,0.01981184259057045,0.02358296699821949,0.01972423866391182,0.011101284064352512,-0.0049560884945094585,-0.01675833947956562,-0.017777007073163986,-0.00799548625946045,-0.002821456640958786,0.0019855089485645294,0.011184871196746826,0.02496926672756672,0.029316507279872894,0.02818075567483902
-0.0026535873766988516,-0.0026535873766988516,-0.0005848163273185492,0.0019337879493832588,0.0019015122670680285,0.0009407559409737587,-0.00021065244800411165,-0.005543962121009827,-0.013703742995858192,-0.021358808502554893,-0.026217516511678696,-0.019525285810232162,-0.013541540130972862,-0.004231924656778574,0.005507888738065958,0.007225587032735348,0.009738202206790447,0.013797836378216743,0.01618986763060093,0.01340465433895588,0.007824564352631569,0.0021527616772800684,-0.002751822816208005,-0.005665379576385021,-0.0018841291312128305,-0.0009196765604428947,0.005154039710760117,0.01718268357217312,0.019928524270653725,0.023107271641492844,0.015614381060004234,-0.0018418472027406096,-0.01606963761150837,-0.01902272365987301,-0.011365935206413269,-0.003264203667640686,0.0059492262080311775,0.02009885013103485,0.029651375487446785,0.032111652195453644,0.03152916207909584
-0.0032827204558998346,-0.0032827204558998346,-0.0009548619855195284,0.003223884617909789,0.005307945888489485,0.006241916678845882,0.007768150418996811,0.0006253687897697091,-0.008322575129568577,-0.016825972124934196,-0.022708648815751076,-0.024231554940342903,-0.016497643664479256,-0.0051302481442689896,0.0032254548277705908,0.007743366993963718,0.011953206732869148,0.016630638390779495,0.019170857965946198,0.01703258790075779,0.011498616077005863,0.004327557049691677,-0.0042036729864776134,-0.008176079019904137,-0.003708450123667717,-0.002576192608103156,0.0016059839399531484,0.013071621768176556,0.018846984952688217,0.022306598722934723,0.01635829545557499,0.0011293760035187006,-0.01359913032501936,-0.015663743019104004,-0.011989401653409004,-0.0019764082971960306,0.008011657744646072,0.022989068180322647,0.03108113817870617,0.03464158996939659,0.031688008457422256
-0.00547798303887248,-0.00547798303887248,-0.004663040861487389,-0.0005972567014396191,0.0050263856537640095,0.008474196307361126,0.011144427582621574,0.00478752376511693,-0.0032553665805608034,-0.010842446237802505,-0.016394134610891342,-0.01633385941386223,-0.012306232005357742,-0.0060864584520459175,0.0006379344849847257,0.005065474193543196,0.008641265332698822,0.013320866972208023,0.02036796696484089,0.019401729106903076,0.01711154542863369,0.008345585316419601,-0.004752417095005512,-0.009737414307892323,-0.010484933853149414,-0.004738596733659506,0.0026182979345321655,0.011635147966444492,0.01737404614686966,0.01834823749959469,0.01429559476673603,0.002828562632203102,-0.011375248432159424,-0.014596568420529366,-0.010094505734741688,0.0004900228232145309,0.013070971705019474,0.023214519023895264,0.03086552768945694,0.03279674053192139,0.03156890720129013
-0.007554665207862854,-0.007554665207862854,-0.0076623461209237576,-0.005577495787292719,0.001229672459885478,0.0072615258395671844,0.010290369391441345,0.007573656737804413,0.0005934759974479675,-0.007515263743698597,-0.011278810910880566,-0.012975535355508327,-0.008854669518768787,-0.003008814761415124,0.001790651585906744,0.004355735145509243,0.006588985677808523,0.010911182500422001,0.018558738753199577,0.01842084713280201,0.01806134171783924,0.012399109080433846,0.0007569144363515079,-0.0069375368766486645,-0.010421412996947765,-0.006056753918528557,0.000838941487018019,0.008661757223308086,0.014414726756513119,0.01552625186741352,0.01172284223139286,0.004275083541870117,-0.006649668328464031,-0.011297240853309631,-0.006050334312021732,0.004304044879972935,0.01619015261530876,0.024147024378180504,0.028372254222631454,0.029626470059156418,0.03067568689584732
-0.009721779264509678,-0.009721779264509678,-0.00939136277884245,-0.007849025540053844,-0.0019298563711345196,0.006460245233029127,0.01090793963521719,0.010659494437277317,0.00503849470987916,-0.005282018333673477,-0.010570015758275986,-0.01024750154465437,-0.005895913578569889,0.0014953367644920945,0.006374280899763107,0.008444658480584621,0.009968365542590618,0.012612797319889069,0.015413695015013218,0.015342891216278076,0.014322088100016117,0.010762220248579979,0.006413630675524473,-9.13983749342151e-05,-0.0033225559163838625,-0.002311111195012927,0.0005808293935842812,0.004590937402099371,0.010300643742084503,0.014437491074204445,0.012459209188818932,0.008328823372721672,0.0031378644052892923,-0.0007609595777466893,0.0020924268756061792,0.009358718059957027,0.017020585015416145,0.02170625701546669,0.025274645537137985,0.025754477828741074,0.025943251326680183
-0.011037308722734451,-0.011037308722734451,-0.010357835330069065,-0.007782279048115015,-0.0022107078693807125,0.006492475047707558,0.0129151726141572,0.015586378052830696,0.010532903485000134,0.0002866502618417144,-0.007628959603607655,-0.0060155657120049,-0.0022789498325437307,0.0041084131225943565,0.009036017581820488,0.011010193265974522,0.011679395101964474,0.012458899058401585,0.013722307048738003,0.013896377757191658,0.013584461063146591,0.012613195925951004,0.011181178502738476,0.006690628826618195,0.003849571570754051,0.003409347962588072,0.004208600614219904,0.007180432789027691,0.011377309449017048,0.014283966273069382,0.013053486123681068,0.012057227082550526,0.010894368402659893,0.009073274210095406,0.009244387969374657,0.0119254095479846,0.01638556458055973,0.01792728155851364,0.01933443546295166,0.019920751452445984,0.02018756978213787
-0.010771079920232296,-0.010771079920232296,-0.009979254566133022,-0.007304842583835125,-0.001734193996526301,0.007384843192994595,0.01648372784256935,0.024241328239440918,0.01721547544002533,0.008605863898992538,0.0005932115600444376,-0.002296609105542302,-0.0004672521026805043,0.004625516477972269,0.009077215567231178,0.011360892094671726,0.011992682702839375,0.011990058235824108,0.013136573135852814,0.014168690890073776,0.01486029103398323,0.01637493260204792,0.015936963260173798,0.013436224311590195,0.010732910595834255,0.009662970900535583,0.009096563793718815,0.008584891445934772,0.011106076650321484,0.013670243322849274,0.014711516909301281,0.014827365055680275,0.015409222804009914,0.01590481959283352,0.014672577381134033,0.013860717415809631,0.013640589080750942,0.012759053148329258,0.013777537271380424,0.015857933089137077,0.0174802765250206
-0.010166307911276817,-0.010166307911276817,-0.00886104442179203,-0.005592405330389738,0.0003774067445192486,0.007928606122732162,0.019271302968263626,0.02950107492506504,0.028730228543281555,0.02207367494702339,0.009301962330937386,0.0006073830300010741,-0.0013727343175560236,0.0021354351192712784,0.008174439892172813,0.011020760983228683,0.012120571918785572,0.012617303058505058,0.013991903513669968,0.015536128543317318,0.016385309398174286,0.018230238929390907,0.019727757200598717,0.019363071769475937,0.01682017743587494,0.015158607624471188,0.012191740795969963,0.010792450048029423,0.010963844135403633,0.012546977028250694,0.01589149236679077,0.01743578538298607,0.018902765586972237,0.018531495705246925,0.016774805262684822,0.014337458647787571,0.012156744487583637,0.01103459857404232,0.012029343284666538,0.012905077077448368,0.015245688147842884
-0.01035727933049202,-0.01035727933049202,-0.008861100301146507,-0.005629852879792452,0.0002205793425673619,0.0066271210089325905,0.017448794096708298,0.027393998578190804,0.03470810502767563,0.03251901641488075,0.02004244364798069,0.00796485971659422,0.0008717356831766665,-8.763106598053128e-05,0.004408787004649639,0.010984747670590878,0.014087890274822712,0.015059897676110268,0.0166750717908144,0.018674876540899277,0.018501048907637596,0.020174918696284294,0.021415354683995247,0.022236602380871773,0.020113352686166763,0.01687662862241268,0.014508981257677078,0.014141665771603584,0.013261227868497372,0.013599271886050701,0.015125378035008907,0.016844701021909714,0.018667900934815407,0.018848683685064316,0.017676105722784996,0.014887739904224873,0.010205618105828762,0.008491449989378452,0.009372427128255367,0.011433105915784836,0.014206874184310436
-0.011587736196815968,-0.011587736196815968,-0.01097269169986248,-0.009448251686990261,-0.005993268918246031,0.002176126232370734,0.011322434060275555,0.022847197949886322,0.03139294311404228,0.03440992161631584,0.029312776401638985,0.019300395622849464,0.009175592102110386,0.0029163225553929806,0.0019365851767361164,0.00674769002944231,0.01149480789899826,0.013509592041373253,0.01940051093697548,0.023727677762508392,0.02275208570063114,0.021985724568367004,0.021243102848529816,0.019693711772561073,0.018380822613835335,0.01685459539294243,0.016890674829483032,0.016019990667700768,0.014729561284184456,0.014411983080208302,0.014946402050554752,0.016317207366228104,0.017074542120099068,0.015182489529252052,0.013890167698264122,0.01158095058053732,0.0076054357923567295,0.004860063549131155,0.006104310043156147,0.010769596323370934,0.014223934151232243
-0.0128350630402565,-0.0128350630402565,-0.013473328202962875,-0.014074739068746567,-0.013938913121819496,-0.009567717090249062,-0.002305280650034547,0.00992470234632492,0.02427413873374462,0.027475791051983833,0.03135775029659271,0.02708163671195507,0.018672656267881393,0.01034211553633213,0.0059762694872915745,0.004210250917822123,0.006137639284133911,0.007088758982717991,0.011522101238369942,0.018552659079432487,0.02410084567964077,0.02294175513088703,0.01976323500275612,0.01740596629679203,0.016787856817245483,0.01777590811252594,0.017947230488061905,0.01719130575656891,0.016379211097955704,0.016589242964982986,0.016663964837789536,0.015043164603412151,0.014065432362258434,0.012318216264247894,0.010074995458126068,0.007861975580453873,0.0055096084251999855,0.003958459477871656,0.006172371096909046,0.01018279418349266,0.013193946331739426
-0.013815806247293949,-0.013815806247293949,-0.015129836276173592,-0.017108088359236717,-0.01904463768005371,-0.0194646418094635,-0.013787479139864445,6.837416731286794e-05,0.012630283832550049,0.021143173798918724,0.029742011800408363,0.029484109953045845,0.02458418905735016,0.01750035770237446,0.011932747438549995,0.008417943492531776,0.0061274743638932705,0.003950710408389568,0.004024071153253317,0.01147247664630413,0.021899571642279625,0.02107684127986431,0.01924031227827072,0.019060282036662102,0.018899932503700256,0.019078252837061882,0.019262734800577164,0.018483946099877357,0.019807705655694008,0.01995062083005905,0.01761481910943985,0.016089314594864845,0.014009579084813595,0.01366142462939024,0.011147839017212391,0.007499000523239374,0.003890387713909149,0.005132000893354416,0.00937646720558405,0.013292759656906128,0.014709800481796265
-0.013881334103643894,-0.013881334103643894,-0.014897756278514862,-0.017034707590937614,-0.019395260140299797,-0.0197562575340271,-0.016486722975969315,-0.006637697108089924,0.006036507431417704,0.01832539588212967,0.026528548449277878,0.026366570964455605,0.02360581047832966,0.019672462716698647,0.016146060079336166,0.013936776667833328,0.011003571562469006,0.007694047875702381,0.00870188232511282,0.011702910996973515,0.017309175804257393,0.0189321618527174,0.01989556849002838,0.020671548321843147,0.020676353946328163,0.021267108619213104,0.022910069674253464,0.02234269492328167,0.02167079970240593,0.020465580746531487,0.02024061232805252,0.0203993022441864,0.017909932881593704,0.015500151552259922,0.012299166060984135,0.0074063451029360294,0.005637553986161947,0.009258941747248173,0.014381459914147854,0.01776699349284172,0.017778120934963226
