dougfraga/big_12.json
{"header": {"parameterUnit": "m.s-1", "parameterNumber": 2, "dx": 0.016666000000000736, "dy": 0.016666000000000736, "parameterNumberName": "Eastward current", "la1": -22.891645999999998, "la2": -24.0416, "parameterCategory": 2, "lo2": -43.225054, "nx": 95, "ny": 70, "refTime": "2022-12-18 12:00:00", "lo1": -44.79166}, "data":
[rows 38 to 56 of 70, columns 0 to 41 of 95]
0.11736633628606796,0.11934307962656021,0.12258012592792511,0.1240745261311531,0.12402889877557755,0.12334781885147095,0.12243210524320602,0.11957580596208572,0.116328164935112,0.11516740173101425,0.11442261189222336,0.1140892431139946,0.11436335742473602,0.11436168104410172,0.114159494638443,0.11409690231084824,0.11356613785028458,0.11563540250062943,0.11607929319143295,0.11137375980615616,0.10888000577688217,0.1096772700548172,0.10688813030719757,0.10161684453487396,0.1007145345211029,0.10066651552915573,0.09908192604780197,0.09725642204284668,0.09538505971431732,0.09351783245801926,0.08959989994764328,0.08368893712759018,0.07765262573957443,0.07704741507768631,0.0806688517332077,0.08749591559171677,0.09772786498069763,0.10375060141086578,0.1077505424618721,0.10649719089269638,0.10592006891965866,0.10558831691741943
0.11441344022750854,0.11628205329179764,0.11987444758415222,0.1221700981259346,0.12269672006368637,0.12179625779390335,0.11799374222755432,0.11275838315486908,0.1093660518527031,0.10767870396375656,0.10769395530223846,0.1101667732000351,0.11355434358119965,0.11414589732885361,0.1119500994682312,0.1106618121266365,0.11102186888456345,0.11501985043287277,0.11409522593021393,0.10909067839384079,0.1053481176495552,0.10072291642427444,0.09788621217012405,0.09501857310533524,0.0932440310716629,0.093081034719944,0.09827005118131638,0.09983910620212555,0.09570904821157455,0.09309746325016022,0.0867784172296524,0.07902733981609344,0.07351896911859512,0.07492673397064209,0.0851280614733696,0.09428741037845612,0.10439512878656387,0.116542749106884,0.11719653755426407,0.10915620625019073,0.1039167046546936,0.10214302688837051
0.111415334045887,0.1130000576376915,0.11728762835264206,0.12116583436727524,0.1221810132265091,0.12061796337366104,0.11455832421779633,0.10661463439464569,0.10177063196897507,0.09900821000337601,0.10385246574878693,0.10799117386341095,0.11005131155252457,0.1162872314453125,0.11216135323047638,0.10592930763959885,0.10743348300457001,0.11217345297336578,0.10975120961666107,0.10344427824020386,0.09803009778261185,0.09076900780200958,0.08613037317991257,0.08465372771024704,0.08672348409891129,0.08982431143522263,0.09749851375818253,0.09865575283765793,0.09876381605863571,0.09670989215373993,0.08461584895849228,0.07606085389852524,0.07204455882310867,0.076605424284935,0.09232915937900543,0.10765329003334045,0.11742130666971207,0.12307111918926239,0.11872337013483047,0.11061865836381912,0.1027778685092926,0.09495975077152252
0.10546821355819702,0.10771737992763519,0.1139165386557579,0.11997458338737488,0.12141565978527069,0.11922243982553482,0.1121545061469078,0.10253024846315384,0.09713471680879593,0.09697923064231873,0.09814044833183289,0.10491105914115906,0.11423492431640625,0.11448954045772552,0.10860329866409302,0.1046660989522934,0.10518258064985275,0.10851500928401947,0.10526275634765625,0.09773842990398407,0.0897483229637146,0.07899796217679977,0.07403072714805603,0.07775954157114029,0.08450764417648315,0.089819997549057,0.09992483258247375,0.10371671617031097,0.1002732440829277,0.09541156142950058,0.08762793242931366,0.0792413055896759,0.07400832325220108,0.08047199249267578,0.09951985627412796,0.11607152223587036,0.12343113124370575,0.12340383231639862,0.11709650605916977,0.10838216543197632,0.09778358787298203,0.09019286185503006
0.10143033415079117,0.10306651890277863,0.10943867266178131,0.11913592368364334,0.12334156781435013,0.11885647475719452,0.11062661558389664,0.1019897535443306,0.09609146416187286,0.09576060622930527,0.09996800124645233,0.10546985268592834,0.11000625789165497,0.11094094067811966,0.10781198740005493,0.10438712686300278,0.1033439189195633,0.1058666780591011,0.10194598138332367,0.09286510199308395,0.08230745792388916,0.0706668496131897,0.06863829493522644,0.07351686805486679,0.08612795919179916,0.09759528934955597,0.10116621851921082,0.10385442525148392,0.10387979447841644,0.09904688596725464,0.09231258928775787,0.08384999632835388,0.07970214635133743,0.08862582594156265,0.10583377629518509,0.12016791850328445,0.12318145483732224,0.12142490595579147,0.11521075665950775,0.10400789976119995,0.09578265994787216,0.0894026905298233
0.09849804639816284,0.09961944818496704,0.10524579882621765,0.11595821380615234,0.12193536758422852,0.1181449443101883,0.11385239660739899,0.10605113953351974,0.0964064821600914,0.09506780654191971,0.09884132444858551,0.10351501405239105,0.10667097568511963,0.10693184286355972,0.1048063337802887,0.10265277326107025,0.10243261605501175,0.10493487864732742,0.09941921383142471,0.08975015580654144,0.08134715259075165,0.07362659275531769,0.07304999232292175,0.07734169811010361,0.08894126117229462,0.10006310045719147,0.1045575886964798,0.1063067764043808,0.10489488393068314,0.10117530077695847,0.09760282933712006,0.09077658504247665,0.08712276071310043,0.09785657376050949,0.11246872693300247,0.12253148853778839,0.12349141389131546,0.1164802610874176,0.10813388973474503,0.10020309686660767,0.09255733340978622,0.0854092687368393
0.09723164141178131,0.0980721116065979,0.10141714662313461,0.10978370159864426,0.11864949017763138,0.11811240762472153,0.11533855646848679,0.10855469107627869,0.09723755717277527,0.09455031901597977,0.09782857447862625,0.10174595564603806,0.10519251227378845,0.10551994293928146,0.10369860380887985,0.1028234213590622,0.10184609889984131,0.09972735494375229,0.09385610371828079,0.08668766915798187,0.0825447142124176,0.08310074359178543,0.08368445187807083,0.0860033631324768,0.0936250165104866,0.09981071949005127,0.10249526798725128,0.10597171634435654,0.10895565152168274,0.10494598001241684,0.09868001937866211,0.09471570700407028,0.0949554443359375,0.10175153613090515,0.11027096956968307,0.11559010297060013,0.11521051824092865,0.11076271533966064,0.10294660180807114,0.09384117275476456,0.08683738857507706,0.08133584260940552
0.09366115927696228,0.09509893506765366,0.09901241213083267,0.10472532361745834,0.11158915609121323,0.11503013223409653,0.11630506813526154,0.11034435033798218,0.09923284500837326,0.09481466561555862,0.09856808930635452,0.10191386193037033,0.10153903812170029,0.10208255052566528,0.10129372030496597,0.09941621124744415,0.09690243005752563,0.09428270161151886,0.090744249522686,0.08756466209888458,0.08714096993207932,0.09019482880830765,0.09130348265171051,0.09218761324882507,0.09660892933607101,0.10035189986228943,0.10312627255916595,0.10542961955070496,0.10572819411754608,0.10285545885562897,0.09902358055114746,0.09698747098445892,0.0979984700679779,0.10148198902606964,0.10593400150537491,0.10987027734518051,0.10861419886350632,0.10221567749977112,0.0944438949227333,0.08651098608970642,0.0805206373333931,0.07644190639257431
0.09247278422117233,0.09306040406227112,0.0950949415564537,0.09929847717285156,0.10584111511707306,0.11174819618463516,0.11606606096029282,0.11157563328742981,0.10216660797595978,0.0974077358841896,0.096486397087574,0.09801848232746124,0.09852081537246704,0.09839247167110443,0.09741952270269394,0.09498456865549088,0.09183423221111298,0.08962444216012955,0.08850986510515213,0.08903901278972626,0.09249026328325272,0.09448809921741486,0.09425104409456253,0.09532254934310913,0.09735724329948425,0.0995582863688469,0.10104753822088242,0.10212060064077377,0.10210804641246796,0.1006743535399437,0.09907828271389008,0.09898354858160019,0.10150846093893051,0.1025649681687355,0.10212384164333344,0.10196691006422043,0.09853832423686981,0.0919436439871788,0.0851329043507576,0.07961830496788025,0.07586519420146942,0.07345259189605713
0.09169751405715942,0.09154228121042252,0.09214723855257034,0.0947769433259964,0.10020754486322403,0.10800264775753021,0.11525621265172958,0.11337776482105255,0.1045716181397438,0.09720991551876068,0.09408235549926758,0.09467832744121552,0.09486917406320572,0.09429661929607391,0.09281224012374878,0.09023633599281311,0.08749901503324509,0.08631960302591324,0.08740674704313278,0.09107880294322968,0.09371566772460938,0.09441601485013962,0.09566352516412735,0.09600105881690979,0.09619854390621185,0.09748246520757675,0.09814780205488205,0.09820777922868729,0.09919845312833786,0.10164432972669601,0.10171587020158768,0.10026194900274277,0.10035013407468796,0.09939482808113098,0.09741154313087463,0.0945412814617157,0.08992235362529755,0.08441907912492752,0.07989376783370972,0.07668740302324295,0.07399746030569077,0.07224518060684204
0.09021086245775223,0.08975843340158463,0.0893823653459549,0.09105123579502106,0.09617156535387039,0.10446888208389282,0.1126118153333664,0.11782486736774445,0.11079351603984833,0.0959041640162468,0.08981308341026306,0.09011313319206238,0.08980922400951385,0.08859749883413315,0.08752792328596115,0.08606474846601486,0.08454299718141556,0.0845656469464302,0.0869615375995636,0.09154406189918518,0.09335712343454361,0.09278513491153717,0.09344007819890976,0.09285002946853638,0.09230440855026245,0.09354240447282791,0.09600601345300674,0.09714442491531372,0.09762457013130188,0.09887895733118057,0.09852027893066406,0.09744179248809814,0.09634829312562943,0.09429726004600525,0.09133866429328918,0.08761151134967804,0.08357157558202744,0.07968971878290176,0.07653133571147919,0.07477078586816788,0.07521111518144608,0.07491037994623184
0.09079831093549728,0.08924240618944168,0.08746211230754852,0.08890362828969955,0.09565615653991699,0.10373571515083313,0.11194181442260742,0.11836307495832443,0.11320720613002777,0.10245689749717712,0.09369004517793655,0.08699381351470947,0.08268507570028305,0.07972686737775803,0.08131808787584305,0.0836787074804306,0.08340908586978912,0.08418725430965424,0.08713255077600479,0.09270437061786652,0.09343308210372925,0.09035717695951462,0.0896100178360939,0.08837604522705078,0.0884183719754219,0.0914459377527237,0.09343503415584564,0.09358707070350647,0.09434165060520172,0.09468460083007812,0.09391273558139801,0.09225638955831528,0.08996529132127762,0.08730851858854294,0.08440569788217545,0.08121342211961746,0.07826702296733856,0.07652108371257782,0.07727306336164474,0.07686937600374222,0.07505464553833008,0.07406903803348541
0.08900177478790283,0.08742783963680267,0.08556293696165085,0.08715860545635223,0.09484466910362244,0.1036524623632431,0.11199146509170532,0.12000943720340729,0.11637904495000839,0.10589286684989929,0.09449872374534607,0.08317488431930542,0.07682579010725021,0.07475506514310837,0.07592526823282242,0.08090762794017792,0.08529257774353027,0.08628354221582413,0.0891716405749321,0.0954047292470932,0.09477304667234421,0.08906669914722443,0.08704961091279984,0.08652479201555252,0.08903080970048904,0.09060290455818176,0.09045114368200302,0.09103813022375107,0.09113878756761551,0.09068090468645096,0.08929232507944107,0.08703138679265976,0.08450815081596375,0.0823538675904274,0.08104754984378815,0.08106991648674011,0.07898631691932678,0.07581300288438797,0.07474319636821747,0.07350221276283264,0.07202435284852982,0.07094379514455795
0.08860182017087936,0.08709999173879623,0.08549058437347412,0.08674316108226776,0.09146693348884583,0.10088177025318146,0.11153952777385712,0.12035464495420456,0.11775874346494675,0.10732714086771011,0.0950407087802887,0.080337293446064,0.0721006914973259,0.07139866054058075,0.0754622370004654,0.0802072063088417,0.08370078355073929,0.08470194786787033,0.08987949788570404,0.10035558044910431,0.09901640564203262,0.09021973609924316,0.088035948574543,0.08750908076763153,0.08757355064153671,0.08839289098978043,0.08832184225320816,0.0878695622086525,0.08685659617185593,0.08561874181032181,0.08410201221704483,0.08335256576538086,0.08471602946519852,0.08357643336057663,0.08047807216644287,0.07859835773706436,0.07509253174066544,0.07144803553819656,0.06946604698896408,0.06841463595628738,0.06741916388273239,0.0665203183889389
0.0890892744064331,0.08796574175357819,0.08629080653190613,0.08700671046972275,0.09163226187229156,0.09838921576738358,0.10598982125520706,0.11347898095846176,0.11550503969192505,0.10500045865774155,0.08843395113945007,0.07626611739397049,0.07072056084871292,0.0711359828710556,0.07511274516582489,0.08057621866464615,0.08513205498456955,0.08877883851528168,0.09333305805921555,0.09741266816854477,0.09595569223165512,0.09249118715524673,0.0897267758846283,0.08709266781806946,0.08621661365032196,0.0854930430650711,0.08411180227994919,0.08259005844593048,0.08089356869459152,0.07995840162038803,0.08277920633554459,0.08461730927228928,0.08365942537784576,0.0824451893568039,0.08002378046512604,0.07678170502185822,0.07264840602874756,0.06982207298278809,0.06890848278999329,0.06832608580589294,0.06732260435819626,0.06612920761108398
0.08985482156276703,0.08900496363639832,0.08757665008306503,0.08760461956262589,0.09009785205125809,0.09369590133428574,0.09771084040403366,0.10864056646823883,0.11009396612644196,0.09744568914175034,0.08523483574390411,0.07425311952829361,0.07041521370410919,0.07251743227243423,0.07682335376739502,0.08223795145750046,0.0868917778134346,0.08973585069179535,0.0919588953256607,0.09400246292352676,0.095855213701725,0.09415334463119507,0.09006327390670776,0.08801973611116409,0.0870027244091034,0.0856950655579567,0.08325187861919403,0.07972881197929382,0.07766981422901154,0.08083025366067886,0.08302117139101028,0.08190592378377914,0.08119722455739975,0.07981135696172714,0.07725968956947327,0.07366722822189331,0.07073464244604111,0.06950828433036804,0.0693630501627922,0.06898681819438934,0.06734766066074371,0.0651969388127327
0.09038915485143661,0.08958449214696884,0.0883355662226677,0.08826595544815063,0.08967004716396332,0.09194469451904297,0.09467476606369019,0.09870392829179764,0.10057342052459717,0.09342710673809052,0.0823686495423317,0.07463587820529938,0.07239151746034622,0.07505521178245544,0.07899106293916702,0.08417697250843048,0.08907690644264221,0.0905703753232956,0.09272918850183487,0.09440066665410995,0.0935143306851387,0.0920676589012146,0.08921188116073608,0.08670159429311752,0.08470321446657181,0.08210562914609909,0.07936991751194,0.08006320893764496,0.08028465509414673,0.07911327481269836,0.078876793384552,0.07787328958511353,0.07682792097330093,0.07523651421070099,0.0730106383562088,0.0709787979722023,0.07031506299972534,0.070267453789711,0.06958431750535965,0.06794992089271545,0.06554273515939713,0.06390783935785294
0.09025144577026367,0.08964275568723679,0.08832734078168869,0.0882120355963707,0.08981930464506149,0.09117119759321213,0.09154646098613739,0.09113364666700363,0.08897799253463745,0.08417775481939316,0.07883790880441666,0.07558134198188782,0.07574222981929779,0.07890386134386063,0.0826379805803299,0.08674298226833344,0.08946064114570618,0.0921148881316185,0.09379395842552185,0.09278497099876404,0.09133686870336533,0.08906705677509308,0.086687371134758,0.08439905196428299,0.0814756453037262,0.08087459951639175,0.08057199418544769,0.07860932499170303,0.07705729454755783,0.0751681923866272,0.07339290529489517,0.07188399136066437,0.0711553767323494,0.07075374573469162,0.07021301984786987,0.06994445621967316,0.0701153501868248,0.0699712410569191,0.06869541108608246,0.06734577566385269,0.06842437386512756,0.06782254576683044
0.0900493711233139,0.08951126784086227,0.08823191374540329,0.08817099779844284,0.09087932109832764,0.09057608991861343,0.0861295685172081,0.08274929225444794,0.08012180775403976,0.07734628766775131,0.07556059956550598,0.07598262280225754,0.0789402425289154,0.08317512273788452,0.08555164933204651,0.08707878738641739,0.0916568860411644,0.09388036280870438,0.09207221865653992,0.09044867753982544,0.08826486766338348,0.08574037253856659,0.08256389200687408,0.07981506735086441,0.08094491064548492,0.08041437715291977,0.07667861878871918,0.07441798597574234,0.07246336340904236,0.07078368216753006,0.069602370262146,0.06905688345432281,0.06922533363103867,0.06930874288082123,0.06910569220781326,0.06921468675136566,0.06876769661903381,0.0685788169503212,0.06957299262285233,0.07254214584827423,0.07172370702028275,0.067425437271595
