dougfraga/big_5.json
{"header": {"parameterUnit": "m.s-1", "parameterNumber": 3, "dx": 0.016666000000000736, "dy": 0.016666000000000736, "parameterNumberName": "Northward current", "la1": -22.891645999999998, "la2": -24.0416, "parameterCategory": 2, "lo2": -43.225054, "nx": 95, "ny": 70, "refTime": "2022-12-18 05:00:00", "lo1": -44.79166}, "data":
[rows 36 to 53 of 70, columns 0 to 40 of 95]
-0.0029137523379176855,-0.0029137523379176855,-0.002785807242617011,-0.002709575928747654,-0.0016373199177905917,-0.0005117910332046449,0.0002841574896592647,-0.00031412087264470756,-0.003784327069297433,-0.006356705911457539,-0.006546489428728819,-0.004242776893079281,-0.004097777418792248,-0.004106474108994007,-0.0042788442224264145,-0.004529241938143969,-0.004727717489004135,-0.004437665920704603,-0.0043669831939041615,-0.00619089649990201,-0.003943144343793392,-0.00225485279224813,-0.0010080150095745921,0.0011284803040325642,0.0055069103837013245,0.00944746844470501,0.009576301090419292,0.010739337652921677,0.009342574514448643,0.006703485269099474,0.0028669671155512333,-0.0002454447967465967,-0.002405779203400016,-0.0008337445906363428,0.003963405732065439,0.01121407188475132,0.01678057201206684,0.02141147293150425,0.018143489956855774,0.014563975855708122,0.012370647862553596
0.0015165029326453805,0.0015165029326453805,0.0010688964975997806,0.0006768210441805422,0.0011850547743961215,0.0014755220618098974,0.0007762645836919546,-0.0028363200835883617,-0.006784491706639528,-0.0089747728779912,-0.007055048365145922,-0.005530143156647682,-0.004318797495216131,-0.0038425263483077288,-0.003845510771498084,-0.0037036086432635784,-0.0036970539949834347,-0.002445462392643094,-0.004505558870732784,-0.005256500095129013,-0.004279722925275564,-0.0030568772926926613,-0.0041540260426700115,-0.00241758581250906,0.001412270707078278,0.005246533080935478,0.010292326100170612,0.011744585819542408,0.010988486930727959,0.00783294253051281,0.0021592325065284967,-0.0022679304238408804,-0.003973874729126692,-0.0013813538243994117,0.0022778394632041454,0.01071619801223278,0.01936955936253071,0.021889297291636467,0.02138620615005493,0.015474064275622368,0.01769520714879036
0.005646253935992718,0.005646253935992718,0.0056731002405285835,0.005218408070504665,0.004397579934448004,0.0028167294804006815,-0.0007413591374643147,-0.005040375981479883,-0.008275145664811134,-0.010407979600131512,-0.008545566350221634,-0.005507712718099356,-0.00289048720151186,-0.0027860861737281084,-0.0030475491657853127,-0.002059038495644927,-0.000516688684001565,0.0009018892887979746,-0.0018877920228987932,0.00013009062968194485,-0.0019832998514175415,-0.0010108152637258172,-0.0012369599426165223,-0.001963116927072406,-0.0005864151753485203,0.004676979035139084,0.013220744207501411,0.013413988053798676,0.013682214543223381,0.010340080596506596,0.0030720322392880917,-0.003476734273135662,-0.0059061539359390736,-0.0031833879183977842,0.002224184339866042,0.0072079249657690525,0.015166970901191235,0.016787879168987274,0.016803279519081116,0.01745777763426304,0.022713832557201385
0.009181849658489227,0.009181849658489227,0.009825356304645538,0.009636953473091125,0.00819296296685934,0.004928145091980696,-0.0005100524285808206,-0.005091682076454163,-0.010335559025406837,-0.012873920612037182,-0.008252457715570927,-0.006588565185666084,-0.0006730894092470407,0.001724771223962307,-0.0010763872414827347,0.0006950547103770077,0.0035256908740848303,0.005687229335308075,0.006083885207772255,0.006357239559292793,0.0018846180755645037,-0.00010586874122964218,-0.00010245841986034065,-0.0017849885625764728,-0.002399287186563015,0.0035185657907277346,0.01372157409787178,0.016779709607362747,0.02121918275952339,0.014724360778927803,0.007357656955718994,-0.0018344129202887416,-0.008376045152544975,-0.00753207178786397,-0.000543168920557946,0.0014752665301784873,0.005646407138556242,0.011935611255466938,0.016515862196683884,0.025465045124292374,0.02873513475060463
0.011133371852338314,0.011133371852338314,0.012200014665722847,0.012414611876010895,0.011015643365681171,0.00848210696130991,0.0035193320363759995,-0.0031104343943297863,-0.010331191122531891,-0.015374448150396347,-0.014991645701229572,-0.007514970377087593,-0.0029575733933597803,0.0013810750097036362,0.003724138019606471,0.004902509972453117,0.0072770570404827595,0.010494793765246868,0.013267457485198975,0.013024880550801754,0.00953430775552988,0.004375925287604332,0.00157933309674263,0.0005269086104817688,-0.0011804299429059029,0.0018570516258478165,0.009973998181521893,0.017269644886255264,0.02230120822787285,0.02049805410206318,0.014100196771323681,0.00028189030126668513,-0.00904805026948452,-0.010587338358163834,-0.004047987051308155,0.000635510019492358,0.005068726371973753,0.013519853353500366,0.028485063463449478,0.03438059985637665,0.03771623969078064
0.01110489759594202,0.01110489759594202,0.013044990599155426,0.015165954828262329,0.014229035004973412,0.011861368082463741,0.008992611430585384,0.0019415629794821143,-0.007016791496425867,-0.014724229462444782,-0.019784728065133095,-0.013519718311727047,-0.008586287498474121,-0.0009699073270894587,0.006888882722705603,0.007638484705239534,0.009899300523102283,0.01451214961707592,0.01780707761645317,0.017577949911355972,0.014980285428464413,0.010619712062180042,0.0068518901243805885,0.002329551614820957,0.002256109844893217,0.0009468296193517745,0.005370407365262508,0.01582454890012741,0.01934139057993889,0.023368332535028458,0.01759248785674572,0.003450049553066492,-0.007149851880967617,-0.010943444445729256,-0.007117061410099268,0.0005184123874641955,0.010630880482494831,0.024952882900834084,0.03559922054409981,0.04066551476716995,0.04311506450176239
0.008982237428426743,0.008982237428426743,0.011114333756268024,0.014743371866643429,0.01591554284095764,0.015542823821306229,0.015354838222265244,0.006836263462901115,-0.0020258643198758364,-0.009123258292675018,-0.013248111121356487,-0.01430867612361908,-0.007655468303710222,0.000937638629693538,0.006324957590550184,0.008537967689335346,0.01181824877858162,0.01674020290374756,0.01979624666273594,0.020144015550613403,0.018046606332063675,0.013693000189960003,0.007010423578321934,0.0014590452192351222,0.0023961709812283516,0.0020999503321945667,0.0047505516558885574,0.014146298170089722,0.018775716423988342,0.02136794850230217,0.016351178288459778,0.004834083840250969,-0.005359185393899679,-0.008408724330365658,-0.007041593547910452,0.0036799705121666193,0.014864050783216953,0.030920591205358505,0.03984317556023598,0.044602297246456146,0.04225983843207359
0.005317892413586378,0.005317892413586378,0.0058325110003352165,0.009307080879807472,0.014142833650112152,0.01630200259387493,0.017105594277381897,0.009618770331144333,0.002018352970480919,-0.003303508972749114,-0.005640768446028233,-0.004335928242653608,-0.0006561405025422573,0.0026809601113200188,0.00584389315918088,0.007499245461076498,0.00983603484928608,0.014132457785308361,0.021262018010020256,0.02191382832825184,0.022126175463199615,0.016262497752904892,0.005809207446873188,0.0008109173504635692,-0.0014362250221893191,0.003487163921818137,0.009017704986035824,0.015353454276919365,0.017914291471242905,0.017454182729125023,0.01363062858581543,0.005425857380032539,-0.004642545245587826,-0.008081008680164814,-0.0035755489952862263,0.008818304166197777,0.022695906460285187,0.03325872868299484,0.040701184421777725,0.04165252670645714,0.040051642805337906
0.0019186964491382241,0.0019186964491382241,0.001536094699986279,0.003184505505487323,0.009324530139565468,0.014123775996267796,0.015213648788630962,0.011461672373116016,0.004882184322923422,-0.0005049346364103258,-0.0008750053239054978,-0.0006454320973716676,0.003371640807017684,0.0068188137374818325,0.008348586037755013,0.00880749337375164,0.010101063176989555,0.013785988092422485,0.020990867167711258,0.021218886598944664,0.021721048280596733,0.01741514913737774,0.008909279480576515,0.003295318689197302,0.0010656045051291585,0.005406927317380905,0.010639426298439503,0.01567617990076542,0.017898863181471825,0.01699160784482956,0.012685057707130909,0.007117622531950474,-0.0013909304980188608,-0.004759447183459997,0.0019222245318815112,0.01431790366768837,0.027051303535699844,0.034885652363300323,0.03797198832035065,0.03789912909269333,0.03840252012014389
-0.0011421097442507744,-0.0011421097442507744,-0.0010193893685936928,0.0002457916270941496,0.0055983951315283775,0.012792217545211315,0.015384634025394917,0.014109558425843716,0.00881871860474348,0.0014889226295053959,-0.0002711088163778186,0.002078589051961899,0.006272554397583008,0.011226780712604523,0.013218138366937637,0.014127742499113083,0.015401659533381462,0.01787113957107067,0.0202617347240448,0.019783155992627144,0.018314670771360397,0.015002940781414509,0.013254991732537746,0.009251341223716736,0.008518878370523453,0.010374664328992367,0.012835430912673473,0.014866233803331852,0.017897654324769974,0.019039006903767586,0.01538288313895464,0.01067646685987711,0.005820064339786768,0.003620627336204052,0.00860232301056385,0.018560325726866722,0.027280312031507492,0.032535526901483536,0.034680385142564774,0.03467293828725815,0.035657379776239395
-0.0029041210655122995,-0.0029041210655122995,-0.002321189036592841,1.925116521306336e-05,0.0050187245942652225,0.0124594047665596,0.0171651691198349,0.018898222595453262,0.014031272381544113,0.006824390031397343,0.0025993690360337496,0.005886520259082317,0.00938923005014658,0.013416984118521214,0.016196319833397865,0.01777462288737297,0.018851086497306824,0.019995886832475662,0.021195655688643456,0.020557047799229622,0.01883254386484623,0.01796814426779747,0.01784864440560341,0.014987418428063393,0.014390443451702595,0.015243947505950928,0.01653508096933365,0.018346121534705162,0.020379668101668358,0.019974736496806145,0.016107823699712753,0.012926476076245308,0.011062723584473133,0.010619699954986572,0.013288939371705055,0.019263727590441704,0.02604900673031807,0.02896510250866413,0.02841796539723873,0.030231276527047157,0.03270517662167549
-0.002845288021489978,-0.002845288021489978,-0.0020476544741541147,0.0004082490922883153,0.005433926358819008,0.01316431537270546,0.020563991740345955,0.027316639199852943,0.02016870304942131,0.014577453956007957,0.009522169828414917,0.008481298573315144,0.010393375530838966,0.013823012821376324,0.016996702179312706,0.019131191074848175,0.02033243142068386,0.021005675196647644,0.022379055619239807,0.02247871831059456,0.021242257207632065,0.02259175293147564,0.022314146161079407,0.020477397367358208,0.01926489919424057,0.019421277567744255,0.019535960629582405,0.01843479461967945,0.018953733146190643,0.018848760053515434,0.017328813672065735,0.015472892671823502,0.015149717219173908,0.01657755859196186,0.01757209561765194,0.019776301458477974,0.022686302661895752,0.023536182940006256,0.023875528946518898,0.02746431529521942,0.030312487855553627
-0.0022921734489500523,-0.0022921734489500523,-0.0009611132554709911,0.002204837743192911,0.007548823952674866,0.013521071523427963,0.023044489324092865,0.03191124647855759,0.030455583706498146,0.02613641694188118,0.015572583302855492,0.009464602917432785,0.008730151690542698,0.011547363363206387,0.016656246036291122,0.018979961052536964,0.02043675072491169,0.021650033071637154,0.023747621104121208,0.025039799511432648,0.024049095809459686,0.024948932230472565,0.026249049231410027,0.025870272889733315,0.024358972907066345,0.02305586263537407,0.02066228725016117,0.018907738849520683,0.01763000898063183,0.017769768834114075,0.019413258880376816,0.019618410617113113,0.020035434514284134,0.02006388269364834,0.019802439957857132,0.019627897068858147,0.020112454891204834,0.02080620266497135,0.022321535274386406,0.023423857986927032,0.026308024302124977
-0.002433336805552244,-0.002433336805552244,-0.0009896395495161414,0.002090641064569354,0.007064550183713436,0.012103299610316753,0.021051503717899323,0.029338058084249496,0.03506230562925339,0.03454699367284775,0.02394399419426918,0.015062261372804642,0.010259654372930527,0.009386003948748112,0.012999855913221836,0.018176143988966942,0.02058950625360012,0.0227613914757967,0.02617303654551506,0.02880597673356533,0.027423057705163956,0.027853524312376976,0.029263192787766457,0.03002510778605938,0.028429768979549408,0.024696774780750275,0.022587180137634277,0.021836576983332634,0.020191188901662827,0.020077690482139587,0.02096790261566639,0.021858924999833107,0.022631293162703514,0.022296791896224022,0.021307410672307014,0.019579041749238968,0.016735510900616646,0.017096079885959625,0.018614541739225388,0.020057784393429756,0.023613955825567245
-0.0035644129384309053,-0.0035644129384309053,-0.0030890011694282293,-0.0019564921967685223,0.0007461063796654344,0.007832550443708897,0.015180375427007675,0.02491491474211216,0.03161706402897835,0.03596127778291702,0.03251642733812332,0.02583231031894684,0.01828458160161972,0.01260619517415762,0.010635177604854107,0.013649134896695614,0.017144206911325455,0.02106817252933979,0.02889866754412651,0.033480435609817505,0.03283021226525307,0.032219257205724716,0.03192369267344475,0.03074285015463829,0.029665522277355194,0.027103742584586143,0.02649056538939476,0.024026043713092804,0.02125488966703415,0.022473488003015518,0.023107046261429787,0.023751307278871536,0.02344072237610817,0.0205742958933115,0.018928974866867065,0.017131103202700615,0.015007386915385723,0.013619535602629185,0.014535246416926384,0.017367616295814514,0.02147810533642769
-0.004706583917140961,-0.004706583917140961,-0.00551605923101306,-0.0064993808045983315,-0.0068105291575193405,-0.0034488881938159466,0.0023545995354652405,0.012921599671244621,0.025839433073997498,0.03014518879354,0.03530978038907051,0.034486979246139526,0.02802433632314205,0.020214224234223366,0.015212079510092735,0.013056068681180477,0.01481227669864893,0.01734815165400505,0.022969361394643784,0.030316302552819252,0.03774930536746979,0.03715474158525467,0.03426877781748772,0.03270549327135086,0.03197498619556427,0.028851766139268875,0.02618911676108837,0.02194853313267231,0.02000974677503109,0.02547541819512844,0.0239645317196846,0.02240579202771187,0.021406713873147964,0.01942489854991436,0.01716773398220539,0.01519288681447506,0.014409864321351051,0.011110042221844196,0.009999874979257584,0.010449348017573357,0.013648522086441517
-0.005595891736447811,-0.005595891736447811,-0.006984861567616463,-0.009032465517520905,-0.011162180453538895,-0.012087961658835411,-0.007355453446507454,0.004876711871474981,0.016687970608472824,0.026626814156770706,0.03501124307513237,0.03676595911383629,0.03342428430914879,0.026930103078484535,0.02191545069217682,0.019608475267887115,0.01847020350396633,0.018145877867937088,0.01947133243083954,0.027608005329966545,0.039323147386312485,0.03814234212040901,0.03655511885881424,0.03699052333831787,0.035442497581243515,0.02427530474960804,0.01838807761669159,0.01852354034781456,0.024189556017518044,0.026669951155781746,0.02136801742017269,0.0218588188290596,0.020768431946635246,0.020687121897935867,0.018100842833518982,0.013745960779488087,0.009269951842725277,0.005313667934387922,0.004058067686855793,0.00431482307612896,0.006164583843201399
-0.005368165206164122,-0.005368165206164122,-0.006305482238531113,-0.00829769205302,-0.01051248237490654,-0.010869103483855724,-0.008193560875952244,0.0002799106005113572,0.012843027710914612,0.026057908311486244,0.03285851702094078,0.03265753760933876,0.031667813658714294,0.02891814522445202,0.0266097541898489,0.025945264846086502,0.024834375828504562,0.024217335507273674,0.026479117572307587,0.03009873442351818,0.036165475845336914,0.0373857207596302,0.0383608378469944,0.039132844656705856,0.03756391629576683,0.02657274156808853,0.022218206897377968,0.023327749222517014,0.028148552402853966,0.021710414439439774,0.022106513381004333,0.02414095029234886,0.02216712385416031,0.019995231181383133,0.016355719417333603,0.009781815111637115,0.004133929964154959,0.0008228780934587121,0.0005771018913947046,0.0018426940077915788,0.004253695253282785
