dougfraga/big_15.json
{"header": {"parameterUnit": "m.s-1", "parameterNumber": 3, "dx": 0.016666000000000736, "dy": 0.016666000000000736, "parameterNumberName": "Northward current", "la1": -22.891645999999998, "la2": -24.0416, "parameterCategory": 2, "lo2": -43.225054, "nx": 95, "ny": 70, "refTime": "2022-12-18 15:00:00", "lo1": -44.79166}, "data":
[rows 18 to 35 of 70, columns 0 to 39 of 95]
0.0,0.0,0.0,0.0,0.0,0.00544138764962554,0.013152136467397213,0.010818750597536564,-0.00047820835607126355,-0.0018142781918868423,-0.003199711674824357,0.0004912354052066803,0.004393231589347124,0.0008857055800035596,0.00133122515399009,-0.0017049042508006096,0.0030927183106541634,0.0017239706357941031,0.0002532543148845434,-0.0013081154320389032,-0.00310772773809731,-0.006086911074817181,-0.009690594859421253,-0.01277867704629898,-0.015646029263734818,0.0,0.0,0.0,0.0,-0.009647791273891926,-0.014480961486697197,0.0,0.0,0.0,0.0,0.0,0.0,-0.010863219387829304,-0.016863955184817314,-0.024171562865376472
0.0,0.0,0.0,0.0,0.0,0.01091508287936449,0.013305059634149075,0.006183375138789415,0.0,0.0,-0.0002959785342682153,8.471832552459091e-05,-0.001981140114367008,-0.0012937883147969842,-0.0015231642173603177,-0.0023238484282046556,-0.0008065087022259831,-0.0014637982239946723,-0.0026693546678870916,-0.004501122981309891,-0.00602027727290988,-0.008857174776494503,-0.011550256051123142,-0.016879845410585403,-0.025768136605620384,-0.018561270087957382,0.0,0.0,-0.012289281003177166,-0.015942921862006187,-0.028034377843141556,-0.0222947895526886,0.0,0.0,-0.022606609389185905,0.0,0.0012561838375404477,-0.008847677148878574,-0.021884802728891373,-0.03484678640961647
0.0,0.0,0.0,0.0,0.0,0.005473695229738951,0.006706779357045889,0.0,0.0,0.0,0.0,0.0019692624919116497,0.004977304022759199,0.0034830623771995306,0.000977246556431055,-0.0017094045178964734,-0.005217214114964008,-0.005189199000597,-0.006395125295966864,-0.007991268299520016,-0.010502330027520657,-0.012512953951954842,-0.014274989254772663,-0.020466448739171028,-0.030174298211932182,-0.05438707396388054,0.0,0.0,-0.004591444507241249,-0.0030479629058390856,-0.01728595234453678,-0.0300675667822361,-0.00939842127263546,-0.012784027494490147,-0.03831672668457031,-0.015014327131211758,-0.011276701465249062,-0.013654218055307865,-0.01918022148311138,-0.02476438134908676
0.0,0.0,0.0,0.0,0.0,0.0,0.0,0.0,0.0,0.0,0.0,0.003773279720917344,0.007367681246250868,0.0005432865582406521,-0.001085088006220758,-0.0035558664239943027,-0.008257005363702774,-0.008939973078668118,-0.009956221096217632,-0.012122953310608864,-0.013834656216204166,-0.014731775969266891,-0.015508526936173439,-0.020681900903582573,-0.03539830073714256,-0.05547131225466728,-0.008835626766085625,-0.007123669609427452,0.007712019141763449,0.0024672262370586395,-0.007416587322950363,-0.015727419406175613,-0.01569213904440403,-0.021578317508101463,-0.02783612534403801,-0.028951948508620262,-0.027832768857479095,-0.035095613449811935,-0.03130721673369408,-0.027859583497047424
0.0,0.0,0.0,0.0,0.0,0.0,0.0,0.0,0.0,0.0,0.0,0.0,0.0,-0.002387325745075941,-0.005296630319207907,-0.007651206571608782,-0.007190106436610222,-0.011549132876098156,-0.013295547105371952,-0.014211725443601608,-0.013448942452669144,-0.012940637767314911,-0.013368051499128342,-0.01596887968480587,-0.024101901799440384,-0.03325843811035156,-0.01951981708407402,-0.015073749236762524,-0.007088630925863981,-0.0056127035059034824,-0.008884300477802753,-0.015347479842603207,-0.014907930046319962,-0.019192764535546303,-0.02482370100915432,-0.028065262362360954,-0.030040614306926727,-0.03439008444547653,-0.03097582422196865,-0.027422700077295303
0.0,0.0,0.0,0.0,0.0,0.0,0.0,0.0,0.0,0.0,0.0,0.0,0.0,0.0012822644785046577,-0.002067372901365161,-0.003843073733150959,0.0019995085895061493,-0.00878200400620699,-0.015468386001884937,-0.014910454861819744,-0.010723751969635487,-0.010451081208884716,-0.012815187685191631,-0.01880045421421528,-0.02120775729417801,-0.02304467186331749,-0.020326172932982445,-0.017114417627453804,-0.01604989916086197,-0.012777592055499554,-0.013337904587388039,-0.016400540247559547,-0.018673885613679886,-0.02144736610352993,-0.024729516357183456,-0.027343038469552994,-0.029875056818127632,-0.029878035187721252,-0.028507445007562637,-0.027725186198949814
0.0,0.0,0.0,0.0,0.0,0.0,0.0,0.0,0.0,0.0,0.0,0.0,0.0,0.0,0.0,0.0,0.012243013828992844,-0.0022114559542387724,-0.011216777376830578,-0.012243086472153664,-0.0076119564473629,-0.009319229051470757,-0.01716473698616028,-0.023697571828961372,-0.025042938068509102,-0.020358888432383537,-0.01973433792591095,-0.018581241369247437,-0.01901085488498211,-0.018011298030614853,-0.017673267051577568,-0.018694665282964706,-0.019910959526896477,-0.02176854759454727,-0.02530667930841446,-0.02663380280137062,-0.027590816840529442,-0.027515463531017303,-0.026867622509598732,-0.025700628757476807
0.0,0.0,0.0,0.0,0.0,0.0,0.0,0.0,0.0,0.0,0.0,0.0,0.0,0.0,0.0,-0.00989023968577385,0.003778712125495076,0.005767382215708494,-0.00021089254005346447,-0.007964889518916607,-0.008852154947817326,-0.01187797449529171,-0.017651379108428955,-0.020137909799814224,-0.023405689746141434,-0.021848568692803383,-0.020484481006860733,-0.021623708307743073,-0.019185291603207588,-0.01967916265130043,-0.019008329138159752,-0.018762683495879173,-0.018892917782068253,-0.020098799839615822,-0.02391168475151062,-0.02416558377444744,-0.023338377475738525,-0.023670563474297523,-0.02335905097424984,-0.022425252944231033
0.0,0.0,0.0,0.0,0.0,0.0,0.0,0.0,0.0,0.0,0.0,0.0,0.0,0.0,-0.01771705597639084,-0.018590981140732765,-0.01155951526015997,0.0021654372103512287,0.004918130114674568,-0.00311265722848475,-0.0093239676207304,-0.01341944094747305,-0.015134441666305065,-0.018030986189842224,-0.021163061261177063,-0.024413881823420525,-0.02328413538634777,-0.022273454815149307,-0.01838899962604046,-0.018627746030688286,-0.0183152724057436,-0.018181025981903076,-0.02027762308716774,-0.019910495728254318,-0.019382253289222717,-0.020715534687042236,-0.021140005439519882,-0.02170577086508274,-0.021578136831521988,-0.02081972360610962
0.0,0.0,0.0,0.0,0.0,0.0,0.0,0.0,0.0,0.0,0.0,0.0,0.0,0.0,-0.016349079087376595,-0.016965346410870552,-0.014377262443304062,-0.007103167474269867,0.0044708410277962685,0.002922829007729888,-0.0026331667322665453,-0.008567792363464832,-0.012760120443999767,-0.018320824950933456,-0.021224960684776306,-0.0242717694491148,-0.024649610742926598,-0.021327106282114983,-0.01902225986123085,-0.018002118915319443,-0.01968071237206459,-0.02044854871928692,-0.02150098606944084,-0.02051197923719883,-0.01771979033946991,-0.01935267075896263,-0.02024088241159916,-0.02063356153666973,-0.020346570760011673,-0.020181380212306976
0.0,0.0,0.0,0.0,0.0,-0.005240476690232754,-0.009500115178525448,-0.01720185950398445,-0.025697896257042885,-0.044822610914707184,0.0,0.0,0.0,0.010034640319645405,-0.00018526338681112975,-0.01170303113758564,-0.011181212961673737,-0.006989454850554466,0.0030274977907538414,0.004592384677380323,0.0021461027208715677,-0.002376267220824957,-0.009522896260023117,-0.01672930270433426,-0.0211950670927763,-0.02101176604628563,-0.022723142057657242,-0.025284750387072563,-0.023593159392476082,-0.021052516996860504,-0.018218083307147026,-0.022089112550020218,-0.020519988611340523,-0.01962306536734104,-0.01819652132689953,-0.018661534413695335,-0.019378408789634705,-0.01973983645439148,-0.021134821698069572,-0.021127119660377502
0.0,0.0,0.0,0.0,-0.0013595938216894865,-0.011295323260128498,-0.01803741790354252,-0.03142893314361572,-0.04769432917237282,-0.07337750494480133,-0.01872984878718853,-0.022158604115247726,-0.013790244236588478,0.0006347234593704343,-0.01305271964520216,-0.015443732030689716,-0.015467187389731407,-0.011646841652691364,-0.0037045783828943968,0.0034815301187336445,0.003268941305577755,0.0025211332831531763,-0.0024782870896160603,-0.011089139617979527,-0.016911637037992477,-0.02148040570318699,-0.02481035143136978,-0.026937229558825493,-0.028536146506667137,-0.027553826570510864,-0.02312888577580452,-0.02117174305021763,-0.020612193271517754,-0.019612770527601242,-0.018825046718120575,-0.01827704720199108,-0.018271276727318764,-0.01954539492726326,-0.020254269242286682,-0.01988976262509823
-0.02678019367158413,-0.02678019367158413,-0.0288725383579731,-0.025652293115854263,-0.01553550735116005,-0.01815146394073963,-0.022305503487586975,-0.027615651488304138,-0.03743983060121536,-0.04371212422847748,-0.031456656754016876,-0.03335139527916908,-0.022907525300979614,-0.01910804584622383,-0.02297523058950901,-0.02506066858768463,-0.02460961788892746,-0.020790934562683105,-0.013076185248792171,-0.0018069264478981495,0.0013340335572138429,0.003638420719653368,0.004073042422533035,-0.0036253356374800205,-0.010357677936553955,-0.018248269334435463,-0.02435525692999363,-0.02760143391788006,-0.031320489943027496,-0.03180012106895447,-0.029769308865070343,-0.02308865636587143,-0.02195107378065586,-0.020624957978725433,-0.018960673362016678,-0.017698103561997414,-0.018233250826597214,-0.018004268407821655,-0.016729198396205902,-0.016336187720298767
-0.05032362788915634,-0.05032362788915634,-0.05472243204712868,-0.04998156800866127,-0.0349157340824604,-0.03121308423578739,-0.02974807843565941,-0.028652412816882133,-0.03187822178006172,-0.030592944473028183,-0.024857256561517715,-0.022286273539066315,-0.01939281076192856,-0.020377865061163902,-0.024061115458607674,-0.02762315794825554,-0.03007083758711815,-0.0291114691644907,-0.024072829633951187,-0.012104054912924767,-0.004433842375874519,0.0006744220154359937,0.004098784178495407,0.010048572905361652,-0.0015866707544773817,-0.010051815770566463,-0.01858736388385296,-0.028137702494859695,-0.033527277410030365,-0.034775808453559875,-0.032928645610809326,-0.029283612966537476,-0.02567026950418949,-0.021700602024793625,-0.019193135201931,-0.018513290211558342,-0.0174928717315197,-0.01572360284626484,-0.014713485725224018,-0.014084938913583755
-0.04712672904133797,-0.04712672904133797,-0.049045778810977936,-0.04713144525885582,-0.04166550561785698,-0.03860096633434296,-0.034853894263505936,-0.03302488476037979,-0.032109733670949936,-0.03003372997045517,-0.02515222877264023,-0.022737739607691765,-0.022054901346564293,-0.024646544829010963,-0.028254276141524315,-0.03207417204976082,-0.035560254007577896,-0.03710596263408661,-0.03575436398386955,-0.029713215306401253,-0.012252744287252426,-0.004910468589514494,0.0003499635204207152,0.011155106127262115,0.008518214337527752,-0.0012722377432510257,-0.013125672936439514,-0.024238858371973038,-0.032576341181993484,-0.03665827214717865,-0.037439871579408646,-0.034529536962509155,-0.03059169091284275,-0.026032838970422745,-0.021573631092905998,-0.01846129819750786,-0.015955159440636635,-0.014983410015702248,-0.013806547038257122,-0.01221704576164484
-0.046172499656677246,-0.046172499656677246,-0.045001689344644547,-0.04445134848356247,-0.04255671054124832,-0.0396818183362484,-0.03692582994699478,-0.03452035039663315,-0.030234478414058685,-0.02781902812421322,-0.02518836222589016,-0.023666301742196083,-0.025088263675570488,-0.02714071422815323,-0.031038854271173477,-0.03563859686255455,-0.03986244276165962,-0.043293073773384094,-0.04541910067200661,-0.043980538845062256,-0.032083045691251755,-0.019310588017106056,-0.005391289480030537,0.003823763458058238,0.014750479720532894,0.005416891537606716,-0.006719435565173626,-0.018444200977683067,-0.02858806401491165,-0.034724485129117966,-0.036601994186639786,-0.03589470311999321,-0.0333096943795681,-0.029538031667470932,-0.023317508399486542,-0.017551319673657417,-0.015330875292420387,-0.01499421987682581,-0.01388792134821415,-0.01355610229074955
-0.04394048824906349,-0.04394048824906349,-0.043431926518678665,-0.04217256233096123,-0.041178490966558456,-0.03915107622742653,-0.03578810766339302,-0.03299868479371071,-0.029113933444023132,-0.025931768119335175,-0.02436160482466221,-0.025243911892175674,-0.02553153596818447,-0.02638881653547287,-0.031029734760522842,-0.03659936040639877,-0.04170955717563629,-0.046613600105047226,-0.051172979176044464,-0.05162147432565689,-0.04886467009782791,-0.03434981778264046,-0.015490712597966194,-0.0036422619596123695,0.006747812498360872,0.00752622913569212,-0.001271646935492754,-0.012310377322137356,-0.022675372660160065,-0.030473634600639343,-0.034759316593408585,-0.035360824316740036,-0.03329169750213623,-0.028832880780100822,-0.02320859581232071,-0.017710061743855476,-0.014101461507380009,-0.015102607198059559,-0.016917236149311066,-0.017355075106024742
-0.04019360616803169,-0.04019360616803169,-0.04006334766745567,-0.03898032009601593,-0.03785022348165512,-0.03655178099870682,-0.034453991800546646,-0.03153729811310768,-0.028393151238560677,-0.025483127683401108,-0.02516506239771843,-0.02437695302069187,-0.024090740829706192,-0.02665751241147518,-0.03107321634888649,-0.03607237711548805,-0.040894486010074615,-0.04588964581489563,-0.0501755028963089,-0.05215137079358101,-0.046918295323848724,-0.037753354758024216,-0.0260626170784235,-0.014903843402862549,-0.004261311609297991,0.004039690364152193,-0.001757007441483438,-0.008140952326357365,-0.017409831285476685,-0.025803564116358757,-0.03213191032409668,-0.034728117287158966,-0.03364735096693039,-0.029855042695999146,-0.02394230291247368,-0.017511028796434402,-0.014826285652816296,-0.014772647060453892,-0.018325388431549072,-0.020322134718298912
