dougfraga/big_8.json
{"header": {"parameterUnit": "m.s-1", "parameterNumber": 3, "dx": 0.016666000000000736, "dy": 0.016666000000000736, "parameterNumberName": "Northward current", "la1": -22.891645999999998, "la2": -24.0416, "parameterCategory": 2, "lo2": -43.225054, "nx": 95, "ny": 70, "refTime": "2022-12-18 08:00:00", "lo1": -44.79166}, "data":
[rows 18 to 35 of 70, columns 0 to 41 of 95]
0.0,0.0,0.0,0.0,0.0,0.002626634668558836,0.0024841094855219126,0.0010075122117996216,0.004246517084538937,0.003505474189296365,0.01628221943974495,0.017371922731399536,0.021316396072506905,0.022939028218388557,0.02714020386338234,0.02640056051313877,0.033237963914871216,0.03507252037525177,0.030497854575514793,0.028911305591464043,0.028393665328621864,0.02721700631082058,0.02623077854514122,0.026795297861099243,0.02060878835618496,0.0,0.0,0.0,0.0,-0.014799265190958977,-0.01843908056616783,0.0,0.0,0.0,0.0,0.0,0.0,-0.011632147245109081,-0.01601887308061123,-0.02349022962152958,0.0,0.02854437381029129
0.0,0.0,0.0,0.0,0.0,0.003990123048424721,0.0034061602782458067,-0.001043737051077187,0.0,0.0,0.011180819012224674,0.01983262039721012,0.015302034094929695,0.021677356213331223,0.028924034908413887,0.0347888357937336,0.040198005735874176,0.043836500495672226,0.03716303035616875,0.02985450066626072,0.02939070574939251,0.028120778501033783,0.028014926239848137,0.027075836434960365,0.016815757378935814,0.00035519892117008567,0.0,0.0,-0.011650546453893185,-0.022594932466745377,-0.032178834080696106,-0.020180312916636467,0.0,0.0,-0.016136785969138145,0.0,-0.0035308324731886387,-0.013351216912269592,-0.02210180088877678,-0.032571420073509216,-0.00999099388718605,0.02741672284901142
0.0,0.0,0.0,0.0,0.0,0.0013634883798658848,0.0017641204176470637,0.0,0.0,0.0,0.0,0.010219784453511238,0.014242172241210938,0.02626216970384121,0.03579055145382881,0.041382621973752975,0.04370148479938507,0.0479012057185173,0.04462491720914841,0.030460424721240997,0.028257455676794052,0.02729632519185543,0.026835113763809204,0.024860303848981857,0.019508708268404007,0.004286285489797592,0.0,0.0,-0.01656493730843067,-0.009781237691640854,-0.018124230206012726,-0.026587005704641342,-0.008189508691430092,-0.008608371950685978,-0.026213042438030243,-0.009772003628313541,-0.01194123737514019,-0.014486637897789478,-0.018216703087091446,-0.019355177879333496,-0.011266220360994339,-0.0002706808445509523
0.0,0.0,0.0,0.0,0.0,0.0,0.0,0.0,0.0,0.0,0.0,0.0022416033316403627,0.008984489366412163,0.024696102365851402,0.03340676799416542,0.0374230295419693,0.04381059110164642,0.04854965955018997,0.04851750656962395,0.029368720948696136,0.026489967480301857,0.025561729446053505,0.025385351851582527,0.02534293942153454,0.018923329189419746,0.00824599340558052,-0.0034662713296711445,-0.005267239175736904,-0.0075154416263103485,-0.006314190104603767,-0.010940825566649437,-0.01410714816302061,-0.014333449304103851,-0.01481856033205986,-0.017060354351997375,-0.01696028746664524,-0.01555028185248375,-0.0239977166056633,-0.022270355373620987,-0.017234116792678833,-0.005493184085935354,0.002065030625090003
0.0,0.0,0.0,0.0,0.0,0.0,0.0,0.0,0.0,0.0,0.0,0.0,0.0,0.014347304590046406,0.01716305874288082,0.017556708306074142,0.04318900778889656,0.05047689378261566,0.05246749147772789,0.030392294749617577,0.02499178983271122,0.02380383014678955,0.024943264201283455,0.028593583032488823,0.02172892354428768,0.010206850245594978,-0.001745114685036242,-0.005762727465480566,-0.004990826826542616,-0.005712040700018406,-0.008941163308918476,-0.012296137399971485,-0.011492516845464706,-0.011636541225016117,-0.012411302886903286,-0.012019533663988113,-0.010984990745782852,-0.014532569795846939,-0.012229313142597675,-0.00889092218130827,-0.002929129870608449,0.011654438450932503
0.0,0.0,0.0,0.0,0.0,0.0,0.0,0.0,0.0,0.0,0.0,0.0,0.0,0.005270098336040974,0.00431393925100565,0.0027812339831143618,0.05146462842822075,0.055340029299259186,0.053965985774993896,0.030372047796845436,0.0235257837921381,0.0225431676954031,0.026922808960080147,0.025817139074206352,0.01927820034325123,0.013883949257433414,0.006397086661309004,0.001832478679716587,-0.0005447054863907397,0.00011154904495924711,-0.0022843186743557453,-0.006295931991189718,-0.008262610994279385,-0.00811589602380991,-0.0074192252941429615,-0.006357691250741482,-0.0059823645278811455,-0.004653419367969036,-0.0028852198738604784,-0.001874173991382122,0.004418053198605776,0.008963237516582012
0.0,0.0,0.0,0.0,0.0,0.0,0.0,0.0,0.0,0.0,0.0,0.0,0.0,0.0,0.0,0.0,0.049561358988285065,0.04113537818193436,0.034599993377923965,0.025134047493338585,0.02684391662478447,0.024728648364543915,0.024571526795625687,0.01947065070271492,0.015407854691147804,0.015884486958384514,0.010917574167251587,0.006489391904324293,0.005335358437150717,0.0034944626968353987,0.000995301641523838,-0.0018324422417208552,-0.0032953007612377405,-0.003126205876469612,-0.003771221963688731,-0.0030239508487284184,-0.001932398765347898,-0.0005339353810995817,0.000946970481891185,0.002799620619043708,0.00679433811455965,0.007220389787107706
0.0,0.0,0.0,0.0,0.0,0.0,0.0,0.0,0.0,0.0,0.0,0.0,0.0,0.0,0.0,-0.004857111256569624,0.024987980723381042,0.025375770404934883,0.020165221765637398,0.03190040960907936,0.0268465094268322,0.02250254526734352,0.020501023158431053,0.020290600135922432,0.017816884443163872,0.0161066185683012,0.013407052494585514,0.007636058609932661,0.008312073536217213,0.0049865455366671085,0.0023968054447323084,0.0007886246894486248,0.0004570508317556232,0.0003987561212852597,-0.0013051456771790981,-0.0006244470132514834,0.0015069397632032633,0.002622736617922783,0.004125894978642464,0.006110888905823231,0.00813262164592743,0.010494005866348743
0.0,0.0,0.0,0.0,0.0,0.0,0.0,0.0,0.0,0.0,0.0,0.0,0.0,0.0,-0.019377311691641808,-0.005658881273120642,0.0052280365489423275,0.0192708782851696,0.035517606884241104,0.042632345110177994,0.024825243279337883,0.018639711663126945,0.019349923357367516,0.01951584219932556,0.017969921231269836,0.013539411127567291,0.011528749018907547,0.009235996752977371,0.00997633021324873,0.007308233994990587,0.0048538269475102425,0.003056357381865382,0.0003978973254561424,0.0006932237301953137,0.002394770970568061,0.0024284012615680695,0.0031586354598402977,0.003999586217105389,0.005643643904477358,0.007788704242557287,0.010117875412106514,0.012272569350898266
0.0,0.0,0.0,0.0,0.0,0.0,0.0,0.0,0.0,0.0,0.0,0.0,0.0,0.0,0.007752769161015749,0.018263008445501328,0.018371542915701866,0.02343178540468216,0.046099018305540085,0.039549268782138824,0.02806122787296772,0.020302841439843178,0.017731307074427605,0.015230248682200909,0.014227203093469143,0.012030831538140774,0.010310809127986431,0.011901471763849258,0.011694788932800293,0.010646096430718899,0.006626623682677746,0.0036458452232182026,0.0015629013068974018,0.0018236918840557337,0.004897927865386009,0.004712921567261219,0.004877409897744656,0.005714622791856527,0.0077398004941642284,0.009657525457441807,0.010173702612519264,0.011239845305681229
0.0,0.0,0.0,0.0,0.0,0.003023907309398055,-0.0017199991270899773,-0.010152374394237995,-0.01730099320411682,-0.03620808199048042,0.0,0.0,0.0,0.02095351181924343,0.04669216275215149,0.04022861644625664,0.038343481719493866,0.03610202670097351,0.04019607603549957,0.0329948328435421,0.026813628152012825,0.02121913991868496,0.01556006632745266,0.012817558832466602,0.011489859782159328,0.014166466891765594,0.01380784809589386,0.011646847240626812,0.011237744241952896,0.01136514451354742,0.011301885358989239,0.005723767448216677,0.0059147910214960575,0.006017130333930254,0.007385282311588526,0.007864612154662609,0.00801464356482029,0.0087369903922081,0.009068354032933712,0.010348154231905937,0.011045416817069054,0.01121688261628151
0.0,0.0,0.0,0.0,0.0018609088147059083,0.0021478405687958,-0.0030409488826990128,-0.015024148859083652,-0.027877669781446457,-0.052224092185497284,-0.00755178090184927,-0.013724924996495247,-0.0039051510393619537,0.025108352303504944,0.025685792788863182,0.029952529817819595,0.03102296218276024,0.029114244505763054,0.029872247949242592,0.028565071523189545,0.02383863553404808,0.021572889760136604,0.018355760723352432,0.014301768504083157,0.014181794598698616,0.014162404462695122,0.012824559584259987,0.011846167966723442,0.009937509894371033,0.009194175712764263,0.009657160378992558,0.009933210909366608,0.009297006763517857,0.009372898377478123,0.009998173452913761,0.01114022545516491,0.012055506929755211,0.01176532730460167,0.012340887449681759,0.013313612900674343,0.015055354684591293,0.015137424692511559
-0.0219735000282526,-0.0219735000282526,-0.023875415325164795,-0.020663313567638397,-0.0069250003434717655,-0.006215917412191629,-0.006821976974606514,-0.007619539275765419,-0.01289838645607233,-0.01681111566722393,-0.006324545480310917,-0.012827438302338123,-0.001165561843663454,0.008186213672161102,0.011189037002623081,0.01547033991664648,0.018799496814608574,0.01577889174222946,0.020246900618076324,0.023116126656532288,0.02071552537381649,0.020279839634895325,0.022102264687418938,0.01808185502886772,0.017819231376051903,0.01626189798116684,0.011870726011693478,0.010440041311085224,0.009152015671133995,0.009270282462239265,0.008099445141851902,0.012113389559090137,0.011737408116459846,0.011799965985119343,0.013053526170551777,0.014761931262910366,0.014958197250962257,0.01569937728345394,0.017652057111263275,0.01851072534918785,0.019154058769345284,0.019829493016004562
-0.038808323442935944,-0.038808323442935944,-0.04276527836918831,-0.03795175999403,-0.021972527727484703,-0.01612045243382454,-0.011705435812473297,-0.006098634097725153,-0.004648927133530378,-0.0014647489879280329,0.0028697361703962088,0.0018129205564036965,0.00429501011967659,0.006516268942505121,0.008068999275565147,0.010655736550688744,0.012086205184459686,0.007737812586128712,0.011062009260058403,0.015178055502474308,0.016088271513581276,0.017227396368980408,0.019622767344117165,0.028517693281173706,0.022098012268543243,0.020862461999058723,0.014732715673744678,0.008607842028141022,0.008850765414536,0.010101009160280228,0.010160773992538452,0.011103739030659199,0.012400822713971138,0.014601895585656166,0.016150979325175285,0.016781974583864212,0.017840132117271423,0.019671430811285973,0.02096017450094223,0.021816952154040337,0.022845223546028137,0.024254629388451576
-0.031638842076063156,-0.031638842076063156,-0.03335079923272133,-0.031222417950630188,-0.024805165827274323,-0.02009931206703186,-0.013582595624029636,-0.008068857714533806,-0.0032458340283483267,-0.0006643305532634258,0.001290148706175387,0.0004855110018979758,0.001110321027226746,0.0009587478125467896,0.0020949034951627254,0.003908958286046982,0.004758052993565798,0.002789586316794157,0.0018561291508376598,0.0002460140676703304,0.012044946663081646,0.014896119944751263,0.016951581463217735,0.02812807634472847,0.02862035296857357,0.02515583671629429,0.017676450312137604,0.011457759886980057,0.011455015279352665,0.011125877499580383,0.009463213384151459,0.010431291535496712,0.012089046649634838,0.014186658896505833,0.01657973602414131,0.01890593208372593,0.021070750430226326,0.02190626598894596,0.023070698603987694,0.024867653846740723,0.027050619944930077,0.0325491763651371
-0.027150331065058708,-0.027150331065058708,-0.025948483496904373,-0.025031739845871925,-0.02228568121790886,-0.01788903959095478,-0.012622702866792679,-0.00740238418802619,-0.0006705551058985293,0.0005234318086877465,-0.0006364720175042748,-0.0014723463682457805,-0.002675402909517288,-0.0018715009791776538,-0.0013469544937834144,-0.0005815299809910357,-0.00020061322720721364,-0.0013450718251988292,-0.004721534438431263,-0.008576910942792892,-0.0016194427153095603,0.0063947769813239574,0.015944700688123703,0.02266705594956875,0.03476117551326752,0.029317807406187057,0.022098487243056297,0.016850989311933517,0.01514752209186554,0.013960805721580982,0.013094139285385609,0.01292552798986435,0.013414300978183746,0.014007381163537502,0.017389243468642235,0.021745050325989723,0.023255832493305206,0.023513611406087875,0.024945108219981194,0.025963841006159782,0.028972022235393524,0.03349025174975395
-0.021961715072393417,-0.021961715072393417,-0.021301142871379852,-0.019728397950530052,-0.0179490577429533,-0.014543894678354263,-0.009054259397089481,-0.004245765507221222,0.0003147211973555386,0.0007650922634638846,-0.0012065412010997534,-0.003858887357637286,-0.0031490237452089787,-0.0003499560116324574,-0.0004451971035450697,-0.0007867373642511666,-0.0012639762135222554,-0.0029996030498296022,-0.006810927763581276,-0.009398744441568851,-0.011083119548857212,-0.0009800076950341463,0.013185922056436539,0.021561546251177788,0.03102819249033928,0.03216183930635452,0.026833688840270042,0.022664779797196388,0.019963338971138,0.01800384186208248,0.016646001487970352,0.016031324863433838,0.015977831557393074,0.0171307772397995,0.01994623802602291,0.023477738723158836,0.02593248337507248,0.02516941912472248,0.024518080055713654,0.0256792102009058,0.03273037448525429,0.0300564244389534
-0.015605401247739792,-0.015605401247739792,-0.015437137335538864,-0.014020251110196114,-0.012080156244337559,-0.009432878345251083,-0.005715818144381046,-0.0017601641593500972,0.0006056856946088374,-0.00031029063393361866,-0.00361808855086565,-0.003611483611166477,-0.00112381752114743,0.00024150281387846917,0.0005516717210412025,0.0004007123061455786,-5.845677151228301e-05,-0.001645110547542572,-0.0031475028954446316,-0.0050123282708227634,-0.0011780859204009175,0.005285532679408789,0.013029373250901699,0.01981079764664173,0.0267780888825655,0.032425060868263245,0.028242914006114006,0.02712901495397091,0.02453378215432167,0.022185862064361572,0.02001701481640339,0.01821046881377697,0.01708187907934189,0.018055807799100876,0.021246928721666336,0.025416383519768715,0.026298241689801216,0.025967950001358986,0.02488115429878235,0.026354795321822166,0.03109660930931568,0.03337632864713669
