dougfraga/big_18.json
{"header": {"parameterUnit": "m.s-1", "parameterNumber": 2, "dx": 0.016666000000000736, "dy": 0.016666000000000736, "parameterNumberName": "Eastward current", "la1": -22.891645999999998, "la2": -24.0416, "parameterCategory": 2, "lo2": -43.225054, "nx": 95, "ny": 70, "refTime": "2022-12-18 18:00:00", "lo1": -44.79166}, "data":
[rows 19 to 37 of 70, columns 0 to 41 of 95]
0.0,0.0,0.0,0.0,0.0,0.0013914848677814007,0.003310153726488352,0.001918668975122273,0.0,0.0,-0.017870396375656128,-0.033550478518009186,-0.028331026434898376,-0.027205195277929306,-0.02978205494582653,-0.031245050951838493,-0.02773294597864151,-0.02347387745976448,-0.02169474959373474,-0.01942894235253334,-0.018295777961611748,-0.017566125839948654,-0.01925714686512947,-0.025638453662395477,-0.05168132483959198,-0.036537300795316696,0.0,0.0,0.011658268980681896,0.008326895534992218,-0.01387337502092123,-0.010542000643908978,0.0,0.0,-1.2789715670833123e-18,0.0,0.007951615378260612,0.01897655427455902,0.022839831188321114,0.02836102619767189,0.03552757203578949,0.030040355399250984
0.0,0.0,0.0,0.0,0.0,0.0014950920594856143,0.0014950920594856143,0.0,0.0,0.0,0.0,-0.009809855371713638,-0.02324901893734932,-0.027704061940312386,-0.029309870675206184,-0.03272581100463867,-0.03092796914279461,-0.026414869353175163,-0.02512306161224842,-0.022411881014704704,-0.01993800699710846,-0.018735675141215324,-0.01688900589942932,-0.020156169310212135,-0.03332365304231644,-0.020802266895771027,0.0,0.0,0.006918398197740316,0.0058363620191812515,-0.0037652349565178156,-0.004143768455833197,0.005086362361907959,0.014863240532577038,0.015037580393254757,0.01728210598230362,0.017223944887518883,0.02597297728061676,0.04537731409072876,0.05863422900438309,0.05263291299343109,0.03790067508816719
0.0,0.0,0.0,0.0,0.0,0.0,0.0,0.0,0.0,0.0,0.0,-0.013349081389605999,-0.02975194714963436,-0.029693733900785446,-0.02570406347513199,-0.027124665677547455,-0.03053438663482666,-0.030581217259168625,-0.027730204164981842,-0.023152559995651245,-0.0185852013528347,-0.015748359262943268,-0.01005575992166996,-0.005700147245079279,-0.01121294591575861,-0.029207801446318626,-0.03610576316714287,-0.010550426319241524,0.013848659582436085,0.016653766855597496,0.014530738815665245,0.016253843903541565,0.016523567959666252,0.016783857718110085,0.022135969251394272,0.030037708580493927,0.03536948189139366,0.044563330709934235,0.055220115929841995,0.05878034979104996,0.059090010821819305,0.049193207174539566
0.0,0.0,0.0,0.0,0.0,0.0,0.0,0.0,0.0,0.0,0.0,0.0,0.0,-0.008829331025481224,-0.021841399371623993,-0.03253117948770523,-0.03804810345172882,-0.03422717750072479,-0.027695028111338615,-0.020203370600938797,-0.011830789037048817,-0.003843463258817792,0.007265386637300253,0.013976460322737694,0.012358631938695908,0.00831972248852253,0.005964145064353943,0.013627948239445686,0.02636796422302723,0.0320393331348896,0.02950686402618885,0.02774840220808983,0.027964523062109947,0.028689691796898842,0.032556597143411636,0.038824208080768585,0.04519543796777725,0.05117134749889374,0.054170794785022736,0.05719882249832153,0.05706275999546051,0.051911015063524246
0.0,0.0,0.0,0.0,0.0,0.0,0.0,0.0,0.0,0.0,0.0,0.0,0.0,-0.009082271717488766,-0.02980264462530613,-0.0517735630273819,-0.04851200804114342,-0.031223822385072708,-0.022983424365520477,-0.01252796407788992,0.0005232056719250977,0.011297672986984253,0.017718642950057983,0.02201935462653637,0.028702644631266594,0.027944613248109818,0.02197059616446495,0.02694842778146267,0.03343551233410835,0.03508717566728592,0.03521556779742241,0.03475106880068779,0.03395538777112961,0.034599196165800095,0.03725524619221687,0.04126042500138283,0.04648733139038086,0.051254019141197205,0.05497364327311516,0.05935819819569588,0.058382969349622726,0.059722401201725006
0.0,0.0,0.0,0.0,0.0,0.0,0.0,0.0,0.0,0.0,0.0,0.0,0.0,0.0,0.0,0.0,0.0019246565643697977,0.002583572641015053,-0.0020923910196870565,-0.0005587207269854844,0.009026439860463142,0.02030608430504799,0.03360970690846443,0.03740378096699715,0.035120412707328796,0.034040018916130066,0.031813424080610275,0.03498388081789017,0.037820592522621155,0.03767729178071022,0.03883225843310356,0.038632795214653015,0.03745318204164505,0.03810395672917366,0.041360609233379364,0.04689988121390343,0.05125848948955536,0.05416509136557579,0.05806794390082359,0.0608578585088253,0.06222561374306679,0.0635678768157959
0.0,0.0,0.0,0.0,0.0,0.0,0.0,0.0,0.0,0.0,0.0,0.0,0.0,0.0,0.0,0.026930352672934532,0.04738704860210419,0.03352755680680275,0.017666557803750038,0.014356635510921478,0.026530180126428604,0.04063462093472481,0.046307943761348724,0.04316975176334381,0.04096260666847229,0.03994111344218254,0.039181627333164215,0.04294196888804436,0.04444356635212898,0.042125701904296875,0.04289885237812996,0.04261710122227669,0.04210924729704857,0.045658379793167114,0.048914939165115356,0.05075940489768982,0.05392253398895264,0.056549884378910065,0.05932261049747467,0.06196270510554314,0.06363784521818161,0.06485814601182938
0.0,0.0,0.0,0.0,0.0,0.0,0.0,0.0,0.0,0.0,0.0,0.0,0.0,0.0,0.02925938181579113,0.05277980864048004,0.04529226943850517,0.04656662419438362,0.04415642470121384,0.0398622564971447,0.044321637600660324,0.04981138929724693,0.051525309681892395,0.04999910667538643,0.04720504954457283,0.04647548124194145,0.05062922462821007,0.05187337473034859,0.04979417100548744,0.04903166741132736,0.048294756561517715,0.04726569354534149,0.047575924545526505,0.05250713601708412,0.05437823757529259,0.054010141640901566,0.0562906377017498,0.05762617662549019,0.058991722762584686,0.0608997717499733,0.06243337318301201,0.06363944709300995
0.0,0.0,0.0,0.0,0.0,0.0,0.0,0.0,0.0,0.0,0.0,0.0,0.0,0.0,0.013440928421914577,0.03723134100437164,0.04923553019762039,0.05970245599746704,0.06437890976667404,0.05933927372097969,0.05819857865571976,0.058204710483551025,0.057358428835868835,0.0565221793949604,0.05932364985346794,0.05994492769241333,0.05881268158555031,0.05915342643857002,0.05800009146332741,0.05550750344991684,0.053302690386772156,0.05412264168262482,0.054348237812519073,0.05496792867779732,0.05634143948554993,0.05612988770008087,0.056309398263692856,0.05623645335435867,0.05692530795931816,0.058988701552152634,0.061299294233322144,0.06374479085206985
0.0,0.0,0.0,0.0,0.0,0.013271144591271877,0.029248030856251717,0.03851175680756569,0.04007778316736221,0.017542913556098938,0.0,0.0,0.0,0.01969059742987156,0.04970472306013107,0.06279788911342621,0.07035750895738602,0.07766793668270111,0.07740580290555954,0.0732809454202652,0.07187452167272568,0.06990604102611542,0.06949080526828766,0.06948161125183105,0.06839421391487122,0.06829999387264252,0.06735239923000336,0.06474414467811584,0.06113314628601074,0.059906721115112305,0.05772710219025612,0.05475528910756111,0.05412003770470619,0.054854728281497955,0.05627473071217537,0.0567859522998333,0.0563020333647728,0.05600453168153763,0.057649414986371994,0.06203221157193184,0.06469867378473282,0.06607814133167267
0.0,0.0,0.0,0.0,0.01384401973336935,0.04856400191783905,0.07129224389791489,0.07189248502254486,0.07548864185810089,0.09122856706380844,0.09893383830785751,0.11249014735221863,0.12370632588863373,0.10720400512218475,0.09442178905010223,0.09200985729694366,0.09136123955249786,0.09037944674491882,0.08750469237565994,0.08390496671199799,0.08079447597265244,0.07991763204336166,0.07870803028345108,0.07541319727897644,0.07318119704723358,0.07181159406900406,0.0716719999909401,0.06648340821266174,0.05873706564307213,0.054148368537425995,0.05669885128736496,0.05742212384939194,0.053341805934906006,0.05459211394190788,0.056252993643283844,0.05659729614853859,0.056155093014240265,0.05797317996621132,0.06033970043063164,0.06218386068940163,0.06443716585636139,0.06670095026493073
0.1077217310667038,0.10865180939435959,0.11751819401979446,0.12866879999637604,0.11780323088169098,0.1038428470492363,0.10499899089336395,0.10417430102825165,0.10432679206132889,0.10908324271440506,0.11035029590129852,0.11166628450155258,0.11232282966375351,0.10628858208656311,0.09951337426900864,0.09463175386190414,0.09201452136039734,0.08960500359535217,0.08565202355384827,0.08580651134252548,0.08578576892614365,0.08242485672235489,0.08294234424829483,0.07904083281755447,0.07404588162899017,0.07163570076227188,0.06480154395103455,0.05799416825175285,0.054097507148981094,0.052863869816064835,0.053207822144031525,0.05383544787764549,0.05400966852903366,0.054937075823545456,0.05589570105075836,0.05579964071512222,0.05702947825193405,0.05868595466017723,0.059519074857234955,0.061169058084487915,0.06332796066999435,0.06603687256574631
0.12433463335037231,0.12129691243171692,0.12077374756336212,0.12418860197067261,0.12160629034042358,0.11941809207201004,0.11770464479923248,0.11417216062545776,0.11391621083021164,0.11610250174999237,0.11583420634269714,0.11258792132139206,0.10906235873699188,0.10323140025138855,0.09775382280349731,0.09369007498025894,0.0898551344871521,0.0857866108417511,0.08186072111129761,0.08604255318641663,0.08954377472400665,0.08525874465703964,0.08510315418243408,0.07952440530061722,0.07118982821702957,0.06529901921749115,0.05768688768148422,0.052066050469875336,0.048794593662023544,0.047917403280735016,0.050475090742111206,0.05401815101504326,0.05465109646320343,0.05492943897843361,0.05541940778493881,0.056975919753313065,0.05764547735452652,0.0575086772441864,0.058447904884815216,0.05988536402583122,0.06155971437692642,0.06344343721866608
0.13110843300819397,0.12854963541030884,0.1241689994931221,0.12262066453695297,0.12221215665340424,0.12121821939945221,0.11985647678375244,0.11936651915311813,0.11764974147081375,0.11509477347135544,0.11379832774400711,0.11062497645616531,0.10594941675662994,0.10088807344436646,0.0964905321598053,0.09304662048816681,0.08932573348283768,0.08443450927734375,0.07804285734891891,0.08428657799959183,0.09239543974399567,0.08960030227899551,0.08274407684803009,0.07938971370458603,0.07333389669656754,0.05846162512898445,0.05113733559846878,0.04798296093940735,0.04684707894921303,0.049306031316518784,0.051809877157211304,0.05337362736463547,0.053262438625097275,0.0545966811478138,0.057967767119407654,0.058212462812662125,0.056741442531347275,0.05677145719528198,0.05760839954018593,0.05877246335148811,0.06007060781121254,0.06333101540803909
0.1186334490776062,0.11925598978996277,0.11967521160840988,0.11932820826768875,0.11969240009784698,0.12071611732244492,0.11957871168851852,0.11730817705392838,0.11506163328886032,0.11232586205005646,0.11007672548294067,0.10740061104297638,0.10503125190734863,0.1004858911037445,0.09489134699106216,0.09163045883178711,0.08833982795476913,0.08452785015106201,0.0835762545466423,0.08326205611228943,0.08846224099397659,0.09427718073129654,0.08640506863594055,0.07962934672832489,0.07413918524980545,0.058903325349092484,0.04897083342075348,0.047238223254680634,0.047327931970357895,0.050022877752780914,0.052320003509521484,0.053476572036743164,0.05456079915165901,0.05638110265135765,0.05759051814675331,0.057075388729572296,0.05608081445097923,0.05587998032569885,0.056126099079847336,0.057508617639541626,0.058371443301439285,0.06778644025325775
0.11164528131484985,0.11212655156850815,0.1139298602938652,0.11570051312446594,0.11570607125759125,0.11553876101970673,0.11517373472452164,0.11317168921232224,0.11112642288208008,0.10942404717206955,0.10748620331287384,0.10624346137046814,0.10300121456384659,0.09760316461324692,0.09354151040315628,0.09079442918300629,0.08854503184556961,0.08709778636693954,0.08643430471420288,0.09080427885055542,0.09601172059774399,0.09485507011413574,0.08880724757909775,0.08134699612855911,0.07533139735460281,0.06086210533976555,0.04969193413853645,0.0490422323346138,0.04909850284457207,0.05101430043578148,0.052297115325927734,0.053099941462278366,0.054090309888124466,0.05494382232427597,0.054904889315366745,0.05459224432706833,0.05490623414516449,0.05521778389811516,0.057444240897893906,0.06069429963827133,0.06423478573560715,0.0720035657286644
0.10523691028356552,0.10608434677124023,0.10741611570119858,0.1091277152299881,0.11060459911823273,0.11072506755590439,0.10988546162843704,0.10794031620025635,0.106330506503582,0.10610118508338928,0.10658879578113556,0.10403131693601608,0.09899536520242691,0.0952300950884819,0.09247080981731415,0.09042409807443619,0.08915520459413528,0.08974321186542511,0.09184692054986954,0.09346048533916473,0.09321329742670059,0.08968909829854965,0.08376171439886093,0.0776120126247406,0.06968899071216583,0.05887363851070404,0.05377764627337456,0.0531255379319191,0.052171673625707626,0.05279705673456192,0.052942682057619095,0.0530814453959465,0.053165849298238754,0.05290481820702553,0.051930274814367294,0.051130931824445724,0.05360037088394165,0.05793798342347145,0.0613216832280159,0.062207914888858795,0.07111725211143494,0.08038900047540665
0.09781727939844131,0.09918179363012314,0.1018347516655922,0.10438837856054306,0.10555226355791092,0.10540702939033508,0.10445240885019302,0.10279213637113571,0.10281980782747269,0.10492480546236038,0.1038275957107544,0.09967709332704544,0.09620498865842819,0.09301086515188217,0.09074555337429047,0.0894017443060875,0.08931279927492142,0.090457983314991,0.09150370210409164,0.09159601479768753,0.09058533608913422,0.08732128143310547,0.08138278126716614,0.07440968602895737,0.0678454264998436,0.0634487122297287,0.05965472757816315,0.057012178003787994,0.05660615116357803,0.05613762140274048,0.05532430484890938,0.053676996380090714,0.051382627338171005,0.04886872321367264,0.047216255217790604,0.04996217042207718,0.055005911737680435,0.060031868517398834,0.06564926356077194,0.06995396316051483,0.07577881962060928,0.083400197327137
0.09447450190782547,0.09557212144136429,0.09757700562477112,0.09914201498031616,0.1002553328871727,0.10042481124401093,0.09969135373830795,0.10016153007745743,0.10052569955587387,0.09966173022985458,0.09817375242710114,0.09587720036506653,0.09308340400457382,0.0904475674033165,0.08911608159542084,0.08855492621660233,0.08845468610525131,0.08973407000303268,0.09434854239225388,0.09462787955999374,0.09124806523323059,0.08832138776779175,0.0823301449418068,0.07554354518651962,0.06941758096218109,0.06595071405172348,0.0638643279671669,0.06190279871225357,0.06083904579281807,0.05980517342686653,0.05784406140446663,0.05525512993335724,0.050028979778289795,0.04503988102078438,0.04475770518183708,0.04903402552008629,0.05608876794576645,0.06631369888782501,0.07443130761384964,0.07744171470403671,0.08035484701395035,0.08355478197336197
