dougfraga/big_5.json
{"header": {"parameterUnit": "m.s-1", "parameterNumber": 3, "dx": 0.016666000000000736, "dy": 0.016666000000000736, "parameterNumberName": "Northward current", "la1": -22.891645999999998, "la2": -24.0416, "parameterCategory": 2, "lo2": -43.225054, "nx": 95, "ny": 70, "refTime": "2022-12-18 05:00:00", "lo1": -44.79166}, "data":
[rows 0 to 17 of 70, columns 41 to 81 of 95]
0.0,0.0,0.0,0.0,0.0,0.0,0.0,0.0,0.0,0.0,0.0,0.0,0.0,0.0,0.0,0.0,0.0,0.0,0.0,0.0,0.0,0.0,0.0,0.0,0.0,0.0,0.0,0.0,0.0,0.0,0.0,0.0,0.0,0.0,0.0,0.0,0.0,0.0,0.0,0.0,0.0
0.0,0.0,0.0,0.0,0.0,0.0,0.0,0.0,0.0,0.0,0.0,0.0,0.0,0.0,0.0,0.0,0.0,0.0,0.0,0.0,0.0,0.0,0.0,0.0,0.0,0.0,0.0,0.0,0.0,0.0,0.0,0.0,0.0,0.0,0.0,0.0,0.0,0.0,0.0,0.0,0.0
0.0,0.0,0.0,0.0,0.0,0.0,0.0,0.0,0.0,0.0,0.0,0.0,0.0,0.0,0.001283106510527432,0.0,0.0,0.0,0.0,0.0,0.0,0.0,0.0,0.0,0.0,0.0,0.0,0.0,0.0,0.0,0.0,0.0,0.0,0.0,0.0,0.0,0.0,0.0,0.0,0.0,0.0
0.0,0.0,0.0,0.0,0.0,0.0,0.0,0.0,0.0,0.0006586226518265903,0.0,0.0,0.0,0.0,0.004418918397277594,0.002706206636503339,0.0,0.0007655504741705954,0.002114176517352462,0.0,0.0,0.0,0.0,0.0,0.0,0.0,0.0,0.0,0.0,0.0,0.0,0.0,0.0,0.0,0.0,0.0,0.0,0.0,0.0,0.0,0.0
0.0,0.0,-0.0014191942755132914,-0.0038707302883267403,0.0,0.0,0.008127255365252495,0.006219982635229826,0.0030593567062169313,0.0011317012831568718,-0.0013397318543866277,-0.004346175119280815,0.0,0.0,0.008196264505386353,0.005472014658153057,0.001789273926988244,0.0015077681746333838,0.002515289466828108,0.0004714162787422538,0.0014691830147057772,0.00343545014038682,0.0,0.0,0.0,0.0,0.0,0.0,0.0,0.0,0.0,0.0,0.0,0.0,0.0,0.0,0.0,0.0,0.0,0.0,0.0
0.0,0.0,0.0007641813717782497,-0.008312288671731949,0.0,0.013869427144527435,0.01957263983786106,0.015185035765171051,0.007089682854712009,0.004133515525609255,0.0034112941939383745,-0.002207139041274786,0.004866067785769701,0.0034885022323578596,0.007563838269561529,0.0048931133933365345,0.0036074442323297262,0.0017225720221176744,0.00047032570000737906,0.0007310918881557882,0.002475299872457981,0.005774600896984339,0.00320683466270566,0.0,0.0,0.0,0.0,0.0,0.0,0.0,0.0,0.0,0.0,0.0,0.0,0.0,0.0,0.0,0.0,0.0,0.0
0.0,0.0,0.013620062731206417,0.0030838814564049244,0.009121598675847054,0.02434603124856949,0.020696749910712242,0.016483541578054428,0.011058284901082516,0.00861323717981577,0.007885248400270939,0.004704526625573635,0.005410382058471441,0.0026845585089176893,0.002190644619986415,0.0015399397816509008,0.0016127206617966294,-0.0002363209641771391,-0.0006160874618217349,-0.00010150175512535498,0.0012119264574721456,0.0035839795600622892,0.004799186252057552,0.0013854714343324304,0.0,0.0,0.0,0.0,0.0,0.0,0.0,0.0,0.0,0.0,0.0,0.0,0.0,0.0,0.0,0.0,0.0
0.0,0.013122528791427612,0.024873526766896248,0.02094610035419464,0.023389028385281563,0.0249501783400774,0.02407132089138031,0.019424447789788246,0.01400806289166212,0.005356952548027039,0.000999930314719677,0.0007522616651840508,-0.0006704083643853664,-0.002427490195259452,-0.0033464522566646338,-0.004025205038487911,-0.0033734634052962065,-0.004605669062584639,-0.0037111840210855007,-0.0030353241600096226,-0.00219894596375525,-0.0008898414671421051,-0.0013026915257796645,-0.003054656321182847,-0.0029352314304560423,-0.0031119133345782757,-0.004840217996388674,0.0,0.0,0.0,0.0,0.0,0.0,0.0,0.0,0.0,0.0,0.0,0.0,0.0,0.0
0.010689987801015377,0.028711488470435143,0.0322381816804409,0.03377168998122215,0.03466154634952545,0.033587779849767685,0.02963651902973652,0.02464030496776104,0.012647436000406742,0.002764443401247263,-0.005433470942080021,-0.005557440686970949,-0.0038814558647572994,-0.0031042329501360655,-0.006474364548921585,-0.00789299700409174,-0.007852775044739246,-0.009022753685712814,-0.008419523946940899,-0.008756265975534916,-0.007987044751644135,-0.008121068589389324,-0.009115810506045818,-0.013228812254965305,-0.01051431242376566,-0.010453573428094387,-0.012228786014020443,-0.005448436830192804,-0.0061747729778289795,-0.007928282022476196,-0.008806915953755379,-0.008650856092572212,0.0,0.0,0.0,0.0,0.0,0.0,0.0,0.0,0.0
0.024396542459726334,0.03396406024694443,0.0387892983853817,0.040029771625995636,0.04073919355869293,0.038115937262773514,0.03246162086725235,0.03100888803601265,0.0056673320941627026,0.002360291313380003,-0.01600152812898159,-0.010789903812110424,-0.00666908361017704,-0.0007064736564643681,-0.003440654370933771,-0.0044551570899784565,-0.004684761632233858,-0.013777135871350765,-0.011223851703107357,-0.013195568695664406,-0.013159845024347305,-0.014604669064283371,-0.01412094384431839,-0.008788684383034706,-0.007579080760478973,-0.007341660559177399,-0.007388567551970482,-0.005448436830192804,-0.0061747729778289795,-0.007928282022476196,-0.008806915953755379,-0.003989196382462978,-0.005484192632138729,0.0,0.0,0.0,0.0,0.0,0.0,-0.004382623825222254,-0.009379273280501366
0.027507638558745384,0.036445386707782745,0.03921140730381012,0.04153518006205559,0.039891891181468964,0.042727965861558914,0.03923294320702553,0.018274541944265366,0.0,0.0,-0.012702349573373795,-0.007045691832900047,-0.004002350382506847,0.0007742130546830595,0.0,0.0,0.0,-0.008143375627696514,-0.005830211099237204,-0.007113449275493622,-0.0075775557197630405,-0.008618270978331566,-0.007900175638496876,0.0,0.0,0.0,0.0,0.0,0.0,0.0,0.0,0.03258997201919556,0.013097508810460567,0.0,0.0,0.0,-0.009703516960144043,-0.010825768113136292,-0.010417107492685318,-0.009521245025098324,-0.018864134326577187
0.026905015110969543,0.03526381030678749,0.040819477289915085,0.04650392383337021,0.04150053486227989,0.05116043984889984,0.021587885916233063,0.0,0.0,0.0,0.0,0.0,0.0,0.0,0.0,0.0,0.0,0.0,0.0,0.0,0.0,0.0,0.0,-0.0071500446647405624,-0.006473639979958534,-0.012576515786349773,-0.01425414439290762,-0.012611218728125095,-0.013526917435228825,-0.014058554545044899,-0.015018034726381302,0.0302383154630661,0.025432555004954338,0.0,-0.013276252895593643,-0.01058163307607174,-0.01179905328899622,-0.012554134242236614,-0.008552009239792824,-0.01213271263986826,-0.012795800343155861
0.026883890852332115,0.03526364639401436,0.040944699198007584,0.04799099266529083,0.04643692076206207,0.05311994627118111,0.0,0.0,0.0,0.0,0.0,0.0,-0.006394506432116032,-0.007835791446268559,-0.00931012537330389,-0.010363726876676083,-0.0101658646017313,-0.0062934281304478645,-0.00855990033596754,-0.009855449199676514,-0.010136494413018227,-0.009923928417265415,-0.009853173978626728,-0.01714993827044964,-0.016292139887809753,-0.020204899832606316,-0.023163331672549248,-0.022207919508218765,-0.026667997241020203,-0.02588590793311596,-0.019954631105065346,0.004379600752145052,0.004757673013955355,-0.004728587344288826,-0.018748236820101738,-0.012265334837138653,-0.0010577479843050241,-0.004121262114495039,0.010505205020308495,-0.005850913934409618,-0.011214951984584332
0.025937650352716446,0.03694087639451027,0.0415719710290432,0.049558356404304504,0.052497509866952896,0.05384219065308571,0.0,0.0,-0.014381981454789639,-0.008270405232906342,-0.007718637119978666,-0.008694763295352459,-0.006433736998587847,-0.006730018183588982,-0.008364202454686165,-0.00930352695286274,-0.010157969780266285,-0.006699926219880581,-0.011494438163936138,-0.014405796304345131,-0.015591444447636604,-0.015745582059025764,-0.01422154065221548,-0.00693032331764698,-0.005306907929480076,-0.006386809051036835,-0.010681682266294956,-0.013252140022814274,-0.012202507816255093,-0.011551163159310818,-0.002216610126197338,0.00785099994391203,0.0034876763820648193,-0.004583489149808884,-0.00631437124684453,-0.0001678221015026793,0.0030372869223356247,-0.005491672083735466,0.005058423615992069,-0.002865734975785017,-0.007122739218175411
0.03260934725403786,0.041872333735227585,0.04210507497191429,0.04607853293418884,0.05277744308114052,0.04985097795724869,0.00550018809735775,-0.003200079780071974,-0.016063706949353218,-0.009207780472934246,-0.008279361762106419,-0.003215362085029483,0.008071023970842361,0.01077858917415142,0.01165798120200634,0.012169018387794495,0.011569988913834095,0.010804549790918827,0.00267753261141479,-0.001299867290072143,-0.004150778520852327,-0.0062491376884281635,-0.005410739220678806,0.0024122956674546003,0.005312016699463129,0.008009449578821659,0.00425368407741189,-0.0013540098443627357,0.0024815648794174194,-0.00021388281311374158,0.00032697926508262753,0.002490100683644414,0.0032657929696142673,0.0035672762896865606,0.001927803037688136,0.005376860965043306,0.006247436162084341,0.00020387598488014191,-0.003499034559354186,-0.0029021864756941795,0.003752932883799076
0.04456325247883797,0.04564932733774185,0.04356716573238373,0.0406351163983345,0.047827690839767456,0.04247589781880379,0.015697462484240532,0.00033212872222065926,0.005932422820478678,0.007528253365308046,0.008561952970921993,0.01606571674346924,0.016112327575683594,0.01710611768066883,0.017292072996497154,0.016197947785258293,0.016586778685450554,0.016311287879943848,0.01535882893949747,0.012860087677836418,0.010686813853681087,0.005993548780679703,0.0048097893595695496,0.004471851512789726,0.0053363279439508915,0.010473300702869892,0.00921127013862133,0.010171966627240181,0.00880884937942028,0.0063066487200558186,0.003721125889569521,-0.0011534402146935463,-0.0005223938496783376,0.005450739525258541,0.004339179955422878,0.005333963315933943,0.00576475216075778,0.005308926105499268,0.007128337863832712,0.009190338663756847,0.011001809500157833
0.06058500334620476,0.050720199942588806,0.05055386945605278,0.043216902762651443,0.04106256738305092,0.0343456044793129,0.025376440957188606,0.016764674335718155,0.016222596168518066,0.015022470615804195,0.013791292905807495,0.014829237014055252,0.01764254830777645,0.01890023984014988,0.01871643401682377,0.014908571727573872,0.014226173982024193,0.01349908858537674,0.01704806089401245,0.015187120996415615,0.01471477746963501,0.01643540896475315,0.015759259462356567,0.014899326488375664,0.014378209598362446,0.014034433290362358,0.013493658043444157,0.015659790486097336,0.013746585696935654,0.011322034522891045,0.00954081118106842,0.008582012727856636,0.007418074645102024,0.007449916563928127,0.007820439524948597,0.00913398526608944,0.00989870447665453,0.011510303243994713,0.017608772963285446,0.01901976205408573,0.01948145404458046
0.06067149341106415,0.056637369096279144,0.050487082451581955,0.04677334055304527,0.040227897465229034,0.030258631333708763,0.028729155659675598,0.02281366102397442,0.020562002435326576,0.017822373658418655,0.016040625050663948,0.016009029000997543,0.01874649152159691,0.019728394225239754,0.019679425284266472,0.020897237583994865,0.02021154947578907,0.01902160793542862,0.018179630860686302,0.016811028122901917,0.016565794125199318,0.019285744056105614,0.018469151109457016,0.017429737374186516,0.016254611313343048,0.01583264395594597,0.015592195093631744,0.016182638704776764,0.014219313859939575,0.011452259495854378,0.009905064478516579,0.012946639209985733,0.012423926964402199,0.012578479014337063,0.0144746582955122,0.016850050538778305,0.016838159412145615,0.01849079690873623,0.01978152059018612,0.020352372899651527,0.02118469774723053
