dougfraga/big_7.json
{"header": {"parameterUnit": "m.s-1", "parameterNumber": 2, "dx": 0.016666000000000736, "dy": 0.016666000000000736, "parameterNumberName": "Eastward current", "la1": -22.891645999999998, "la2": -24.0416, "parameterCategory": 2, "lo2": -43.225054, "nx": 95, "ny": 70, "refTime": "2022-12-18 07:00:00", "lo1": -44.79166}, "data":
[rows 0 to 18 of 70, columns 42 to 83 of 95]
0.0,0.0,0.0,0.0,0.0,0.0,0.0,0.0,0.0,0.0,0.0,0.0,0.0,0.0,0.0,0.0,0.0,0.0,0.0,0.0,0.0,0.0,0.0,0.0,0.0,0.0,0.0,0.0,0.0,0.0,0.0,0.0,0.0,0.0,0.0,0.0,0.0,0.0,0.0,0.0,0.0,0.0
0.0,0.0,0.0,0.0,0.0,0.0,0.0,0.0,0.0,0.0,0.0,0.0,0.0,0.0,0.0,0.0,0.0,0.0,0.0,0.0,0.0,0.0,0.0,0.0,0.0,0.0,0.0,0.0,0.0,0.0,0.0,0.0,0.0,0.0,0.0,0.0,0.0,0.0,0.0,0.0,0.0,0.0
0.0,0.0,0.0,0.0,0.0,0.0,0.0,0.0,0.0,0.0,0.0,0.0,0.0,1.421598158353374e-19,0.0,0.0,0.0,0.0,0.0,0.0,0.0,0.0,0.0,0.0,0.0,0.0,0.0,0.0,0.0,0.0,0.0,0.0,0.0,0.0,0.0,0.0,0.0,0.0,0.0,0.0,0.0,0.0
0.0,0.0,0.0,0.0,0.0,0.0,0.0,0.0,-1.7922117789168124e-19,0.0,0.0,0.0,0.0,-0.0017536303494125605,-0.0017536303494125605,0.0,0.00028590805595740676,0.00028590805595740676,0.0,0.0,0.0,0.0,0.0,0.0,0.0,0.0,0.0,0.0,0.0,0.0,0.0,0.0,0.0,0.0,0.0,0.0,0.0,0.0,0.0,0.0,0.0,0.0
0.0,0.001252109999768436,0.001252109999768436,0.0,0.0,0.01709284447133541,0.03907906636595726,0.050592098385095596,0.05727650597691536,0.04617169871926308,0.017501072958111763,0.0,0.0,0.0039812736213207245,0.012569030746817589,0.02043791115283966,0.020365001633763313,0.014208637177944183,0.009453628212213516,0.0049653188325464725,0.0012054801918566227,0.0,0.0,0.0,0.0,0.0,0.0,0.0,0.0,0.0,0.0,0.0,0.0,0.0,0.0,0.0,0.0,0.0,0.0,0.0,0.0,0.0
0.0,0.0004516048647928983,0.0004516048647928983,0.0,0.023184727877378464,0.0491458997130394,0.053909819573163986,0.06000575050711632,0.05974089354276657,0.05388690158724785,0.05548093095421791,0.05575527995824814,0.05976931378245354,0.05738066881895065,0.04125983640551567,0.03105262666940689,0.023854024708271027,0.01635565049946308,0.009093940258026123,0.001536857453174889,-0.004922174382954836,-0.003748322371393442,0.0,0.0,0.0,0.0,0.0,0.0,0.0,0.0,0.0,0.0,0.0,0.0,0.0,0.0,0.0,0.0,0.0,0.0,0.0,0.0
0.0,0.009092922322452068,0.04256999492645264,0.08374939858913422,0.09667152166366577,0.0853184163570404,0.07061460614204407,0.06326521188020706,0.06117823347449303,0.05865562707185745,0.05720585584640503,0.057677701115608215,0.059310946613550186,0.05452654883265495,0.044683098793029785,0.035567231476306915,0.026268959045410156,0.016325606033205986,0.005882046185433865,-0.004379257559776306,-0.013087105005979538,-0.018139157444238663,-0.009637904353439808,0.0,0.0,0.0,0.0,0.0,0.0,0.0,0.0,0.0,0.0,0.0,0.0,0.0,0.0,0.0,0.0,0.0,0.0,0.0
0.021841986104846,0.051660098135471344,0.06367504596710205,0.07653666287660599,0.08860700577497482,0.08289817720651627,0.07193971425294876,0.07253701984882355,0.07332850247621536,0.06814870983362198,0.06396083533763885,0.060627225786447525,0.0582529716193676,0.05509486794471741,0.047349169850349426,0.038559384644031525,0.028215507045388222,0.0160145852714777,0.002557195257395506,-0.010177443735301495,-0.021783770993351936,-0.036039695143699646,-0.05509849637746811,-0.0636541023850441,-0.04823023080825806,-0.017590057104825974,0.0,0.0,0.0,0.0,0.0,0.0,0.0,0.0,0.0,0.0,0.0,0.0,0.0,0.0,0.0,0.0
0.05344993248581886,0.05882241576910019,0.06402057409286499,0.06881996244192123,0.07672982662916183,0.08586211502552032,0.09107229858636856,0.09142028540372849,0.08261565864086151,0.07064228504896164,0.0645611584186554,0.06095241382718086,0.059381432831287384,0.05516577884554863,0.04747547581791878,0.0406205914914608,0.03005424700677395,0.015728117898106575,0.0006663547246716917,-0.013172050938010216,-0.02688964456319809,-0.04413895308971405,-0.061177946627140045,-0.0731123760342598,-0.08340536803007126,-0.09910076856613159,-0.10947137326002121,-0.1093566045165062,-0.10592004656791687,-0.08751213550567627,-0.03600494936108589,0.0,0.0,0.0,0.0,0.0,0.0,0.0,0.0,0.0,0.0,0.0
0.03415754437446594,0.03394094482064247,0.04948671907186508,0.05481341481208801,0.06306662410497665,0.0842372477054596,0.10643818974494934,0.10056794434785843,0.08571353554725647,0.07644040137529373,0.06066490709781647,0.053475335240364075,0.05569018796086311,0.05305149778723717,0.04525145888328552,0.04250669479370117,0.03120880387723446,0.011917625553905964,-0.0031638643704354763,-0.014245962724089622,-0.026783116161823273,-0.047747667878866196,-0.06988481432199478,-0.08415691554546356,-0.09469538182020187,-0.10402946174144745,-0.11153600364923477,-0.11633585393428802,-0.11597589403390884,-0.11630086600780487,-0.09067197144031525,-0.03117409721016884,0.0,0.0,0.0,0.0,0.0,0.0,0.016042223200201988,0.03850589320063591,0.042032498866319656,0.037936992943286896
0.016468439251184464,0.019164368510246277,0.031147439032793045,0.04468480870127678,0.06108546629548073,0.07283111661672592,0.037353165447711945,0.0,0.0,0.010916278697550297,0.031266383826732635,0.03490697219967842,0.014556868001818657,0.0,0.0,0.0,-0.0024964693002402782,-0.006236616987735033,-0.009721562266349792,-0.012996514327824116,-0.01371359545737505,-0.006698495242744684,0.0,0.0,0.0,0.0,0.0,0.0,0.0,0.0,0.0033889238256961107,0.0033889238256961107,0.0,0.0,0.0,0.020370012149214745,0.04102186858654022,0.04520377144217491,0.04418196156620979,0.03758074343204498,0.03826757147908211,0.045024462044239044
0.00996626541018486,0.013475983403623104,0.01873495988547802,0.028256569057703018,0.0528242401778698,0.03490624949336052,0.0,0.0,0.0,0.0,0.0,0.0,0.0,0.0,0.0,0.0,0.0,0.0,0.0,0.0,0.0,0.0,0.016995107755064964,0.030445579439401627,0.03223001956939697,0.047086894512176514,0.05423155426979065,0.0467287041246891,0.04145384579896927,0.06614843755960464,0.08072967082262039,0.03523057699203491,0.0,0.012613407336175442,0.03417172282934189,0.03812045603990555,0.03776659071445465,0.0426473505795002,0.047129109501838684,0.04511350765824318,0.040080588310956955,0.04153475537896156
-0.0007183084962889552,0.001735505647957325,0.0063969409093260765,0.0020239849109202623,-0.0011444793781265616,0.0,0.0,0.0,0.0,0.0,0.0,0.007455599494278431,0.015552869066596031,0.017306119203567505,0.019995611160993576,0.026640193536877632,0.024347713217139244,0.017872458323836327,0.02006111852824688,0.022455506026744843,0.02389509789645672,0.026209278032183647,0.028008421882987022,0.032014332711696625,0.033585671335458755,0.03350716084241867,0.034603703767061234,0.034431587904691696,0.039976950734853745,0.04102635756134987,0.02549627423286438,0.009861971251666546,0.019017888233065605,0.028719328343868256,0.027647072449326515,0.03505494445562363,0.05528678372502327,0.0690508559346199,0.06516333669424057,0.05307510495185852,0.04522812366485596,0.05028252676129341
-0.00475200405344367,-0.0049121486954391,-0.007921811193227768,-0.015579583123326302,-0.009426044300198555,0.0,0.0,0.009914674796164036,0.011657239869236946,0.007355146110057831,0.019314097240567207,0.021579507738351822,0.01654323749244213,0.018194690346717834,0.018428020179271698,0.017590586096048355,0.015180150978267193,0.013982889242470264,0.016239548102021217,0.018658244982361794,0.021902281790971756,0.029402004554867744,0.03116093948483467,0.028607748448848724,0.02857276052236557,0.029459964483976364,0.035769786685705185,0.03624039143323898,0.03447730839252472,0.0339035838842392,0.024956844747066498,0.014429730363190174,0.012910925783216953,0.021248405799269676,0.03398436680436134,0.047259800136089325,0.05862836539745331,0.06449923664331436,0.06269440054893494,0.051753826439380646,0.04523283988237381,0.04975179210305214
-0.012616225518286228,-0.014142505824565887,-0.011973262764513493,-0.019463341683149338,-0.041733287274837494,-0.04936398193240166,-0.031629811972379684,-0.016496319323778152,-0.00939758401364088,0.004270554520189762,0.012676792219281197,0.012357816100120544,0.013993645086884499,0.015060079284012318,0.014759540557861328,0.013755420222878456,0.011960647068917751,0.012173776514828205,0.01522918976843357,0.01850362867116928,0.02163643017411232,0.0251232348382473,0.027951261028647423,0.033564046025276184,0.033407218754291534,0.02991061843931675,0.03126014024019241,0.031097549945116043,0.031050080433487892,0.030004531145095825,0.02715969644486904,0.027141576632857323,0.02299630083143711,0.026162734255194664,0.040766991674900055,0.0478246845304966,0.04717531427741051,0.04591234400868416,0.04754314199090004,0.04817890003323555,0.051230814307928085,0.06704403460025787
-0.010535062290728092,-0.009138769470155239,-0.012616634368896484,-0.019720962271094322,-0.03438585624098778,-0.04076389968395233,-0.03262314572930336,-0.02198776975274086,-0.01398645993322134,-0.003652268322184682,0.00299761607311666,0.005985432770103216,0.008718895725905895,0.010506744496524334,0.011005149222910404,0.011773137375712395,0.018010497093200684,0.01914921961724758,0.016134610399603844,0.019147217273712158,0.02179068513214588,0.024458948522806168,0.02716084197163582,0.028620855882763863,0.02904813550412655,0.03319954499602318,0.03274395689368248,0.028854012489318848,0.0299220010638237,0.029031876474618912,0.027262253686785698,0.02640211209654808,0.0253224428743124,0.026617035269737244,0.03131217882037163,0.0370059609413147,0.049826301634311676,0.05903308838605881,0.060914479196071625,0.0661977007985115,0.07207619398832321,0.07751546800136566
-0.015422903932631016,-0.0044335899874567986,-0.009850711561739445,-0.017811905592679977,-0.021403422579169273,-0.02369517832994461,-0.025592390447854996,-0.020967252552509308,-0.01302923820912838,-0.003963680472224951,0.007558075245469809,0.012261166237294674,0.010641160421073437,0.012507329694926739,0.013537254184484482,0.014005446806550026,0.015207299962639809,0.015623017214238644,0.01688961684703827,0.023517411202192307,0.0250504482537508,0.02301843836903572,0.025662383064627647,0.027686050161719322,0.02847772277891636,0.028221117332577705,0.027156705036759377,0.026425834745168686,0.02778446115553379,0.0321805514395237,0.0315643735229969,0.028603671118617058,0.030774101614952087,0.033535540103912354,0.03669994696974754,0.04088607802987099,0.04837452992796898,0.05633768439292908,0.06220020726323128,0.06747114658355713,0.07223375886678696,0.07727496325969696
0.010541556403040886,0.0032667869236320257,0.0007348972139880061,-0.008998292498290539,-0.015420502983033657,-0.017577173188328743,-0.01210897509008646,-0.007566158659756184,-0.005316026508808136,0.0007641012780368328,0.005164965521544218,0.007099761161953211,0.009132002480328083,0.01564423181116581,0.017263716086745262,0.0146078672260046,0.016388002783060074,0.01845747046172619,0.019697876647114754,0.020953131839632988,0.02154696173965931,0.022306567057967186,0.02397887408733368,0.025451308116316795,0.027159828692674637,0.03137516602873802,0.0311381034553051,0.02828325890004635,0.030003497377038002,0.031675659120082855,0.032984666526317596,0.03649622201919556,0.04218824580311775,0.046869147568941116,0.05043494701385498,0.05385904014110565,0.057298120111227036,0.06117917597293854,0.06581086665391922,0.0712757334113121,0.07884415239095688,0.08479951322078705
0.005763704422861338,0.004848173353821039,0.0022574730683118105,0.0018220798810943961,-0.001969248289242387,-0.007630775682628155,-0.007273489143699408,-0.00527587253600359,-0.0026343665085732937,0.0018616433953866363,0.010115615092217922,0.012875276617705822,0.011538919992744923,0.013839860446751118,0.01439038384705782,0.01496357936412096,0.01654158905148506,0.01830083318054676,0.02048085629940033,0.025225354358553886,0.026733338832855225,0.025503912940621376,0.026670247316360474,0.02765800803899765,0.028971413150429726,0.030327394604682922,0.030904918909072876,0.03149818256497383,0.03358883410692215,0.03823966160416603,0.04369884729385376,0.04718324542045593,0.049727652221918106,0.05297814682126045,0.05824025720357895,0.06155151128768921,0.0635465756058693,0.06794431805610657,0.07322151213884354,0.0786835178732872,0.08427199721336365,0.08967647701501846
