dougfraga/big_12.json
{"header": {"parameterUnit": "m.s-1", "parameterNumber": 3, "dx": 0.016666000000000736, "dy": 0.016666000000000736, "parameterNumberName": "Northward current", "la1": -22.891645999999998, "la2": -24.0416, "parameterCategory": 2, "lo2": -43.225054, "nx": 95, "ny": 70, "refTime": "2022-12-18 12:00:00", "lo1": -44.79166}, "data":
[rows 18 to 35 of 70, columns 41 to 81 of 95]
-0.025026720017194748,-0.02111923135817051,-0.026290809735655785,-0.01881239376962185,-0.016315478831529617,-0.012852603569626808,-0.010891031473875046,-0.011172447353601456,-0.005162612535059452,-0.0059479884803295135,-0.010187448002398014,-0.010312340222299099,-0.0068522789515554905,-0.008489128202199936,-0.01130268257111311,-0.010010568425059319,-0.01060089748352766,-0.011186137795448303,-0.010492617264389992,-0.009710351936519146,-0.007696845568716526,-0.0023781382478773594,-0.002417314564809203,-0.003709631972014904,-0.005360870622098446,-0.006327279377728701,-0.010421540588140488,-0.007303673308342695,-0.003757952246814966,-0.0011090716579928994,0.001760981511324644,0.0028810573276132345,0.002553117461502552,0.00033564766636118293,0.0011727724922820926,0.0028746111784130335,0.005114895757287741,0.008041385561227798,0.011217202991247177,0.013880732469260693,0.016970662400126457
-0.015797849744558334,-0.02040896750986576,-0.020137976855039597,-0.01972918026149273,-0.020360903814435005,-0.01334650069475174,-0.009688206948339939,-0.007695729844272137,-0.007178593892604113,-0.008214547298848629,-0.00937731470912695,-0.007876000367105007,-0.0022362445015460253,-0.005475746933370829,-0.005633000750094652,-0.004644927568733692,-0.005366071127355099,-0.0057904962450265884,-0.005955686327069998,-0.005414171610027552,-0.0033610728569328785,0.0022813016548752785,0.0020473632030189037,0.0013273031217977405,0.0012938743457198143,0.0015857176622375846,0.001461820094846189,0.0028183232061564922,0.0026956116780638695,0.00336266215890646,0.004009108990430832,0.005116262007504702,0.00608295202255249,0.006452019326388836,0.006750659551471472,0.008556345477700233,0.012643598951399326,0.015328001230955124,0.017700159922242165,0.020012665539979935,0.02292345091700554
-0.026317913085222244,-0.02725069597363472,-0.020208166912198067,-0.018942907452583313,-0.016069862991571426,-0.014025656506419182,-0.012022868730127811,-0.006936384830623865,-0.005225812550634146,-0.005379786714911461,-0.007945370860397816,-0.007349039893597364,-0.005435436498373747,-0.0051992847584187984,-0.00531120877712965,-0.002886321162804961,-0.0034831943921744823,-0.0027496092952787876,-0.0021067874040454626,-0.0006179299671202898,0.0017265677452087402,0.004671270027756691,0.005785379558801651,0.004317159298807383,0.0047178431414067745,0.005218073260039091,0.0059549324214458466,0.007072643842548132,0.007753288839012384,0.007646547164767981,0.007971599698066711,0.009117032401263714,0.011233770288527012,0.014747994020581245,0.01485191285610199,0.015562644228339195,0.017148228362202644,0.019130414351820946,0.021573899313807487,0.024237632751464844,0.02747506834566593
-0.016479995101690292,-0.02177169919013977,-0.021807819604873657,-0.019448982551693916,-0.01271903794258833,-0.01111343502998352,-0.012507814913988113,-0.01072937436401844,-0.009186257608234882,-0.008627095259726048,-0.008581321686506271,-0.00941986683756113,-0.008414056152105331,-0.004354509525001049,-0.004202702082693577,-0.003651201259344816,-0.0027657998725771904,-0.0015855897217988968,-0.00020438586943782866,0.001421815250068903,0.0024159797467291355,0.005066819954663515,0.006934762932360172,0.007778654806315899,0.007731317076832056,0.007933368906378746,0.008570841513574123,0.009984222240746021,0.01301003061234951,0.013648003339767456,0.014296808280050755,0.015590973198413849,0.01728854514658451,0.019101548939943314,0.019254177808761597,0.0193299800157547,0.020234180614352226,0.022270364686846733,0.025343650951981544,0.02856975607573986,0.03212389349937439
-0.010589689016342163,-0.018594948574900627,-0.019954107701778412,-0.0191937368363142,-0.016273124143481255,-0.013972527347505093,-0.012675140053033829,-0.012703903019428253,-0.012282953597605228,-0.01107189990580082,-0.007496151607483625,-0.007610230706632137,-0.007039698306471109,-0.00534270703792572,-0.004604274872690439,-0.003830478060990572,-0.0024855248630046844,-0.0011050482280552387,0.0004747948551084846,0.001082186703570187,0.0034694464411586523,0.005392367951571941,0.007069970015436411,0.00987179484218359,0.010216541588306427,0.010853640735149384,0.012098693288862705,0.013665921986103058,0.01553439348936081,0.016904626041650772,0.018141306936740875,0.01956789754331112,0.02103816345334053,0.022442705929279327,0.02272871695458889,0.023227863013744354,0.024395877495408058,0.02617650292813778,0.026641985401511192,0.02891145832836628,0.0317704938352108
-0.015441205352544785,-0.017475612461566925,-0.01911408081650734,-0.01866554468870163,-0.017348576337099075,-0.014973332174122334,-0.010755595751106739,-0.010041848756372929,-0.009211638011038303,-0.008171852678060532,-0.007044624071568251,-0.007159758359193802,-0.008396700955927372,-0.007872519083321095,-0.007259058766067028,-0.0065771364606916904,-0.005421798210591078,-0.003877317998558283,-0.0009979194728657603,0.0024360576644539833,0.0064039104618132114,0.008162460289895535,0.009545092470943928,0.010886182077229023,0.011725958436727524,0.0129031827673316,0.014427092857658863,0.016156669706106186,0.017881784588098526,0.019551824778318405,0.021506238728761673,0.02322939969599247,0.02474324032664299,0.02596224471926689,0.026538744568824768,0.025813613086938858,0.026362070813775063,0.027518408372998238,0.02789737470448017,0.02891266532242298,0.03118692710995674
-0.016236810013651848,-0.013185516931116581,-0.013979309238493443,-0.013587300665676594,-0.01278948225080967,-0.011658817529678345,-0.00968129001557827,-0.007956061512231827,-0.007315351627767086,-0.008143307641148567,-0.007660255767405033,-0.007539175916463137,-0.007542894221842289,-0.007877732627093792,-0.007631693966686726,-0.006930655334144831,-0.005421443376690149,-0.0034574128221720457,2.0526224489003653e-06,0.005309075117111206,0.008108139969408512,0.009984363801777363,0.01170828752219677,0.013147031888365746,0.014369203709065914,0.015639720484614372,0.017320647835731506,0.019083069637417793,0.020752767100930214,0.022786246612668037,0.025220174342393875,0.02754131332039833,0.029355812817811966,0.031104424968361855,0.0328204371035099,0.03304506838321686,0.02894071862101555,0.02955261990427971,0.03178100287914276,0.03298191353678703,0.03540147468447685
-0.01154747512191534,-0.01038975641131401,-0.010561532340943813,-0.010747705586254597,-0.010358717292547226,-0.010281423106789589,-0.01071847602725029,-0.009530622512102127,-0.009007799439132214,-0.008863305673003197,-0.008684596978127956,-0.008116220124065876,-0.005993455648422241,-0.0058488259091973305,-0.005040629766881466,-0.003909405320882797,-0.0017431708984076977,0.0007433213759213686,0.003230765927582979,0.00607267115265131,0.008756069466471672,0.010737831704318523,0.01240518782287836,0.01456267386674881,0.016591813415288925,0.01831398904323578,0.020086608827114105,0.021906550973653793,0.023644937202334404,0.025633929297327995,0.02807602845132351,0.030741523951292038,0.03314037621021271,0.03586170822381973,0.03793978691101074,0.036483269184827805,0.03428763896226883,0.03359090909361839,0.035052310675382614,0.03759251907467842,0.04107401520013809
-0.009139238856732845,-0.008835707791149616,-0.009766196832060814,-0.011574635282158852,-0.011631114408373833,-0.011886097490787506,-0.012044639326632023,-0.011949585750699043,-0.011291414499282837,-0.009652014821767807,-0.00959109328687191,-0.009341567754745483,-0.008315387181937695,-0.006837865803390741,-0.005741807632148266,-0.004573540762066841,-0.002867391100153327,0.00039444834692403674,0.002977249212563038,0.005526072811335325,0.0080940006300807,0.01036817580461502,0.012492087669670582,0.014709698967635632,0.01725076325237751,0.01967542991042137,0.02142471820116043,0.02335534803569317,0.024706309661269188,0.02338586002588272,0.024736912921071053,0.026283472776412964,0.028455886989831924,0.03184422850608826,0.03503039851784706,0.035977914929389954,0.037603314965963364,0.0375618115067482,0.03635760024189949,0.03757918253540993,0.040275730192661285
-0.010547525249421597,-0.010815270245075226,-0.01134901400655508,-0.0122623760253191,-0.013223486952483654,-0.013504753820598125,-0.012639897875487804,-0.013098960742354393,-0.012372402474284172,-0.011765393428504467,-0.011517632752656937,-0.0113108791410923,-0.010799728333950043,-0.009471523575484753,-0.008510816842317581,-0.007205353584140539,-0.00642419932410121,-0.0037751931231468916,-0.000484861055156216,0.003090173238888383,0.00634425226598978,0.009611123241484165,0.012636815197765827,0.012792806141078472,0.015131303109228611,0.019996026530861855,0.021530361846089363,0.020848294720053673,0.02224612981081009,0.02252308465540409,0.022402092814445496,0.023255329579114914,0.025014111772179604,0.02813420072197914,0.03322036936879158,0.03966129943728447,0.037650492042303085,0.0385647788643837,0.037667129188776016,0.036694951355457306,0.037271078675985336
-0.011280680075287819,-0.01160461362451315,-0.011589474976062775,-0.011033965274691582,-0.01250850223004818,-0.013543865643441677,-0.014212719164788723,-0.014906270429491997,-0.014783088117837906,-0.014003517106175423,-0.012963173910975456,-0.012105461210012436,-0.011794516816735268,-0.011550318449735641,-0.010403301566839218,-0.009009545668959618,-0.008096586912870407,-0.005893799476325512,-0.0022509763948619366,0.0014334924053400755,0.005754078738391399,0.009722121059894562,0.010642500594258308,0.011408993974328041,0.012259774841368198,0.015364013612270355,0.018618913367390633,0.02017662674188614,0.021851466968655586,0.02574744261801243,0.02696242183446884,0.029434848576784134,0.03091309778392315,0.030860211700201035,0.03423399478197098,0.03812841698527336,0.038452714681625366,0.03903697058558464,0.040892794728279114,0.041013412177562714,0.042020831257104874
-0.008322848938405514,-0.008681079372763634,-0.009392852894961834,-0.010571291670203209,-0.01227400079369545,-0.014250773005187511,-0.015908274799585342,-0.01680518127977848,-0.017195094376802444,-0.016043435782194138,-0.014189292676746845,-0.012142317369580269,-0.011398304253816605,-0.010770495049655437,-0.00955506507307291,-0.008245699107646942,-0.006594142410904169,-0.003944265190511942,-0.000892012903932482,-0.00010594623745419085,0.003616094822064042,0.007435389794409275,0.009633202105760574,0.012074628844857216,0.012723664753139019,0.013136002235114574,0.01741439290344715,0.023037461563944817,0.025900093838572502,0.028907984495162964,0.02888730727136135,0.03069501556456089,0.03204312175512314,0.032965000718832016,0.03438325971364975,0.03733491152524948,0.041136112064123154,0.043048229068517685,0.045570340007543564,0.04712885245680809,0.046406254172325134
-0.004547973163425922,-0.004068373702466488,-0.005789418239146471,-0.008683389984071255,-0.011249681934714317,-0.01435595378279686,-0.01701241359114647,-0.018489379435777664,-0.018317770212888718,-0.016777213662862778,-0.014368412084877491,-0.011754794046282768,-0.011986921541392803,-0.010842018760740757,-0.009631584398448467,-0.008396429941058159,-0.006690547801554203,-0.004520415794104338,-0.0018404896836727858,-0.0002869738673325628,0.0015052409144118428,0.004453978501260281,0.008938259445130825,0.011932599358260632,0.014356808736920357,0.016811968758702278,0.021109990775585175,0.025932855904102325,0.02742631360888481,0.02955419383943081,0.029555438086390495,0.029116975143551826,0.030408011749386787,0.0340731255710125,0.03657721355557442,0.04061906039714813,0.044168613851070404,0.044883549213409424,0.04696010425686836,0.04925535246729851,0.04925432801246643
-0.0008833679021336138,-0.0009988865349441767,-0.001893240725621581,-0.0035746258217841387,-0.006092909723520279,-0.012978891842067242,-0.016926240175962448,-0.01952095702290535,-0.0209415964782238,-0.019902672618627548,-0.017391366884112358,-0.013950599357485771,-0.01149845588952303,-0.009802191518247128,-0.0084003284573555,-0.006962360814213753,-0.005365871824324131,-0.0036606951616704464,-0.0013548865681514144,0.0017542500281706452,0.002729369094595313,0.0043297987431287766,0.007593296002596617,0.011946947313845158,0.016204504296183586,0.01816762425005436,0.02235349267721176,0.026854615658521652,0.028646675869822502,0.02965587005019188,0.0316925123333931,0.03153657913208008,0.03246450424194336,0.033246517181396484,0.035903532058000565,0.03942759335041046,0.04341743513941765,0.04541546478867531,0.046118054538965225,0.04859231784939766,0.05095352232456207
0.005797950085252523,0.00195940094999969,0.002486288547515869,0.0012289065634831786,-0.001037825713865459,-0.009251609444618225,-0.015736427158117294,-0.02065601758658886,-0.022852804511785507,-0.022562796249985695,-0.02000342682003975,-0.015061108395457268,-0.00929988082498312,-0.006403571460396051,-0.00409673061221838,-0.001487158122472465,0.001012927619740367,0.0026513170450925827,0.0037898339796811342,0.005018099211156368,0.005823112558573484,0.0060582575388252735,0.0060222698375582695,0.00977663416415453,0.015277287922799587,0.019372567534446716,0.023179182782769203,0.02761833369731903,0.032315511256456375,0.034099169075489044,0.03466701880097389,0.032895758748054504,0.03302573785185814,0.03332003206014633,0.0341792069375515,0.03610960394144058,0.03989582881331444,0.044789448380470276,0.04645510017871857,0.04887690022587776,0.04931332543492317
0.004922486376017332,0.00573035329580307,0.007108723279088736,0.00550448801368475,0.0033176077995449305,-0.003353976411744952,-0.011988425627350807,-0.019395984709262848,-0.021298225969076157,-0.021045660600066185,-0.018199296668171883,-0.012640617787837982,-0.007701830938458443,-0.003934392239898443,-0.00043128221295773983,0.003399570705369115,0.006996914744377136,0.008196272887289524,0.00625965092331171,0.005749095696955919,0.005495471879839897,0.005735394544899464,0.006862562615424395,0.009592251852154732,0.014559036120772362,0.021423855796456337,0.02691563405096531,0.032064422965049744,0.03670356795191765,0.03976165130734444,0.03766869381070137,0.0349394865334034,0.03312673792243004,0.03297535702586174,0.033322468400001526,0.0349256806075573,0.03797601908445358,0.04166312515735626,0.044393088668584824,0.04665631800889969,0.04649921506643295
-8.888839147402905e-06,0.006181453354656696,0.009757369756698608,0.010980666615068913,0.010708126239478588,0.003552463836967945,-0.006202964577823877,-0.014941221103072166,-0.01852067932486534,-0.018028587102890015,-0.014940004795789719,-0.00985237117856741,-0.006559183355420828,-0.0032455294858664274,-9.673739259596914e-05,0.003241195809096098,0.006412833463400602,0.007472486235201359,0.006892397999763489,0.005547030828893185,0.0050560906529426575,0.006633905228227377,0.011255288496613503,0.014682992361485958,0.01914145238697529,0.02504541166126728,0.031562432646751404,0.037788745015859604,0.042109597474336624,0.04288472980260849,0.04010392352938652,0.037867818027734756,0.034554075449705124,0.031879227608442307,0.032216668128967285,0.03430982679128647,0.037176016718149185,0.040349870920181274,0.0433112233877182,0.04558919742703438,0.0459895059466362
0.0014779965858906507,0.005111832171678543,0.011610977351665497,0.016956813633441925,0.014772435650229454,0.009357263334095478,-0.003310440108180046,-0.011150579899549484,-0.014720390550792217,-0.01430342998355627,-0.013178597204387188,-0.009451647289097309,-0.0058602215722203255,-0.002967966254800558,-0.0005310592823661864,0.0013147458666935563,0.002874993486329913,0.004283887334167957,0.007029834669083357,0.007984990254044533,0.009374761022627354,0.010087034665048122,0.012784063816070557,0.016238870099186897,0.02098056674003601,0.027615169063210487,0.03660702332854271,0.042995698750019073,0.04584376886487007,0.04362751543521881,0.042112477123737335,0.038876235485076904,0.03542936593294144,0.03270994499325752,0.02974497340619564,0.030248241499066353,0.031973905861377716,0.03425098583102226,0.037140246480703354,0.04111392796039581,0.04718080163002014
