dougfraga/big_16.json
{"header": {"parameterUnit": "m.s-1", "parameterNumber": 2, "dx": 0.016666000000000736, "dy": 0.016666000000000736, "parameterNumberName": "Eastward current", "la1": -22.891645999999998, "la2": -24.0416, "parameterCategory": 2, "lo2": -43.225054, "nx": 95, "ny": 70, "refTime": "2022-12-18 16:00:00", "lo1": -44.79166}, "data":
[rows 0 to 18 of 70, columns 42 to 83 of 95]
0.0,0.0,0.0,0.0,0.0,0.0,0.0,0.0,0.0,0.0,0.0,0.0,0.0,0.0,0.0,0.0,0.0,0.0,0.0,0.0,0.0,0.0,0.0,0.0,0.0,0.0,0.0,0.0,0.0,0.0,0.0,0.0,0.0,0.0,0.0,0.0,0.0,0.0,0.0,0.0,0.0,0.0
0.0,0.0,0.0,0.0,0.0,0.0,0.0,0.0,0.0,0.0,0.0,0.0,0.0,0.0,0.0,0.0,0.0,0.0,0.0,0.0,0.0,0.0,0.0,0.0,0.0,0.0,0.0,0.0,0.0,0.0,0.0,0.0,0.0,0.0,0.0,0.0,0.0,0.0,0.0,0.0,0.0,0.0
0.0,0.0,0.0,0.0,0.0,0.0,0.0,0.0,0.0,0.0,0.0,0.0,0.0,-2.5337715724993297e-19,0.0,0.0,0.0,0.0,0.0,0.0,0.0,0.0,0.0,0.0,0.0,0.0,0.0,0.0,0.0,0.0,0.0,0.0,0.0,0.0,0.0,0.0,0.0,0.0,0.0,0.0,0.0,0.0
0.0,0.0,0.0,0.0,0.0,0.0,0.0,0.0,-5.270394197578687e-19,0.0,0.0,0.0,0.0,0.0015313075855374336,0.0015313075855374336,0.0,-7.335926784435287e-05,-7.335926784435287e-05,0.0,0.0,0.0,0.0,0.0,0.0,0.0,0.0,0.0,0.0,0.0,0.0,0.0,0.0,0.0,0.0,0.0,0.0,0.0,0.0,0.0,0.0,0.0,0.0
0.0,-0.00036683696089312434,-0.00036683696089312434,0.0,0.0,-0.0014130069175735116,-0.006195292342454195,-0.014125910587608814,-0.016631541773676872,-0.010827326215803623,-0.0035394090227782726,0.0,0.0,-0.0018557864241302013,-0.0026929762680083513,-0.0026803542859852314,-0.002409817883744836,2.0875668269582093e-05,-0.0007087159901857376,-0.004574878606945276,-0.0032786335796117783,0.0,0.0,0.0,0.0,0.0,0.0,0.0,0.0,0.0,0.0,0.0,0.0,0.0,0.0,0.0,0.0,0.0,0.0,0.0,0.0,0.0
0.0,0.0006091672694310546,0.0006091672694310546,0.0,-0.005720818415284157,-0.013066365383565426,-0.01675504818558693,-0.0191484447568655,-0.023536838591098785,-0.03050566464662552,-0.033879414200782776,-0.03372584655880928,-0.030780408531427383,-0.021073291078209877,-0.010729352943599224,-0.006278355140239,-0.003400353714823723,-0.001209950540214777,-0.0006838279659859836,-0.0012940822634845972,-0.0028724262956529856,-0.0020564936567097902,0.0,0.0,0.0,0.0,0.0,0.0,0.0,0.0,0.0,0.0,0.0,0.0,0.0,0.0,0.0,0.0,0.0,0.0,0.0,0.0
0.0,-0.003214172786101699,-0.007290821056813002,-0.02020435594022274,-0.028832344338297844,-0.0239044688642025,-0.02528621256351471,-0.032172102481126785,-0.03693007677793503,-0.03498467430472374,-0.033079273998737335,-0.03126223385334015,-0.025171924382448196,-0.017462918534874916,-0.010228878818452358,-0.0053085098043084145,-0.002273602643981576,-0.00031239254167303443,0.0011397810885682702,0.0034140883944928646,0.007963982410728931,0.01241438090801239,0.0069920094683766365,0.0,0.0,0.0,0.0,0.0,0.0,0.0,0.0,0.0,0.0,0.0,0.0,0.0,0.0,0.0,0.0,0.0,0.0,0.0
-0.004411999136209488,-0.009424401447176933,-0.013695484027266502,-0.02132890559732914,-0.02740701474249363,-0.03219081088900566,-0.03702211752533913,-0.038398995995521545,-0.035239871591329575,-0.030888469889760017,-0.02629774995148182,-0.022768573835492134,-0.01986292563378811,-0.014518222771584988,-0.0083609065040946,-0.0034295963123440742,3.159956122544827e-06,0.0024948902428150177,0.0050559984520077705,0.009794898331165314,0.018638264387845993,0.03408272936940193,0.0586419515311718,0.07151199877262115,0.05928189307451248,0.024386657401919365,0.0,0.0,0.0,0.0,0.0,0.0,0.0,0.0,0.0,0.0,0.0,0.0,0.0,0.0,0.0,0.0
-0.004111018497496843,-0.009426146745681763,-0.015237239189445972,-0.022088898345828056,-0.03286653384566307,-0.0375526025891304,-0.04062783718109131,-0.04361617937684059,-0.03874951973557472,-0.033375684171915054,-0.02730681747198105,-0.020992964506149292,-0.016841892153024673,-0.012437909841537476,-0.00625001173466444,0.0002952279173769057,0.004689669236540794,0.007119615562260151,0.010282491333782673,0.015994500368833542,0.02794630080461502,0.049023840576410294,0.06917160004377365,0.07753603905439377,0.07960217446088791,0.09055948257446289,0.0997394472360611,0.0998331606388092,0.09795444458723068,0.07732605189085007,0.02972959540784359,0.0,0.0,0.0,0.0,0.0,0.0,0.0,0.0,0.0,0.0,0.0
-0.012310045771300793,-0.014453648589551449,-0.015771837905049324,-0.022452645003795624,-0.030736932530999184,-0.03828464820981026,-0.048167552798986435,-0.04853885620832443,-0.04209664836525917,-0.034054744988679886,-0.023283660411834717,-0.01793937385082245,-0.01573329046368599,-0.010788457468152046,-0.002206020290032029,0.00698069529607892,0.011269076727330685,0.01184901874512434,0.0155944237485528,0.021499909460544586,0.03261477127671242,0.05687674507498741,0.07402677088975906,0.07899993658065796,0.08951056748628616,0.10351281613111496,0.11349968612194061,0.1150466799736023,0.11395186930894852,0.11059817671775818,0.07649657875299454,0.022627854719758034,0.0,0.0,0.0,0.0,0.0,0.0,0.01558932475745678,0.03696899488568306,0.04558675363659859,0.04670082405209541
-0.012811079621315002,-0.009819824248552322,-0.012531007640063763,-0.021164625883102417,-0.027863740921020508,-0.03116142377257347,-0.014892411418259144,0.0,0.0,-0.0018301696982234716,-0.008423722349107265,-0.011613970622420311,-0.005020418670028448,0.0,0.0,0.0,0.0018276619957759976,0.006606452167034149,0.014827915467321873,0.02397080510854721,0.02502804435789585,0.01110636442899704,0.0,0.0,0.0,0.0,0.0,0.0,0.0,0.0,-0.01566314697265625,-0.01566314697265625,0.0,0.0,0.0,0.019974863156676292,0.03889225050806999,0.04088760167360306,0.040583010762929916,0.03512733057141304,0.03588345646858215,0.04980769380927086
-0.0027838395908474922,-0.001721736742183566,-0.006370373535901308,-0.019796503707766533,-0.03566618636250496,-0.02144908905029297,0.0,0.0,0.0,0.0,0.0,0.0,0.0,0.0,0.0,0.0,0.0,0.0,0.0,0.0,0.0,0.0,0.017102744430303574,0.028366273269057274,0.025268198922276497,0.03402531519532204,0.037302255630493164,0.033861126750707626,0.027995631098747253,0.022494757547974586,0.018086565658450127,0.007007921580225229,0.0,0.007109818980097771,0.025524068623781204,0.031825534999370575,0.033165570348501205,0.04041128233075142,0.05136566236615181,0.05588763579726219,0.04934779182076454,0.05247124657034874
-0.0005454487982206047,-0.00036133205867372453,0.0031016780994832516,-0.0016775038093328476,-0.003643597709015012,0.0,0.0,0.0,0.0,0.0,0.0,0.008301835507154465,0.018701346591114998,0.02215811423957348,0.02662811428308487,0.037984758615493774,0.04980199784040451,0.05481880158185959,0.05417817831039429,0.05389917641878128,0.051920630037784576,0.042790379375219345,0.03433792293071747,0.03352811932563782,0.032982394099235535,0.03181897848844528,0.03543970733880997,0.03874579071998596,0.040125492960214615,0.03737322986125946,0.03796546533703804,0.05328857898712158,0.042105525732040405,0.01672561839222908,0.018361756578087807,0.029068956151604652,0.05049536004662514,0.06223515793681145,0.0579456090927124,0.05592506751418114,0.059101201593875885,0.06897787004709244
0.002819514600560069,0.004681212827563286,0.012203565798699856,0.011574470438063145,0.003554713446646929,0.0,0.0,0.015797676518559456,0.026220714673399925,0.023982539772987366,0.03380569815635681,0.036345385015010834,0.037520814687013626,0.044237710535526276,0.048854585736989975,0.057971592992544174,0.06250319629907608,0.05897677317261696,0.0606917105615139,0.06682072579860687,0.06496776640415192,0.06259819865226746,0.05854524299502373,0.04643113166093826,0.03823521360754967,0.03783560171723366,0.0433037094771862,0.04309563338756561,0.03990398719906807,0.0416812002658844,0.04731852561235428,0.05441088601946831,0.0439339354634285,0.02877114713191986,0.03293665125966072,0.046400561928749084,0.05893133208155632,0.06716742366552353,0.07192043960094452,0.06622423976659775,0.06070629879832268,0.06700846552848816
4.11473483836744e-05,0.0025958234909921885,0.015707289800047874,0.028059344738721848,0.03409075736999512,0.021677477285265923,0.027885371819138527,0.04553081467747688,0.03528314456343651,0.03429253771901131,0.03836338222026825,0.041064947843551636,0.04696567729115486,0.049802906811237335,0.04081367701292038,0.030452651903033257,0.02632881887257099,0.023484494537115097,0.02391398884356022,0.026758156716823578,0.02998870611190796,0.03551711142063141,0.04977305606007576,0.06332524865865707,0.05790279060602188,0.04883880913257599,0.046402521431446075,0.043182048946619034,0.04268403723835945,0.044140201061964035,0.048368070274591446,0.05837450549006462,0.057856716215610504,0.04986504837870598,0.05013202130794525,0.05463198944926262,0.05975287780165672,0.06292803585529327,0.06596656888723373,0.06742992252111435,0.06996049731969833,0.0785517767071724
0.005406870506703854,0.008413724601268768,0.011080291122198105,0.02494066022336483,0.038872335106134415,0.04531112685799599,0.05071749538183212,0.053260110318660736,0.04912569373846054,0.04968588054180145,0.050443507730960846,0.049760084599256516,0.044341277331113815,0.03531339019536972,0.029465293511748314,0.0286112017929554,0.032512884587049484,0.02990897186100483,0.02512502111494541,0.02687390334904194,0.027256617322564125,0.03507980331778526,0.05232848972082138,0.06301857531070709,0.06149754673242569,0.059620052576065063,0.054973334074020386,0.04987994208931923,0.05219295993447304,0.05481795221567154,0.056230440735816956,0.05743331462144852,0.05794338881969452,0.05736588314175606,0.05793582275509834,0.061244551092386246,0.06806690245866776,0.06974267959594727,0.06981222331523895,0.0752967819571495,0.08050979673862457,0.08465630561113358
0.006526819430291653,0.013397272676229477,0.021416863426566124,0.02966502122581005,0.046584684401750565,0.053063150495290756,0.04883621633052826,0.050414618104696274,0.05474996194243431,0.05797277390956879,0.06141765043139458,0.0637480616569519,0.05966122820973396,0.04594927281141281,0.03231430426239967,0.02930939942598343,0.029993120580911636,0.029808582738041878,0.030209572985768318,0.03476569801568985,0.0351748913526535,0.043103888630867004,0.05993953347206116,0.06634227186441422,0.06475163251161575,0.06037165969610214,0.05511555075645447,0.05172882229089737,0.053616706281900406,0.06030657887458801,0.061271071434020996,0.058512501418590546,0.060240358114242554,0.06198115646839142,0.06379356980323792,0.06660205125808716,0.06923696398735046,0.07135401666164398,0.07526426017284393,0.08050138503313065,0.08513690531253815,0.08922450244426727
0.011801041662693024,0.014123879373073578,0.032146088778972626,0.04135673865675926,0.04935219883918762,0.05369528755545616,0.060062963515520096,0.0615929439663887,0.05904598534107208,0.05985816568136215,0.060761645436286926,0.06302373111248016,0.06367991864681244,0.06786198914051056,0.06476633995771408,0.04466627910733223,0.032865386456251144,0.03370848670601845,0.03442079573869705,0.035903818905353546,0.03642997890710831,0.036767493933439255,0.040767163038253784,0.05051254853606224,0.06081267073750496,0.06552968174219131,0.06140080839395523,0.0563504621386528,0.057880837470293045,0.059769388288259506,0.06053020805120468,0.06102116033434868,0.06269243359565735,0.06531935930252075,0.06809286773204803,0.07091549783945084,0.07364066690206528,0.07668039202690125,0.08029407262802124,0.0844610258936882,0.09128023684024811,0.09618882834911346
0.0019295158563181758,0.020599817857146263,0.03798254579305649,0.05523528903722763,0.061449769884347916,0.06003669649362564,0.061124417930841446,0.06104164570569992,0.06168881431221962,0.0646008774638176,0.0701838955283165,0.06863084435462952,0.06356006860733032,0.06370531022548676,0.05791178718209267,0.045415058732032776,0.039285168051719666,0.04942380636930466,0.059998996555805206,0.06197860836982727,0.06054654344916344,0.057978082448244095,0.057678427547216415,0.05783343315124512,0.05868428945541382,0.059231534600257874,0.05826372653245926,0.05768502131104469,0.05890650302171707,0.060752566903829575,0.06228666752576828,0.06364463269710541,0.0654861256480217,0.06849107891321182,0.07376842200756073,0.07724752277135849,0.07968343049287796,0.08426253497600555,0.08846483379602432,0.09189850836992264,0.09534133970737457,0.09892446547746658
