dougfraga/big_22.json
{"header": {"parameterUnit": "m.s-1", "parameterNumber": 3, "dx": 0.016666000000000736, "dy": 0.016666000000000736, "parameterNumberName": "Northward current", "la1": -22.891645999999998, "la2": -24.0416, "parameterCategory": 2, "lo2": -43.225054, "nx": 95, "ny": 70, "refTime": "2022-12-18 22:00:00", "lo1": -44.79166}, "data":
[rows 36 to 53 of 70, columns 0 to 39 of 95]
-0.04309266060590744,-0.04309266060590744,-0.04285137727856636,-0.04255449026823044,-0.04135872796177864,-0.03958679363131523,-0.03686601296067238,-0.0333855114877224,-0.03103257529437542,-0.027697008103132248,-0.02445104345679283,-0.021937377750873566,-0.022866571322083473,-0.024944446980953217,-0.02762736566364765,-0.03066198155283928,-0.03392293304204941,-0.0369219072163105,-0.039303865283727646,-0.04291566461324692,-0.04323755204677582,-0.042509667575359344,-0.04042774811387062,-0.03587349131703377,-0.027819016948342323,-0.01846003532409668,-0.01166966836899519,-0.005198539234697819,-0.004608278162777424,-0.009456108324229717,-0.01727115735411644,-0.02471015602350235,-0.03111700713634491,-0.0314481146633625,-0.027335233986377716,-0.017682785168290138,-0.008403624407947063,0.0004972386523149908,0.0019204998388886452,0.0008170019718818367
-0.03939293697476387,-0.03939293697476387,-0.039428941905498505,-0.03916330263018608,-0.038014743477106094,-0.036363113671541214,-0.03411228582262993,-0.03279963508248329,-0.030674614012241364,-0.027055880054831505,-0.02243337221443653,-0.02069307304918766,-0.020769042894244194,-0.02210342139005661,-0.023871274664998055,-0.025559965521097183,-0.02780786156654358,-0.029103359207510948,-0.03282855823636055,-0.036515362560749054,-0.03913281112909317,-0.04044392704963684,-0.04236887767910957,-0.04073333740234375,-0.034561410546302795,-0.025821277871727943,-0.01444080751389265,-0.00712756859138608,-0.0046027712523937225,-0.008774109184741974,-0.01790758967399597,-0.028129855170845985,-0.037366606295108795,-0.03790109232068062,-0.033791691064834595,-0.021440066397190094,-0.007115619257092476,0.0011435301275923848,0.005721747409552336,0.002001721877604723
-0.03629006817936897,-0.03629006817936897,-0.03582094982266426,-0.03505096584558487,-0.034136153757572174,-0.03327910602092743,-0.03326517343521118,-0.03246583417057991,-0.0293559730052948,-0.02558739110827446,-0.02150668017566204,-0.01829918660223484,-0.017204565927386284,-0.018661288544535637,-0.019809192046523094,-0.01975063420832157,-0.019623877480626106,-0.019535232335329056,-0.02321610227227211,-0.024511251598596573,-0.030344238504767418,-0.03384023532271385,-0.037936873733997345,-0.04145621508359909,-0.03917394578456879,-0.029805654659867287,-0.014970488846302032,-0.009191957302391529,-0.005839957855641842,-0.009232932701706886,-0.019530748948454857,-0.03262344002723694,-0.042978014796972275,-0.04379186034202576,-0.03670191392302513,-0.025697976350784302,-0.01209714263677597,-0.004944420885294676,-0.0011345852399244905,4.414958766574273e-06
-0.033803656697273254,-0.033803656697273254,-0.03280503302812576,-0.0313301607966423,-0.029980437830090523,-0.02969278395175934,-0.031052272766828537,-0.0302282627671957,-0.028721055015921593,-0.025538373738527298,-0.018476242199540138,-0.01680261269211769,-0.012447656132280827,-0.01098795235157013,-0.014265463687479496,-0.013531955890357494,-0.01134422980248928,-0.009484101086854935,-0.008916697464883327,-0.011421572417020798,-0.020256388932466507,-0.029110439121723175,-0.03778764232993126,-0.045115876942873,-0.045312266796827316,-0.035757023841142654,-0.019751373678445816,-0.01104250643402338,-0.0027431438211351633,-0.008421902544796467,-0.01883338764309883,-0.03421349823474884,-0.04737405478954315,-0.0496264323592186,-0.04106733575463295,-0.03249168023467064,-0.02414890006184578,-0.01485612615942955,-0.009156364016234875,3.6364857805892825e-05
-0.032613057643175125,-0.032613057643175125,-0.031258270144462585,-0.029076095670461655,-0.02698998525738716,-0.025541847571730614,-0.025574209168553352,-0.026092976331710815,-0.026502015069127083,-0.025948157534003258,-0.023037521168589592,-0.016653630882501602,-0.012584538199007511,-0.009295404888689518,-0.00811767391860485,-0.007268703542649746,-0.004873508587479591,-0.0013403743505477905,0.0029402479995042086,-1.4022783943801187e-05,-0.009560348466038704,-0.023662840947508812,-0.037969622761011124,-0.046585630625486374,-0.04786263778805733,-0.04172250255942345,-0.02915211021900177,-0.01628059335052967,-0.006993148475885391,-0.0080175856128335,-0.01605246402323246,-0.03425944596529007,-0.048870451748371124,-0.052483536303043365,-0.04539285600185394,-0.036248091608285904,-0.02982267178595066,-0.020936043933033943,-0.00583232007920742,0.0014859006041660905
-0.032735809683799744,-0.032735809683799744,-0.030972296372056007,-0.02747301757335663,-0.023933740332722664,-0.02171643264591694,-0.019085373729467392,-0.01927688904106617,-0.021420804783701897,-0.024700703099370003,-0.028175262734293938,-0.02354118600487709,-0.01984039880335331,-0.013968857936561108,-0.006864365190267563,-0.004914718214422464,-0.0018103962065652013,0.003680631285533309,0.009117391891777515,0.006169872358441353,-0.003994465339928865,-0.018997136503458023,-0.03465619683265686,-0.046505801379680634,-0.04689228534698486,-0.045404814183712006,-0.03868621587753296,-0.023795204237103462,-0.016089189797639847,-0.010633560828864574,-0.016303429380059242,-0.032732415944337845,-0.04707854613661766,-0.05196777731180191,-0.04813811182975769,-0.03959546238183975,-0.03058961033821106,-0.016650790348649025,-0.0044679464772343636,0.0012766142608597875
-0.033779192715883255,-0.033779192715883255,-0.03216655179858208,-0.028228865936398506,-0.023254306986927986,-0.01884104125201702,-0.012305843643844128,-0.01290737185627222,-0.015257063321769238,-0.01958734169602394,-0.023813536390662193,-0.02750692516565323,-0.023851001635193825,-0.016692139208316803,-0.010718083940446377,-0.006583389360457659,-0.001367999124340713,0.005252518225461245,0.00954700168222189,0.006905915215611458,-0.002780486363917589,-0.017609214410185814,-0.034939054399728775,-0.046899016946554184,-0.04795345664024353,-0.04690336808562279,-0.04314591363072395,-0.031068507581949234,-0.021851882338523865,-0.01654258742928505,-0.020703347399830818,-0.03309473767876625,-0.04541216045618057,-0.04922139644622803,-0.04813648760318756,-0.03942260518670082,-0.030728504061698914,-0.016382204368710518,-0.006348265800625086,0.00016637744556646794
-0.035877857357263565,-0.035877857357263565,-0.035207659006118774,-0.03239445760846138,-0.026379896327853203,-0.01945040002465248,-0.011005436070263386,-0.009641358628869057,-0.010673404671251774,-0.013690553605556488,-0.01784341037273407,-0.020602582022547722,-0.020337862893939018,-0.01852765679359436,-0.014910868369042873,-0.011275885626673698,-0.006809709593653679,-0.0012891987571492791,0.005522802006453276,0.00419757841154933,-0.0007058551418595016,-0.014226009137928486,-0.03375135734677315,-0.04556962102651596,-0.05181150138378143,-0.04871471971273422,-0.042837873101234436,-0.03458382189273834,-0.02699882723391056,-0.02433747425675392,-0.026719307526946068,-0.034908272325992584,-0.04482504352927208,-0.048896461725234985,-0.04605240747332573,-0.03748995438218117,-0.026791535317897797,-0.01753992773592472,-0.009511706419289112,-0.0062668658792972565
-0.03844796493649483,-0.03844796493649483,-0.03823195770382881,-0.036799535155296326,-0.03141465783119202,-0.0228149201720953,-0.013999763876199722,-0.008529150858521461,-0.007637758273631334,-0.010390480980277061,-0.013095052912831306,-0.01774180494248867,-0.018472395837306976,-0.017615055665373802,-0.01598762534558773,-0.014223538339138031,-0.011560420505702496,-0.007260420825332403,-0.0003268752770964056,-0.00026920231175608933,-0.002231501042842865,-0.011655009351670742,-0.028033489361405373,-0.04112061858177185,-0.0489259772002697,-0.04796723648905754,-0.04378863424062729,-0.03766408935189247,-0.03152890130877495,-0.029021156951785088,-0.031112121418118477,-0.03571716696023941,-0.04242692142724991,-0.04628228396177292,-0.042283132672309875,-0.034094445407390594,-0.024585025385022163,-0.01785178855061531,-0.014116297475993633,-0.012894137762486935
-0.04086141660809517,-0.04086141660809517,-0.040663111954927444,-0.03949747979640961,-0.0351136140525341,-0.02531096525490284,-0.015236408449709415,-0.007276108954101801,-0.004090470261871815,-0.00776878884062171,-0.012789187021553516,-0.01630236580967903,-0.017734738066792488,-0.016154665499925613,-0.014541354961693287,-0.01309580821543932,-0.01111584436148405,-0.00784557405859232,-0.004563442897051573,-0.003956612199544907,-0.006294596008956432,-0.014030570164322853,-0.022879991680383682,-0.033681418746709824,-0.04035547748208046,-0.04213719442486763,-0.041249003261327744,-0.03909909352660179,-0.03459994122385979,-0.03047356754541397,-0.0313384011387825,-0.03394371271133423,-0.03669969365000725,-0.039146821945905685,-0.036685049533843994,-0.030889632180333138,-0.024970438331365585,-0.021467771381139755,-0.018934348598122597,-0.018569666892290115
-0.04260948672890663,-0.04260948672890663,-0.04232184588909149,-0.04069982096552849,-0.03627737611532211,-0.026642868295311928,-0.01539709884673357,-0.004603217355906963,-9.901117300614715e-05,-0.002629433525726199,-0.010210213251411915,-0.013660538010299206,-0.016316086053848267,-0.016310257837176323,-0.01509597897529602,-0.013716432265937328,-0.012201173231005669,-0.010040228255093098,-0.007254852447658777,-0.005508148577064276,-0.00721091590821743,-0.01181930024176836,-0.01772119849920273,-0.02640845812857151,-0.03266359865665436,-0.03571796789765358,-0.03648976981639862,-0.03524891659617424,-0.0326635017991066,-0.0305895134806633,-0.0317307710647583,-0.03297191858291626,-0.033643946051597595,-0.03423963114619255,-0.03363416716456413,-0.03148451820015907,-0.028063511475920677,-0.02689991146326065,-0.026550168171525,-0.02648518793284893
-0.043424129486083984,-0.043424129486083984,-0.042939621955156326,-0.041183363646268845,-0.03664610907435417,-0.02739163488149643,-0.014937151223421097,0.0008442807593382895,0.0041791824623942375,0.0037957157474011183,-0.002686423482373357,-0.010792462155222893,-0.016703372821211815,-0.01884770393371582,-0.01834896206855774,-0.016662025824189186,-0.014687084592878819,-0.01274883933365345,-0.009494503028690815,-0.0061900420114398,-0.006983061786741018,-0.008229952305555344,-0.013183356262743473,-0.020296281203627586,-0.026466205716133118,-0.030208351090550423,-0.03210267797112465,-0.03422432392835617,-0.03400760516524315,-0.032783739268779755,-0.032390642911195755,-0.03298463672399521,-0.03324884921312332,-0.03245200961828232,-0.032882288098335266,-0.033270463347435,-0.03369174525141716,-0.034676965326070786,-0.034665971994400024,-0.03384530171751976
-0.04403556510806084,-0.04403556510806084,-0.04328201338648796,-0.041126642376184464,-0.03571142256259918,-0.028149506077170372,-0.015234068967401981,0.0011117284884676337,0.010026836767792702,0.013654370792210102,0.004911744501441717,-0.00908177811652422,-0.019905539229512215,-0.02488063834607601,-0.023330437019467354,-0.020552100613713264,-0.01758919097483158,-0.015138963237404823,-0.011226753704249859,-0.007001407910138369,-0.006886804010719061,-0.008037660270929337,-0.010924967005848885,-0.01592455990612507,-0.02171262912452221,-0.02641691267490387,-0.03056029975414276,-0.03388542681932449,-0.03573395684361458,-0.03566182777285576,-0.03391480818390846,-0.033543478697538376,-0.0333205871284008,-0.03379698097705841,-0.03508460894227028,-0.03674217686057091,-0.03874991089105606,-0.04016978666186333,-0.04006323963403702,-0.040314555168151855
-0.045127496123313904,-0.045127496123313904,-0.04442715644836426,-0.04235268011689186,-0.037564001977443695,-0.03122013434767723,-0.01999988593161106,-0.00613684207201004,0.008118750527501106,0.016573071479797363,0.01059766672551632,-0.004843843635171652,-0.02013109065592289,-0.029336100444197655,-0.03044898808002472,-0.024794891476631165,-0.020035455003380775,-0.016822142526507378,-0.012372761964797974,-0.0073595489375293255,-0.007050192914903164,-0.008801626041531563,-0.01118276547640562,-0.014840913936495781,-0.019907008856534958,-0.026194807142019272,-0.030154090374708176,-0.03244477137923241,-0.03466520830988884,-0.03554205968976021,-0.03561840578913689,-0.03566939756274223,-0.03556566685438156,-0.03644470497965813,-0.03789975121617317,-0.039845287799835205,-0.04356702044606209,-0.04541389271616936,-0.04547153785824776,-0.04447196424007416
-0.04672388359904289,-0.04672388359904289,-0.046584352850914,-0.045691389590501785,-0.044239591807127,-0.038121823221445084,-0.029331762343645096,-0.015204225666821003,-0.0021469402126967907,0.008727497421205044,0.01060672290623188,0.0004318801802583039,-0.015455818735063076,-0.027765898033976555,-0.03326280042529106,-0.03070954792201519,-0.025791572406888008,-0.021969184279441833,-0.014496502466499805,-0.0076598855666816235,-0.006355446297675371,-0.008827823214232922,-0.012075445614755154,-0.017262110486626625,-0.022100884467363358,-0.02664359100162983,-0.0288248173892498,-0.031092975288629532,-0.03333016112446785,-0.03472770005464554,-0.03535774350166321,-0.03587179258465767,-0.036779966205358505,-0.04003281146287918,-0.04223792999982834,-0.04434923082590103,-0.04672105982899666,-0.048880383372306824,-0.049240101128816605,-0.047090794891119
-0.04843355715274811,-0.04843355715274811,-0.04882859066128731,-0.04958552122116089,-0.050679124891757965,-0.049458157271146774,-0.04440382495522499,-0.032500009983778,-0.015592560172080994,-0.006394308526068926,0.0021320783998817205,-7.376183475571452e-06,-0.01154418382793665,-0.0231616348028183,-0.029314374551177025,-0.031685516238212585,-0.029441874474287033,-0.027015721425414085,-0.022773072123527527,-0.01615820825099945,-0.008822526782751083,-0.009329634718596935,-0.013779920525848866,-0.018806276842951775,-0.02324790321290493,-0.0256276223808527,-0.02819817326962948,-0.030235977843403816,-0.032131072133779526,-0.03298936411738396,-0.033722490072250366,-0.03639227896928787,-0.03872092068195343,-0.04108770191669464,-0.04373158887028694,-0.046224117279052734,-0.04793341085314751,-0.05041960999369621,-0.05167703330516815,-0.051960378885269165
-0.0500541515648365,-0.0500541515648365,-0.05071134492754936,-0.052346121519804,-0.054695114493370056,-0.057406872510910034,-0.05540488660335541,-0.04432135075330734,-0.03101181611418724,-0.018876485526561737,-0.008276881650090218,-0.0059161619283258915,-0.012114521116018295,-0.01973392628133297,-0.025080129504203796,-0.026796074584126472,-0.026792585849761963,-0.026773888617753983,-0.02665548212826252,-0.021589023992419243,-0.012140702456235886,-0.012607201002538204,-0.015741905197501183,-0.018685029819607735,-0.022017713636159897,-0.02510247938334942,-0.027731571346521378,-0.029838507995009422,-0.030950209125876427,-0.03175092861056328,-0.03428122401237488,-0.03576022759079933,-0.03840043768286705,-0.03925841301679611,-0.04199378564953804,-0.0459044948220253,-0.05070939660072327,-0.054515939205884933,-0.056648969650268555,-0.05778375640511513
-0.05118652433156967,-0.05118652433156967,-0.051705554127693176,-0.053015951067209244,-0.055441368371248245,-0.057240866124629974,-0.056564800441265106,-0.050778795033693314,-0.03938087448477745,-0.026126224547624588,-0.01734776422381401,-0.015782121568918228,-0.018570635467767715,-0.021231073886156082,-0.0229467935860157,-0.022244054824113846,-0.02177363634109497,-0.02241007797420025,-0.020495451986789703,-0.01850021444261074,-0.015378550626337528,-0.015405440703034401,-0.016625724732875824,-0.019145304337143898,-0.021855082362890244,-0.024637846276164055,-0.026521945372223854,-0.028480183333158493,-0.0320541150867939,-0.03403385728597641,-0.03439082205295563,-0.03358333930373192,-0.035869114100933075,-0.038964588195085526,-0.04305032640695572,-0.048520877957344055,-0.05423196032643318,-0.058873411267995834,-0.061543915420770645,-0.06248119845986366
