dougfraga/big_20.json
{"header": {"parameterUnit": "m.s-1", "parameterNumber": 2, "dx": 0.016666000000000736, "dy": 0.016666000000000736, "parameterNumberName": "Eastward current", "la1": -22.891645999999998, "la2": -24.0416, "parameterCategory": 2, "lo2": -43.225054, "nx": 95, "ny": 70, "refTime": "2022-12-18 20:00:00", "lo1": -44.79166}, "data":
[rows 18 to 35 of 70, columns 0 to 41 of 95]
0.0,0.0,0.0,0.0,0.0,0.004740280099213123,0.00974438525736332,0.010404754430055618,0.015794921666383743,0.011565044522285461,0.000582701584789902,0.004301364533603191,0.014824997633695602,0.01805567368865013,0.013581701554358006,0.00689190486446023,-0.004167324397712946,-0.012971979565918446,-0.014166188426315784,-0.008998961187899113,0.0028687205631285906,0.013297836296260357,0.020172733813524246,0.019750574603676796,0.007799842394888401,0.0,0.0,0.0,0.0,0.004344057757407427,0.004344057757407427,0.0,0.0,0.0,0.0,0.0,0.0,0.010715950280427933,0.010030041448771954,-0.0006859091809019446,0.0,-0.00571312615647912
0.0,0.0,0.0,0.0,0.0,0.004017828498035669,0.010646256618201733,0.006628428120166063,0.0,0.0,0.013045446947216988,0.02503455989062786,0.025376303121447563,0.02223115786910057,0.00911050196737051,-0.007456962019205093,-0.013030225411057472,-0.011144024319946766,-0.01092754490673542,-0.008664256893098354,-0.0012329816818237305,0.007553474046289921,0.010744634084403515,0.013766249641776085,0.005316619761288166,-0.002917445497587323,0.0,0.0,0.015812283381819725,0.015389029867947102,-0.006742813158780336,-0.006319559644907713,0.0,0.0,-1.2789729112518077e-18,0.0,0.008107196539640427,0.017424557358026505,0.018287114799022675,0.02034691348671913,0.026819027960300446,0.023509250953793526
0.0,0.0,0.0,0.0,0.0,0.0028653787449002266,0.0028653787449002266,0.0,0.0,0.0,0.0,0.012831509113311768,0.02155756577849388,0.01524643786251545,0.013171974569559097,0.007530310191214085,0.003465186571702361,0.001786499284207821,-0.0046271211467683315,-0.008099191822111607,-0.006846853997558355,-0.0032370476983487606,0.0018466494511812925,0.0040804557502269745,0.0031929996330291033,0.0016214291099458933,0.0,0.0,0.009134117513895035,0.008763990364968777,-0.002489438746124506,-0.004076939541846514,0.0030266372486948967,0.010555552318692207,0.009503823705017567,0.012052805162966251,0.010706844739615917,0.01740453764796257,0.03462010622024536,0.04582110419869423,0.04157174751162529,0.02831832319498062
0.0,0.0,0.0,0.0,0.0,0.0,0.0,0.0,0.0,0.0,0.0,0.010276571847498417,0.022681931033730507,0.02329382300376892,0.02239929884672165,0.02076411433517933,0.014465449377894402,0.006039399653673172,-0.0010446534724906087,-0.002187219448387623,0.0013248708564788103,0.004288854543119669,0.008938859216868877,0.010986759327352047,0.008227945305407047,0.004352475982159376,0.005683941300958395,0.01496018934994936,0.016881519928574562,0.010234827175736427,0.006178345065563917,0.008123598992824554,0.010281558148562908,0.010248741135001183,0.01261706743389368,0.01828284189105034,0.02162555605173111,0.02916075475513935,0.040737222880125046,0.04619229584932327,0.047628190368413925,0.038468826562166214
0.0,0.0,0.0,0.0,0.0,0.0,0.0,0.0,0.0,0.0,0.0,0.0,0.0,0.010499811731278896,0.022950084879994392,0.021701162680983543,0.012673093937337399,0.003846619511023164,0.0002445891441311687,0.0005333232693374157,0.003787023713812232,0.00794171541929245,0.0130485650151968,0.012313545681536198,0.006087325979024172,0.005624155048280954,0.00821242667734623,0.011637575924396515,0.017735542729496956,0.020229512825608253,0.01779409870505333,0.016787221655249596,0.016500059515237808,0.016824107617139816,0.020155422389507294,0.025874702259898186,0.032542187720537186,0.03858106955885887,0.04137443006038666,0.04442702233791351,0.04507772624492645,0.040116481482982635
0.0,0.0,0.0,0.0,0.0,0.0,0.0,0.0,0.0,0.0,0.0,0.0,0.0,0.010808214545249939,0.02994743175804615,0.03479636833071709,0.021037330850958824,0.005437723360955715,0.0017595054814592004,0.006325291935354471,0.010827048681676388,0.013921533711254597,0.016351884230971336,0.0180853009223938,0.02351617068052292,0.022929806262254715,0.016590068116784096,0.01933261938393116,0.02481955476105213,0.026483550667762756,0.02582806535065174,0.02388937957584858,0.021853163838386536,0.02209601365029812,0.02473020739853382,0.028670232743024826,0.034053899347782135,0.038922496140003204,0.04233167693018913,0.04654556140303612,0.04544231295585632,0.04610545188188553
0.0,0.0,0.0,0.0,0.0,0.0,0.0,0.0,0.0,0.0,0.0,0.0,0.0,0.0,0.0,0.0,0.013067544437944889,0.021982405334711075,0.014347896911203861,0.012512434273958206,0.01628286764025688,0.020329182967543602,0.02794457972049713,0.031779684126377106,0.030772151425480843,0.02943110652267933,0.02563849836587906,0.027567991986870766,0.030160406604409218,0.02943381667137146,0.02911229431629181,0.027045706287026405,0.024572111666202545,0.02456843852996826,0.027517331764101982,0.03338509052991867,0.03838083893060684,0.04135376960039139,0.04464007169008255,0.046721454709768295,0.047383058816194534,0.04819195717573166
0.0,0.0,0.0,0.0,0.0,0.0,0.0,0.0,0.0,0.0,0.0,0.0,0.0,0.0,0.0,0.007048013620078564,0.0329931415617466,0.047365471720695496,0.031147725880146027,0.01930614560842514,0.02363741025328636,0.0341750867664814,0.03959357365965843,0.037647049874067307,0.03565219044685364,0.0336846262216568,0.031025057658553123,0.03395896032452583,0.035409167408943176,0.031890276819467545,0.03091873973608017,0.028822259977459908,0.026825740933418274,0.02991153672337532,0.03379008173942566,0.03612782433629036,0.03903937712311745,0.0411052443087101,0.043217625468969345,0.04525606334209442,0.046462658792734146,0.04717591777443886
0.0,0.0,0.0,0.0,0.0,0.0,0.0,0.0,0.0,0.0,0.0,0.0,0.0,0.0,0.014163852669298649,0.021444175392389297,0.029001152142882347,0.050871219485998154,0.04829111322760582,0.03544009104371071,0.03478487953543663,0.03978237882256508,0.04314176365733147,0.043015796691179276,0.03980884701013565,0.038011692464351654,0.041581351310014725,0.04209941625595093,0.03852779045701027,0.035738300532102585,0.03327024728059769,0.030669862404465675,0.029798749834299088,0.03456549718976021,0.036960918456315994,0.03659793734550476,0.03828511759638786,0.039139486849308014,0.04017096385359764,0.04173729196190834,0.042941346764564514,0.04388231411576271
0.0,0.0,0.0,0.0,0.0,0.0,0.0,0.0,0.0,0.0,0.0,0.0,0.0,0.0,0.0021767932921648026,0.013769203796982765,0.02883669175207615,0.04651893675327301,0.05371243134140968,0.047510549426078796,0.046139948070049286,0.04682941362261772,0.04673658311367035,0.04642413556575775,0.04945811629295349,0.04998672008514404,0.04808342456817627,0.0469030998647213,0.04414769262075424,0.03990858420729637,0.035928405821323395,0.03566192463040352,0.03532622382044792,0.03550059348344803,0.0365629717707634,0.03599219024181366,0.03574229031801224,0.03550129383802414,0.03608063980937004,0.037753403186798096,0.03984823077917099,0.0423891618847847
0.0,0.0,0.0,0.0,0.0,0.011616438627243042,0.02432272583246231,0.03085358254611492,0.032156843692064285,0.014009549282491207,0.0,0.0,0.0,0.012925995513796806,0.03854459151625633,0.05313265323638916,0.05840825289487839,0.06400708109140396,0.06375031173229218,0.05980857089161873,0.05808847397565842,0.05572599172592163,0.05514340475201607,0.055623240768909454,0.055344611406326294,0.05561993643641472,0.053820811212062836,0.04994646832346916,0.04552131146192551,0.043423835188150406,0.039822403341531754,0.03552297502756119,0.03395852819085121,0.03365783765912056,0.034345291554927826,0.03446006774902344,0.03380852937698364,0.033343054354190826,0.034756992012262344,0.03928963840007782,0.04250016063451767,0.04415993019938469
0.0,0.0,0.0,0.0,0.011594723910093307,0.04167298600077629,0.06051686778664589,0.05864476040005684,0.05991970747709274,0.0708448588848114,0.07392490655183792,0.085037961602211,0.09484376013278961,0.081400066614151,0.07385437190532684,0.07424213737249374,0.07465288788080215,0.07406388968229294,0.0713401734828949,0.06766163557767868,0.06418904662132263,0.06292305141687393,0.06119672581553459,0.05801786109805107,0.0562402680516243,0.05469854921102524,0.054903045296669006,0.050754424184560776,0.04303037002682686,0.03688901290297508,0.03767876699566841,0.037449467927217484,0.03216877207159996,0.03175458684563637,0.03247043862938881,0.03245027735829353,0.03168364614248276,0.03357359766960144,0.036396436393260956,0.038485389202833176,0.040860190987586975,0.04331646114587784
0.10318387299776077,0.10262887179851532,0.10772015899419785,0.11528955399990082,0.10401977598667145,0.09041761606931686,0.09052227437496185,0.08848749101161957,0.08708219975233078,0.08952131867408752,0.08865398913621902,0.08878573030233383,0.08854196220636368,0.08342871069908142,0.07928832620382309,0.07618039101362228,0.07418873906135559,0.07202976197004318,0.06814450770616531,0.06800290942192078,0.06740901619195938,0.06333822757005692,0.06318017840385437,0.059204455465078354,0.054246626794338226,0.05238303914666176,0.04659958556294441,0.04014010354876518,0.03619468957185745,0.03443553298711777,0.033481720834970474,0.032403066754341125,0.03089403547346592,0.030388975515961647,0.030447116121649742,0.029784390702843666,0.030937746167182922,0.03311236947774887,0.03427692875266075,0.03602462261915207,0.03832244127988815,0.04134058579802513
0.11514401435852051,0.11185512691736221,0.10990661382675171,0.11126558482646942,0.10737626254558563,0.10434073954820633,0.10191068053245544,0.09741250425577164,0.09572459757328033,0.09655427932739258,0.09550684690475464,0.09184916317462921,0.08808770775794983,0.08266621828079224,0.07808157801628113,0.07477367669343948,0.07141226530075073,0.06770876795053482,0.06405197083950043,0.06783951073884964,0.07033206522464752,0.06486032903194427,0.06422879546880722,0.058210473507642746,0.04940803349018097,0.04460368677973747,0.0383121520280838,0.033684879541397095,0.030871152877807617,0.028840281069278717,0.029461750760674477,0.031322602182626724,0.030380042269825935,0.029025554656982422,0.028224941343069077,0.02951715886592865,0.03062332049012184,0.030755868181586266,0.03191296383738518,0.033769749104976654,0.036025069653987885,0.03824383020401001
0.12172996997833252,0.11844129115343094,0.1126517504453659,0.10957946628332138,0.10774391889572144,0.1056784987449646,0.10326559841632843,0.10175542533397675,0.09913364797830582,0.09572887420654297,0.09387338906526566,0.09046453982591629,0.08568592369556427,0.08090696483850479,0.07721102237701416,0.07457994669675827,0.07158935070037842,0.06728717684745789,0.06078050285577774,0.06629593670368195,0.07332241535186768,0.06889249384403229,0.060582149773836136,0.05682114511728287,0.051473479717969894,0.03810439258813858,0.03204721957445145,0.029519733041524887,0.02821674756705761,0.02937307208776474,0.030066674575209618,0.0295470729470253,0.027227144688367844,0.02691284753382206,0.029745906591415405,0.030146349221467972,0.02878752537071705,0.02898591384291649,0.030509844422340393,0.032618314027786255,0.03464922681450844,0.037411727011203766
0.10839633643627167,0.10822495073080063,0.10720749199390411,0.10559771955013275,0.10468004643917084,0.10463975369930267,0.1027410700917244,0.09963985532522202,0.09648960828781128,0.09294469654560089,0.09003221243619919,0.08693414181470871,0.0846528559923172,0.08077894151210785,0.076018325984478,0.07356049120426178,0.0710751861333847,0.06780217587947845,0.06704490631818771,0.06579380482435226,0.06901109218597412,0.07370705157518387,0.06554275751113892,0.058255910873413086,0.05237341672182083,0.03817072883248329,0.029326092451810837,0.0275209229439497,0.027146153151988983,0.028523141518235207,0.02880670316517353,0.02799241989850998,0.027442853897809982,0.02814592979848385,0.028856772929430008,0.028246726840734482,0.027536800131201744,0.02800777554512024,0.02911735698580742,0.03151952102780342,0.03160139173269272,0.04019850119948387
0.10038165748119354,0.10019844025373459,0.10054469108581543,0.101007379591465,0.10010506212711334,0.09907851368188858,0.09787817299365997,0.09510095417499542,0.09225814789533615,0.08973449468612671,0.08701162785291672,0.08546186983585358,0.0825858861207962,0.07784926891326904,0.07456538826227188,0.07276414334774017,0.0714627280831337,0.07064229995012283,0.06982318311929703,0.07305369526147842,0.07727058976888657,0.0755082443356514,0.06818439811468124,0.058931346982717514,0.05236123129725456,0.0390876866877079,0.02826056443154812,0.026944825425744057,0.02641148865222931,0.027151554822921753,0.02688624896109104,0.026361942291259766,0.026366718113422394,0.0264735147356987,0.02593158930540085,0.02555927261710167,0.026454458013176918,0.027678199112415314,0.0310138538479805,0.03524421900510788,0.03810487315058708,0.04490950331091881
0.09312857687473297,0.09327784180641174,0.09330085664987564,0.09375114738941193,0.09415265917778015,0.09350334852933884,0.09200985729694366,0.08942960202693939,0.0870201587677002,0.08569449186325073,0.08546027541160583,0.0830080583691597,0.07831505686044693,0.0749976634979248,0.07301608473062515,0.0719912126660347,0.07165387272834778,0.07277623564004898,0.074916310608387,0.07596053928136826,0.0745815560221672,0.06958013027906418,0.0620887391269207,0.05438691005110741,0.04567713662981987,0.03476649895310402,0.029625695198774338,0.028873251751065254,0.027246659621596336,0.026858612895011902,0.026180854067206383,0.025822127237915993,0.025520553812384605,0.024721190333366394,0.02327532321214676,0.022426694631576538,0.025822805240750313,0.03153495490550995,0.035759225487709045,0.03566368669271469,0.04388276860117912,0.05390310287475586
