dougfraga/big_23.json
{"header": {"parameterUnit": "m.s-1", "parameterNumber": 2, "dx": 0.016666000000000736, "dy": 0.016666000000000736, "parameterNumberName": "Eastward current", "la1": -22.891645999999998, "la2": -24.0416, "parameterCategory": 2, "lo2": -43.225054, "nx": 95, "ny": 70, "refTime": "2022-12-18 23:00:00", "lo1": -44.79166}, "data":
[rows 19 to 37 of 70, columns 41 to 81 of 95]
-0.0094162467867136,0.005921276286244392,0.010866263881325722,0.01053196843713522,0.014670545235276222,0.01600421592593193,0.017969360575079918,0.017033973708748817,0.01423564087599516,0.014820966869592667,0.0159218218177557,0.01698324829339981,0.01578836888074875,0.01307294424623251,0.014161943458020687,0.014439056627452374,0.013525930233299732,0.013851272873580456,0.013241535983979702,0.012687928043305874,0.011354430578649044,0.008737283758819103,0.005811861250549555,0.004175801761448383,0.003315282752737403,0.002970284316688776,0.0032546722795814276,0.0038659037090837955,0.004600975662469864,0.00551049318164587,0.006747100502252579,0.008582320995628834,0.013103480450809002,0.016469759866595268,0.01767728663980961,0.020826702937483788,0.024774054065346718,0.02915119007229805,0.034083131700754166,0.0394483245909214,0.044850680977106094
-0.0026478618383407593,0.005165571812540293,0.012094623409211636,0.018458815291523933,0.01920311339199543,0.015161478891968727,0.015227518044412136,0.01597430743277073,0.015413232147693634,0.014643139205873013,0.013791583478450775,0.013474124483764172,0.015888815745711327,0.016156502068042755,0.014768045395612717,0.015425986610352993,0.015194950625300407,0.014410131610929966,0.013485763221979141,0.012521950528025627,0.011020466685295105,0.009135734289884567,0.007435677573084831,0.006042829714715481,0.005112193524837494,0.004910999443382025,0.005589834414422512,0.008412477560341358,0.009867475368082523,0.009616905823349953,0.011069257743656635,0.013191471807658672,0.016303539276123047,0.019328579306602478,0.02185114473104477,0.025081077590584755,0.02912108600139618,0.03360917419195175,0.03825923055410385,0.04307495802640915,0.04800070822238922
0.0127966133877635,0.00996884610503912,0.01416158489882946,0.018123451620340347,0.019924728199839592,0.02001454494893551,0.020453765988349915,0.020668406039476395,0.020612912252545357,0.02260720543563366,0.020974528044462204,0.015370706096291542,0.013676224276423454,0.01362408697605133,0.013898234814405441,0.014862600713968277,0.014767991378903389,0.013788865879178047,0.013178503140807152,0.01295117475092411,0.012723734602332115,0.012530324049293995,0.01383011694997549,0.01311690453439951,0.010504946112632751,0.010212809778749943,0.010910184122622013,0.011771387420594692,0.01232959982007742,0.013014429248869419,0.014379283413290977,0.01625007390975952,0.0188416987657547,0.021780436858534813,0.024659080430865288,0.02797163650393486,0.03212159126996994,0.03645550459623337,0.0406809039413929,0.04494715481996536,0.04941663146018982
0.018683593720197678,0.01914002001285553,0.021678505465388298,0.02454017847776413,0.026814527809619904,0.030733758583664894,0.03194083645939827,0.030170246958732605,0.02941458486020565,0.02745983563363552,0.02340075373649597,0.018302353098988533,0.016048578545451164,0.01619519665837288,0.016085093840956688,0.015594257973134518,0.014820982702076435,0.014281480573117733,0.014906052500009537,0.01753605715930462,0.018499642610549927,0.017260266467928886,0.016468292102217674,0.015196657739579678,0.014217034913599491,0.01400650106370449,0.014353723265230656,0.014724982902407646,0.014867466874420643,0.015644561499357224,0.016880877315998077,0.018163330852985382,0.019996928051114082,0.022915704175829887,0.02660587802529335,0.0299629345536232,0.033488679677248,0.03771061822772026,0.04240715503692627,0.04726943001151085,0.052558496594429016
0.026935482397675514,0.030456991866230965,0.030195634812116623,0.03256414085626602,0.03417549654841423,0.035833027213811874,0.0367155559360981,0.03566267341375351,0.033427294343709946,0.030372606590390205,0.026410602033138275,0.02278085984289646,0.020636437460780144,0.019530558958649635,0.018810652196407318,0.01811564713716507,0.017617207020521164,0.017989851534366608,0.020869798958301544,0.022086402401328087,0.020401427522301674,0.019479352980852127,0.01862972043454647,0.017560305073857307,0.016731511801481247,0.016434352844953537,0.01654469408094883,0.016629202291369438,0.016702745109796524,0.017476102337241173,0.018593136221170425,0.019609229639172554,0.020948803052306175,0.023890020325779915,0.027669250965118408,0.031198151409626007,0.03583839163184166,0.043556150048971176,0.05037683621048927,0.05508853495121002,0.06109343841671944
0.030898137018084526,0.032702215015888214,0.03370693325996399,0.03532394394278526,0.036741726100444794,0.03776334226131439,0.03815479204058647,0.036994338035583496,0.03483402356505394,0.032106589525938034,0.029456209391355515,0.028783703222870827,0.027236105874180794,0.024557659402489662,0.023483389988541603,0.022626882418990135,0.022110989317297935,0.021756352856755257,0.02165747992694378,0.021847430616617203,0.021345382556319237,0.02065020240843296,0.019866453483700752,0.019106796011328697,0.01854395680129528,0.017863165587186813,0.017618749290704727,0.017731226980686188,0.018097231164574623,0.018839046359062195,0.019823318347334862,0.020739072933793068,0.022060925140976906,0.0248212032020092,0.030532803386449814,0.036444291472435,0.04144158586859703,0.047820083796978,0.05391841009259224,0.059637345373630524,0.06568593531847
0.030996499583125114,0.032106708735227585,0.033328376710414886,0.03533334285020828,0.03707802668213844,0.03835717588663101,0.038719967007637024,0.03826763108372688,0.03853990137577057,0.03660339117050171,0.03289581462740898,0.030611585825681686,0.028583165258169174,0.026690484955906868,0.025126982480287552,0.023696741089224815,0.02294313907623291,0.02261281944811344,0.022219369187951088,0.02216739021241665,0.02204245701432228,0.021767059341073036,0.02120128460228443,0.020326387137174606,0.01951129175722599,0.018732169643044472,0.018415646627545357,0.01893998496234417,0.019820252433419228,0.02097511477768421,0.022334620356559753,0.02382335625588894,0.025742318481206894,0.028618739917874336,0.033313438296318054,0.04246874153614044,0.049143821001052856,0.0525018647313118,0.05799126252532005,0.06320944428443909,0.06828523427248001
0.02868513949215412,0.03071218729019165,0.03311911225318909,0.03589056804776192,0.03866122290492058,0.042332153767347336,0.04333074390888214,0.042019523680210114,0.04112911969423294,0.038317207247018814,0.03517410159111023,0.03255752846598625,0.030155645683407784,0.027877643704414368,0.026013953611254692,0.024609209969639778,0.02388388104736805,0.024142973124980927,0.024280639365315437,0.024298913776874542,0.02419288270175457,0.024315116927027702,0.023001333698630333,0.021126091480255127,0.020510107278823853,0.020044727250933647,0.020375147461891174,0.021989651024341583,0.024612247943878174,0.02732960879802704,0.02966221421957016,0.03191383555531502,0.034228336066007614,0.03772852197289467,0.046754784882068634,0.05219116434454918,0.053083911538124084,0.057362623512744904,0.061362575739622116,0.06565967947244644,0.07074007391929626
0.027463000267744064,0.03121960163116455,0.03662097454071045,0.04040078446269035,0.0425519198179245,0.04528285190463066,0.04601237177848816,0.045294761657714844,0.04393483325839043,0.041283708065748215,0.038443926721811295,0.03540355712175369,0.031580474227666855,0.029150987043976784,0.028130996972322464,0.026890259236097336,0.025386247783899307,0.0254050400108099,0.026041939854621887,0.025853034108877182,0.025735177099704742,0.025522157549858093,0.024808721616864204,0.023747585713863373,0.022981764748692513,0.023406073451042175,0.025619538500905037,0.02910042554140091,0.0358583889901638,0.04023098945617676,0.04148427024483681,0.04438234865665436,0.04651959240436554,0.04970088601112366,0.05405855551362038,0.056742288172245026,0.05881255865097046,0.06474771350622177,0.07028646767139435,0.07338341325521469,0.07717086374759674
0.029547128826379776,0.033478960394859314,0.03785693645477295,0.0420026034116745,0.045620277523994446,0.04831341654062271,0.049361634999513626,0.04842653498053551,0.04656319320201874,0.04398726671934128,0.04119535908102989,0.038000062108039856,0.03401557356119156,0.03138292580842972,0.029612181708216667,0.02780202031135559,0.026041649281978607,0.025282569229602814,0.025502705946564674,0.02644302509725094,0.02746875397861004,0.02784765139222145,0.029575619846582413,0.029897719621658325,0.02688697911798954,0.027986347675323486,0.03571655973792076,0.04076843708753586,0.04275786876678467,0.04648324102163315,0.04963082820177078,0.05147744342684746,0.05367695167660713,0.056473977863788605,0.05965149775147438,0.06531379371881485,0.06941075623035431,0.07138122618198395,0.07466737180948257,0.07791439443826675,0.08090420812368393
0.028707057237625122,0.033083342015743256,0.03813944011926651,0.04342139884829521,0.04818795248866081,0.05107136070728302,0.05206789821386337,0.0515161007642746,0.0494653657078743,0.04629107564687729,0.04318244382739067,0.03997192531824112,0.03639887273311615,0.03334897756576538,0.03078729659318924,0.028925428166985512,0.02749261073768139,0.027196619659662247,0.028549442067742348,0.029895877465605736,0.030812421813607216,0.03352043405175209,0.034528132528066635,0.03380504250526428,0.035047002136707306,0.03684821352362633,0.04054053872823715,0.045501187443733215,0.04890722036361694,0.05147729441523552,0.053554389625787735,0.05592421069741249,0.06158982217311859,0.0652385726571083,0.06683001667261124,0.07025346159934998,0.07333827763795853,0.07598894089460373,0.07815609127283096,0.08007641136646271,0.0817786380648613
0.026885801926255226,0.032013945281505585,0.038157228380441666,0.044491443783044815,0.04978153854608536,0.05304181948304176,0.05391845852136612,0.05312953144311905,0.05064855515956879,0.04688937962055206,0.043771639466285706,0.04165850579738617,0.0392550565302372,0.03583163022994995,0.03254254162311554,0.030410734936594963,0.029876884073019028,0.03105561062693596,0.034532949328422546,0.03552586957812309,0.03427502512931824,0.034752242267131805,0.03543819114565849,0.03689328953623772,0.03931190446019173,0.04173930361866951,0.044872235506772995,0.049152106046676636,0.05267908796668053,0.05821739137172699,0.0619141161441803,0.06243259087204933,0.06476665288209915,0.06747208535671234,0.07048497349023819,0.07383744418621063,0.0766458734869957,0.07816975563764572,0.07982458174228668,0.0841766968369484,0.08701404184103012
0.023806098848581314,0.029445765540003777,0.03820357099175453,0.0450088232755661,0.04934784397482872,0.0521203950047493,0.0529615543782711,0.05188295617699623,0.049169570207595825,0.046398311853408813,0.04535800963640213,0.04629140719771385,0.044010523706674576,0.03897057846188545,0.035906437784433365,0.0339672826230526,0.033142782747745514,0.03348429873585701,0.03433797135949135,0.034880928695201874,0.035124920308589935,0.03582681715488434,0.03706521913409233,0.039292022585868835,0.04262107238173485,0.04505900666117668,0.047784414142370224,0.05455910786986351,0.059988901019096375,0.06196919083595276,0.0637478157877922,0.06483587622642517,0.06714751571416855,0.07037122547626495,0.07332310080528259,0.076630599796772,0.0817476361989975,0.08445639908313751,0.0845823585987091,0.08630111068487167,0.08785434812307358
0.022090408951044083,0.027921680361032486,0.03514398634433746,0.04056638106703758,0.04769045487046242,0.05144206061959267,0.04965585842728615,0.05014041066169739,0.04971667751669884,0.047194670885801315,0.04564373195171356,0.04430626332759857,0.04206147417426109,0.03978259116411209,0.03808359429240227,0.036713626235723495,0.035641442984342575,0.034913551062345505,0.03462493419647217,0.03487696871161461,0.03565076366066933,0.03734687343239784,0.03970738500356674,0.04255121946334839,0.04769435524940491,0.0511743426322937,0.05333752930164337,0.058047011494636536,0.062354300171136856,0.06488820910453796,0.06611007452011108,0.067751444876194,0.07263366132974625,0.07678499817848206,0.07932719588279724,0.08295591920614243,0.08550864458084106,0.08678100258111954,0.08721911162137985,0.0876435786485672,0.08787504583597183
0.023461302742362022,0.034457411617040634,0.038458798080682755,0.04190680384635925,0.04595469683408737,0.04774773120880127,0.04630438610911369,0.047094497829675674,0.046506743878126144,0.04489970579743385,0.043156251311302185,0.04136546328663826,0.03979816287755966,0.03856036067008972,0.03749316930770874,0.03668084740638733,0.036263078451156616,0.036055322736501694,0.03555268049240112,0.03557232767343521,0.03775530308485031,0.0436616912484169,0.04708360135555267,0.047283850610256195,0.04950915649533272,0.052273549139499664,0.05593611299991608,0.06009344756603241,0.06346765160560608,0.06554239243268967,0.06884829699993134,0.0723944902420044,0.07526829838752747,0.07884003221988678,0.0819484144449234,0.08456676453351974,0.08610895276069641,0.08658057451248169,0.08653009682893753,0.08669613301753998,0.08722413331270218
0.029143458232283592,0.036206405609846115,0.04047808051109314,0.04133959487080574,0.0430380143225193,0.04226802662014961,0.04018530622124672,0.041308362036943436,0.04049152135848999,0.03928370401263237,0.03769614174962044,0.036626145243644714,0.03634442016482353,0.036300815641880035,0.03644951060414314,0.03670167177915573,0.037440285086631775,0.04009899124503136,0.040470920503139496,0.03963230922818184,0.04217863827943802,0.04504609480500221,0.04725588113069534,0.049348246306180954,0.05129501223564148,0.05335908755660057,0.056688182055950165,0.06035107374191284,0.06274951994419098,0.06692209839820862,0.07134988903999329,0.0740593746304512,0.07732149213552475,0.07988259196281433,0.08170562982559204,0.082963727414608,0.08347523957490921,0.083756223320961,0.08419522643089294,0.08502431958913803,0.08665947616100311
0.03840607404708862,0.039731696248054504,0.041834279894828796,0.03988870605826378,0.03935642167925835,0.036524321883916855,0.03329740837216377,0.03483489155769348,0.033074162900447845,0.031449344009160995,0.031235281378030777,0.03344976156949997,0.034993719309568405,0.035273462533950806,0.036413781344890594,0.03708159551024437,0.0377546027302742,0.038541942834854126,0.039370279759168625,0.04132430627942085,0.044225599616765976,0.046482961624860764,0.0483182817697525,0.05044649913907051,0.05259828269481659,0.054677363485097885,0.056947603821754456,0.05972200259566307,0.06508637964725494,0.07043122500181198,0.07342658191919327,0.07598568499088287,0.07796251773834229,0.07920131087303162,0.0797826498746872,0.0805266723036766,0.08153404295444489,0.08252134919166565,0.0835251584649086,0.08481908589601517,0.08681000024080276
0.042179595679044724,0.04373732581734657,0.04008020833134651,0.039500702172517776,0.03622262552380562,0.03022235631942749,0.027547480538487434,0.026015793904662132,0.02507759816944599,0.026791134849190712,0.028590219095349312,0.02885521948337555,0.030040347948670387,0.031536322087049484,0.03307841718196869,0.033877499401569366,0.034663163125514984,0.036981526762247086,0.039744049310684204,0.04272119328379631,0.048046745359897614,0.051229678094387054,0.051849979907274246,0.05371718481183052,0.05513550713658333,0.05484519898891449,0.05687939003109932,0.062276940792798996,0.07009908556938171,0.07548830658197403,0.07611954212188721,0.07636169344186783,0.07673723250627518,0.0795760303735733,0.08133877068758011,0.08127692341804504,0.08220142126083374,0.08320444822311401,0.08388341218233109,0.08302473276853561,0.08583860844373703
0.043420013040304184,0.0450914092361927,0.04265701398253441,0.03676695376634598,0.031054871156811714,0.028446443378925323,0.025170452892780304,0.02116335928440094,0.021004028618335724,0.02173788845539093,0.02374066412448883,0.025456979870796204,0.0269465409219265,0.028570612892508507,0.0303416159003973,0.03215290233492851,0.034402862191200256,0.03998254984617233,0.04553341493010521,0.04859769344329834,0.05147702619433403,0.05360900238156319,0.05572182312607765,0.05780622735619545,0.05942757427692413,0.060462575405836105,0.06248879432678223,0.06750209629535675,0.07336118072271347,0.07687991857528687,0.07735708355903625,0.07578614354133606,0.0778345987200737,0.08068948984146118,0.08038782328367233,0.08057375997304916,0.08146582543849945,0.08242688328027725,0.08353440463542938,0.08661068975925446,0.09216651320457458
