dougfraga/big_21.json
{"header": {"parameterUnit": "m.s-1", "parameterNumber": 2, "dx": 0.016666000000000736, "dy": 0.016666000000000736, "parameterNumberName": "Eastward current", "la1": -22.891645999999998, "la2": -24.0416, "parameterCategory": 2, "lo2": -43.225054, "nx": 95, "ny": 70, "refTime": "2022-12-18 21:00:00", "lo1": -44.79166}, "data":
[rows 36 to 53 of 70, columns 0 to 41 of 95]
0.08184443414211273,0.08223776519298553,0.08300912380218506,0.08391405642032623,0.08395344763994217,0.0830274447798729,0.08128573000431061,0.07876336574554443,0.07763933390378952,0.07865963876247406,0.07732585817575455,0.07345765829086304,0.0704420655965805,0.06818509101867676,0.06739643216133118,0.06776884943246841,0.06910818815231323,0.0711400955915451,0.07252614945173264,0.07252304255962372,0.07071630656719208,0.06600946187973022,0.05852649360895157,0.0502430722117424,0.042752161622047424,0.03808436170220375,0.03417615965008736,0.030677134171128273,0.029158135876059532,0.028057653456926346,0.027250759303569794,0.026203960180282593,0.024724913761019707,0.022729985415935516,0.021620137616991997,0.025856832042336464,0.03256760537624359,0.03811802715063095,0.043897222727537155,0.04827622324228287,0.05345945805311203,0.06059432402253151
0.07694478332996368,0.077101930975914,0.07743646949529648,0.07765063643455505,0.07768380641937256,0.07711077481508255,0.07576139271259308,0.0756746307015419,0.07553255558013916,0.07395520806312561,0.07181693613529205,0.0693347379565239,0.0668705478310585,0.06506814807653427,0.06503545492887497,0.06595756113529205,0.06713598221540451,0.0688883513212204,0.07383810728788376,0.07549585402011871,0.07237368077039719,0.06797976791858673,0.06022549048066139,0.050935156643390656,0.0421726331114769,0.03683855012059212,0.03356720879673958,0.031011348590254784,0.029993126168847084,0.02957720123231411,0.029035987332463264,0.028782812878489494,0.025196805596351624,0.020640425384044647,0.020950868725776672,0.026041405275464058,0.032528895884752274,0.04238344728946686,0.051566898822784424,0.05580386891961098,0.058669429272413254,0.06052606180310249
0.07034227252006531,0.07090449333190918,0.07185050845146179,0.07226449996232986,0.07206495106220245,0.07170918583869934,0.07214722782373428,0.0713854432106018,0.06942784786224365,0.06837932020425797,0.06658699363470078,0.0642247125506401,0.062375836074352264,0.06108397617936134,0.06087514013051987,0.06200117617845535,0.06331188231706619,0.0676894262433052,0.07197310030460358,0.07027754187583923,0.0665816068649292,0.06420303881168365,0.05716472491621971,0.04503278434276581,0.03759431093931198,0.033680032938718796,0.03092283010482788,0.030263813212513924,0.03055015206336975,0.031497545540332794,0.030547676607966423,0.026225769892334938,0.02007480524480343,0.01901692897081375,0.021950803697109222,0.028072286397218704,0.03926197439432144,0.04888619855046272,0.059433285146951675,0.06355630606412888,0.06421452015638351,0.06360753625631332
0.06486637145280838,0.06534061580896378,0.0664687231183052,0.06753404438495636,0.06832228600978851,0.06904923915863037,0.06771042197942734,0.06461676955223083,0.06260418891906738,0.06115459278225899,0.058844853192567825,0.05772973969578743,0.05833111330866814,0.057263292372226715,0.055404119193553925,0.05535107105970383,0.05644555017352104,0.06201113015413284,0.06501400470733643,0.06248927861452103,0.05852554738521576,0.052065666764974594,0.04487422853708267,0.03626231104135513,0.028820825740695,0.023808272555470467,0.02873176895081997,0.03344183415174484,0.031191926449537277,0.03165080398321152,0.029514817520976067,0.02396463416516781,0.018787652254104614,0.018905777484178543,0.028045298531651497,0.037490908056497574,0.04848583787679672,0.06474800407886505,0.07210773229598999,0.06825122982263565,0.06291726976633072,0.06014534831047058
0.05951349064707756,0.059731628745794296,0.061067573726177216,0.06324291229248047,0.065245620906353,0.06670104712247849,0.06407946348190308,0.058561306446790695,0.05504801124334335,0.05119951069355011,0.053030963987112045,0.053781915456056595,0.05152340605854988,0.05576617270708084,0.05347907915711403,0.048019107431173325,0.04828191548585892,0.053411949425935745,0.054343126714229584,0.05049847811460495,0.04579424485564232,0.03830637410283089,0.030345382168889046,0.02356281504034996,0.02082355134189129,0.02007700689136982,0.028320807963609695,0.03261755034327507,0.035151999443769455,0.03776862844824791,0.03056187555193901,0.024607433006167412,0.02083423361182213,0.023029016330838203,0.03598494827747345,0.05085580796003342,0.06221954897046089,0.07274100929498672,0.0739164799451828,0.06878618896007538,0.062081269919872284,0.053776815533638
0.05202183872461319,0.052635978907346725,0.05500573292374611,0.05869300290942192,0.061901308596134186,0.06388399749994278,0.06082179397344589,0.05384809896349907,0.04980142042040825,0.049564264714717865,0.04776996001601219,0.04923483729362488,0.05499688535928726,0.05481938645243645,0.04878024384379387,0.04326632618904114,0.04174007475376129,0.04477390646934509,0.0439772792160511,0.039152637124061584,0.0332840271294117,0.02305900864303112,0.015048712491989136,0.014942089095711708,0.01935570500791073,0.022582553327083588,0.03323796018958092,0.04041164740920067,0.03969478979706764,0.03769853711128235,0.03433284908533096,0.0303715281188488,0.025851767510175705,0.029051775112748146,0.04441046714782715,0.061153724789619446,0.0718911737203598,0.07589937746524811,0.07361245900392532,0.06772573292255402,0.05802031233906746,0.050037115812301636
0.045699961483478546,0.0461653396487236,0.04857621714472771,0.053991906344890594,0.06030621379613876,0.062206607311964035,0.058067090809345245,0.051737744361162186,0.04760033264756203,0.047655560076236725,0.04984952136874199,0.051899101585149765,0.053158871829509735,0.05166015028953552,0.0464198999106884,0.040619347244501114,0.036993853747844696,0.038564495742321014,0.03674318641424179,0.030861133709549904,0.023560313507914543,0.01277017779648304,0.009637334384024143,0.012583688832819462,0.02300983853638172,0.034935999661684036,0.039211198687553406,0.04266510531306267,0.04513425752520561,0.04326924681663513,0.04031391441822052,0.03540489822626114,0.03151009976863861,0.038078535348176956,0.05337659269571304,0.06802888214588165,0.07342350482940674,0.07543416321277618,0.0728507712483406,0.06340557336807251,0.05595467612147331,0.04992086812853813
0.04219591245055199,0.04212538152933121,0.04358606040477753,0.049083903431892395,0.056475285440683365,0.0585763081908226,0.05826913192868233,0.05395498126745224,0.04673197865486145,0.04584512487053871,0.04815724864602089,0.05018668621778488,0.05019848793745041,0.04736532270908356,0.04233241453766823,0.037178944796323776,0.034024789929389954,0.036194004118442535,0.033428434282541275,0.02629544399678707,0.01989496871829033,0.013163819909095764,0.01327632088214159,0.01781252771615982,0.029019849374890327,0.04112204164266586,0.046374380588531494,0.04860337823629379,0.048648107796907425,0.046901218593120575,0.04602879658341408,0.04188088700175285,0.038715362548828125,0.04841823875904083,0.06233733892440796,0.07302018254995346,0.07666653394699097,0.07244691997766495,0.06568723171949387,0.059116460382938385,0.05271217226982117,0.04596985504031181
0.039058130234479904,0.03893071413040161,0.039478275924921036,0.0431111678481102,0.051060013473033905,0.055086493492126465,0.05674665793776512,0.05398044362664223,0.04559026286005974,0.04356632009148598,0.04568960517644882,0.04734320193529129,0.04808526113629341,0.04544782638549805,0.040451642125844955,0.036753877997398376,0.03405221924185753,0.03169535472989082,0.027085982263088226,0.021366046741604805,0.018189087510108948,0.021129127591848373,0.02545880898833275,0.02966935932636261,0.03756861761212349,0.04421624913811684,0.04693790152668953,0.050150416791439056,0.05440554395318031,0.05258884280920029,0.047499191015958786,0.044231634587049484,0.04532821103930473,0.05286923423409462,0.06219981610774994,0.06859616935253143,0.06936611235141754,0.06642625480890274,0.060521986335515976,0.05254499241709709,0.04608950391411781,0.04109663888812065
0.03584748134016991,0.03572407364845276,0.03627542406320572,0.03844631090760231,0.04369211941957474,0.04866703599691391,0.05383573845028877,0.052625738084316254,0.0450889952480793,0.04171335697174072,0.04484468325972557,0.04699628800153732,0.04365115240216255,0.04023946076631546,0.036430273205041885,0.03263922780752182,0.02900972031056881,0.026249827817082405,0.023610366508364677,0.021733060479164124,0.022656820714473724,0.028472840785980225,0.033742375671863556,0.037287283688783646,0.0426090843975544,0.04678250849246979,0.04959201067686081,0.05157113075256348,0.05173690989613533,0.04952000081539154,0.04675539210438728,0.04593376815319061,0.04845501855015755,0.053225379437208176,0.058360323309898376,0.06296088546514511,0.06276547163724899,0.057341694831848145,0.050483256578445435,0.0434490330517292,0.038362715393304825,0.03525448963046074
0.033357903361320496,0.03297941014170647,0.032611239701509476,0.0332893431186676,0.03671631962060928,0.0422658696770668,0.049970321357250214,0.050191979855298996,0.044673167169094086,0.04281796142458916,0.04201297089457512,0.04115995392203331,0.038261983543634415,0.0346328504383564,0.031144581735134125,0.027369974181056023,0.02359255589544773,0.021436313167214394,0.021310485899448395,0.023213792592287064,0.02860231138765812,0.03376240283250809,0.03688588738441467,0.04024786129593849,0.043656401336193085,0.046774882823228836,0.04823990538716316,0.04860175773501396,0.048791397362947464,0.048466917127370834,0.04780477657914162,0.04859687760472298,0.05253802239894867,0.055007435381412506,0.054982610046863556,0.05451859161257744,0.05099029839038849,0.044816646724939346,0.03882785141468048,0.03438121825456619,0.03192421421408653,0.03077111579477787
0.031469959765672684,0.03078736551105976,0.02958088554441929,0.028914503753185272,0.030299397185444832,0.035964932292699814,0.04553878679871559,0.04818660765886307,0.043971285223960876,0.04037843644618988,0.037145812064409256,0.034777868539094925,0.03186037391424179,0.02868659235537052,0.025484835729002953,0.022045904770493507,0.01914447918534279,0.01831318438053131,0.020226364955306053,0.025410931557416916,0.03084072284400463,0.034465059638023376,0.03791264817118645,0.04022593051195145,0.042023591697216034,0.044570330530405045,0.046102963387966156,0.04632704332470894,0.04714411869645119,0.05024784058332443,0.05179869383573532,0.051164135336875916,0.05146733671426773,0.05097956210374832,0.04928004741668701,0.04611815884709358,0.0411694310605526,0.03600229695439339,0.032419756054878235,0.03063938394188881,0.029787812381982803,0.029407331719994545
0.030335379764437675,0.02936946600675583,0.0272931270301342,0.025326473638415337,0.02542060799896717,0.03083628974854946,0.03959853947162628,0.04849082604050636,0.04750553518533707,0.03676513954997063,0.030647393316030502,0.029008226469159126,0.02663462795317173,0.023274308070540428,0.020395474508404732,0.01829424872994423,0.017018824815750122,0.017211731523275375,0.019611578434705734,0.025655925273895264,0.031011607497930527,0.03356268256902695,0.036098916083574295,0.03710361570119858,0.0375557467341423,0.03939644619822502,0.043016090989112854,0.04524567350745201,0.04582032933831215,0.04713272303342819,0.047368086874485016,0.04695137217640877,0.04633466526865959,0.044681623578071594,0.041990600526332855,0.038204360753297806,0.03405800834298134,0.030684320256114006,0.02904965914785862,0.02915581502020359,0.031513672322034836,0.032664597034454346
0.03040155954658985,0.0287467148154974,0.02562284842133522,0.022541692480444908,0.023490967229008675,0.029227081686258316,0.03830305486917496,0.047525111585855484,0.04611773416399956,0.03939017653465271,0.03439581021666527,0.027457769960165024,0.020226864144206047,0.014102590270340443,0.013504876755177975,0.016278965398669243,0.016918355599045753,0.017592431977391243,0.02005740813910961,0.027190031483769417,0.032055482268333435,0.03198930621147156,0.03248854726552963,0.03232433274388313,0.032871875911951065,0.036533575505018234,0.03994350507855415,0.04112495481967926,0.042087554931640625,0.04254255071282387,0.042016901075839996,0.04070064797997475,0.038860023021698,0.03670795261859894,0.03428574651479721,0.031644511967897415,0.029250184074044228,0.028093302622437477,0.030119337141513824,0.03162463381886482,0.03126168251037598,0.031108349561691284
0.029473669826984406,0.027731014415621758,0.0242623183876276,0.020867323502898216,0.022239061072468758,0.02883961610496044,0.03832799196243286,0.04862985014915466,0.047505103051662445,0.04049404710531235,0.03415217623114586,0.023555874824523926,0.014153554104268551,0.009517724625766277,0.008477888070046902,0.012732962146401405,0.018124090507626534,0.019799232482910156,0.022412212565541267,0.030568648129701614,0.03492564335465431,0.03243967890739441,0.031184155493974686,0.030716031789779663,0.033217653632164,0.03556380048394203,0.03624396026134491,0.037556763738393784,0.038204096257686615,0.03810747340321541,0.03725195676088333,0.03570256754755974,0.034060437232255936,0.032470155507326126,0.030920295044779778,0.030922476202249527,0.029608646407723427,0.027233198285102844,0.027046004310250282,0.027196699753403664,0.02691105380654335,0.02645771950483322
0.02897062711417675,0.027299467474222183,0.0239078551530838,0.02115427330136299,0.02073625475168228,0.02670586109161377,0.03754742816090584,0.048993129283189774,0.048599909991025925,0.04118267819285393,0.0339033342897892,0.01956074684858322,0.00782204233109951,0.004733086563646793,0.008092623203992844,0.013563808053731918,0.01800873503088951,0.01888190768659115,0.023132294416427612,0.03570679575204849,0.03953173756599426,0.033877406269311905,0.03248370438814163,0.032347265630960464,0.03227053955197334,0.033097200095653534,0.03341330215334892,0.03357408940792084,0.03312082961201668,0.032454513013362885,0.032160550355911255,0.03259700536727905,0.0350193977355957,0.03508131206035614,0.031957972794771194,0.029215224087238312,0.025919342413544655,0.02309867925941944,0.02132340334355831,0.020188719034194946,0.019170744344592094,0.018465351313352585
0.028983451426029205,0.027456732466816902,0.024400124326348305,0.021815050393342972,0.0222794059664011,0.026802148669958115,0.03338734060525894,0.040203534066677094,0.04440809786319733,0.038775064051151276,0.02532295137643814,0.011877954937517643,0.0036262134090065956,0.0029612903017550707,0.007180327549576759,0.013584035448729992,0.019515549764037132,0.024566199630498886,0.02990291826426983,0.03488877788186073,0.035571981221437454,0.034794121980667114,0.03406064584851265,0.03234393894672394,0.03188600763678551,0.031784236431121826,0.031084954738616943,0.030043015256524086,0.02854018099606037,0.02826760709285736,0.03267025202512741,0.0357932448387146,0.03492648899555206,0.03373066335916519,0.03134668245911598,0.027233954519033432,0.021992750465869904,0.017895052209496498,0.01578536443412304,0.014738266356289387,0.013722126372158527,0.012903999537229538
0.028623200953006744,0.027360115200281143,0.024867789819836617,0.022826138883829117,0.022616375237703323,0.024473240599036217,0.025690997019410133,0.03493301942944527,0.03929806128144264,0.030780192464590073,0.020082324743270874,0.007452131249010563,0.0012859080452471972,0.0025927205570042133,0.00776266073808074,0.01472708024084568,0.02156081423163414,0.0267183780670166,0.03070591576397419,0.0334983691573143,0.036434464156627655,0.036711037158966064,0.03392031788825989,0.03235495090484619,0.03163736313581467,0.030751163139939308,0.028938233852386475,0.0264893788844347,0.025401048362255096,0.0293029323220253,0.032674044370651245,0.03255851939320564,0.03217387944459915,0.0308108888566494,0.02784154750406742,0.023054074496030807,0.017843617126345634,0.013960585929453373,0.012253204360604286,0.01158656645566225,0.010505560785531998,0.009507688693702221
