dougfraga/big_19.json
{"header": {"parameterUnit": "m.s-1", "parameterNumber": 3, "dx": 0.016666000000000736, "dy": 0.016666000000000736, "parameterNumberName": "Northward current", "la1": -22.891645999999998, "la2": -24.0416, "parameterCategory": 2, "lo2": -43.225054, "nx": 95, "ny": 70, "refTime": "2022-12-18 19:00:00", "lo1": -44.79166}, "data":
[rows 36 to 53 of 70, columns 0 to 40 of 95]
-0.023954739794135094,-0.023954739794135094,-0.023679839447140694,-0.02308756671845913,-0.021126477047801018,-0.018258577212691307,-0.014230097644031048,-0.00942915864288807,-0.00591264758259058,-0.0014658273430541158,0.0028475779108703136,0.006776926573365927,0.007062979508191347,0.006296778563410044,0.004416972864419222,0.001823247643187642,-0.0010914432350546122,-0.0038954170886427164,-0.005597749259322882,-0.008401362225413322,-0.005941699258983135,-0.0016749430214986205,0.0050653377547860146,0.014269658364355564,0.025360573083162308,0.03529996797442436,0.03870108723640442,0.04096435010433197,0.038110483437776566,0.03147662431001663,0.02314113639295101,0.015840886160731316,0.010227314196527004,0.011053702794015408,0.016395920887589455,0.024756669998168945,0.03166714310646057,0.03737739846110344,0.03571466729044914,0.03231441229581833,0.027946464717388153
-0.018092935904860497,-0.018092935904860497,-0.018200453370809555,-0.017889466136693954,-0.01613887958228588,-0.013511378318071365,-0.010070345364511013,-0.007545938715338707,-0.004249658435583115,0.0005041439435444772,0.006443502847105265,0.009348269551992416,0.01028050109744072,0.0097467340528965,0.008428240194916725,0.0068305665627121925,0.0044717066921293736,0.0028764877934008837,-0.0009775583166629076,-0.003878867719322443,-0.003924755845218897,-0.002064617583528161,0.00011089938197983429,0.0077698323875665665,0.018138783052563667,0.027978479862213135,0.03637883439660072,0.03976266458630562,0.03865979239344597,0.03285978361964226,0.02326728217303753,0.013884097337722778,0.006008042022585869,0.0065154265612363815,0.010429440066218376,0.021106023341417313,0.03336808457970619,0.03917694091796875,0.040713120251894,0.0348033607006073,0.03203830122947693
-0.012201329693198204,-0.012201329693198204,-0.011890922673046589,-0.01146216131746769,-0.010542421601712704,-0.009154905565083027,-0.008040109649300575,-0.005980425979942083,-0.0015371254412457347,0.0034908922389149666,0.00894736684858799,0.013348326086997986,0.014975989237427711,0.013598351739346981,0.012684118933975697,0.012934217229485512,0.012891077436506748,0.012147010304033756,0.0075121913105249405,0.007216728758066893,0.0027904093731194735,0.0032621987629681826,0.003916956949979067,0.005788689944893122,0.012063312344253063,0.023372264578938484,0.03542235866189003,0.03749158978462219,0.037651427090168,0.03316305950284004,0.022610781714320183,0.010632535442709923,0.00119083805475384,0.0007846170919947326,0.006740829907357693,0.015673501417040825,0.028141837567090988,0.03354595974087715,0.03545551374554634,0.03534391149878502,0.03542104735970497
-0.006832465063780546,-0.006832465063780546,-0.005946646444499493,-0.005004172213375568,-0.0041992440819740295,-0.00402480736374855,-0.004713874775916338,-0.0027940915897488594,-2.3453456378774717e-05,0.004959459416568279,0.014060482382774353,0.016568565741181374,0.021639753133058548,0.02260132133960724,0.018656043335795403,0.01990492455661297,0.02201908826828003,0.022765329107642174,0.022192249074578285,0.019943764433264732,0.011618856340646744,0.0071429358795285225,0.004608479794114828,0.001379961147904396,0.004029654897749424,0.01600652188062668,0.030055956915020943,0.0356823094189167,0.04115309566259384,0.03438379988074303,0.024027103558182716,0.009518609382212162,-0.00382827827706933,-0.00693759648129344,0.0010389753151685,0.007136762607842684,0.014837310649454594,0.023486033082008362,0.028680087998509407,0.036641478538513184,0.035259637981653214
-0.002916937228292227,-0.002916937228292227,-0.0015606379602104425,-7.672834908589721e-05,0.0010778631549328566,0.0022557571064680815,0.0021569777745753527,0.002043164800852537,0.0024600119795650244,0.004633749835193157,0.010263558477163315,0.01857934333384037,0.022882530465722084,0.026196492835879326,0.02723199687898159,0.027908455580472946,0.029886335134506226,0.03214259445667267,0.0354122668504715,0.03251291438937187,0.023656101897358894,0.012759679928421974,0.003786989953368902,-0.0012711173621937633,-0.0009353600908070803,0.007288954220712185,0.019698910415172577,0.03060259483754635,0.03805135190486908,0.03606116399168968,0.027631424367427826,0.009215183556079865,-0.006813723128288984,-0.012473148293793201,-0.005143858026713133,0.002311920979991555,0.008349094539880753,0.017487380653619766,0.032273657619953156,0.0375855416059494,0.036950625479221344
-0.0007403462077490985,-0.0007403462077490985,0.0013691597850993276,0.004598562140017748,0.0067024752497673035,0.008359369821846485,0.010477344505488873,0.00991513766348362,0.00768662104383111,0.0050627971068024635,0.003365267300978303,0.01073909830302,0.015654511749744415,0.022963108494877815,0.031221039593219757,0.03236571326851845,0.034751683473587036,0.03915799781680107,0.04368281736969948,0.04079580679535866,0.03155486285686493,0.018413271754980087,0.006732276640832424,-0.0027708937413990498,-0.0018754914635792375,0.00033208250533789396,0.008298232220113277,0.023107727989554405,0.02954239211976528,0.03489166125655174,0.02861119993031025,0.010613597929477692,-0.006213813088834286,-0.01394334901124239,-0.010172567330300808,-0.0016698394902050495,0.007766396272927523,0.0217157993465662,0.032891277223825455,0.036949340254068375,0.03759542852640152
-0.00020980536646675318,-0.00020980536646675318,0.0020985782612115145,0.0068088858388364315,0.010803133249282837,0.014326300472021103,0.019750168547034264,0.017867399379611015,0.014727163128554821,0.010177725926041603,0.006401904858648777,0.004338596481829882,0.01071090716868639,0.0205254927277565,0.02824302576482296,0.032575540244579315,0.03729356825351715,0.043243274092674255,0.046894706785678864,0.044327009469270706,0.03508395701646805,0.021239303052425385,0.006083106156438589,-0.005099952220916748,-0.004310564137995243,-0.0032868364360183477,0.001259509241208434,0.014901536516845226,0.023506345227360725,0.029316192492842674,0.024783125147223473,0.010624945163726807,-0.004713870584964752,-0.011421417817473412,-0.011200367473065853,-0.002068384550511837,0.006756306160241365,0.021454768255352974,0.030669759958982468,0.03614232689142227,0.03420797362923622
-0.0011477648513391614,-0.0011477648513391614,-0.00012646835239138454,0.004144812934100628,0.010753537528216839,0.016767917200922966,0.023877643048763275,0.023020006716251373,0.020679323002696037,0.016857856884598732,0.012809324078261852,0.011260736733675003,0.013456336222589016,0.017855698242783546,0.02404431439936161,0.02905489318072796,0.033797089010477066,0.03944508731365204,0.04640676826238632,0.04464932903647423,0.03938790038228035,0.026256415992975235,0.00684128375723958,-0.0052918787114322186,-0.010755134746432304,-0.006778376642614603,-0.00014238075527828187,0.0098237544298172,0.017741350457072258,0.020681453868746758,0.018234848976135254,0.009199659340083599,-0.0039635612629354,-0.010961076244711876,-0.009074993431568146,-0.000403179379645735,0.010149900801479816,0.019494304433465004,0.02741408534348011,0.030170489102602005,0.029369395226240158
-0.0025791169609874487,-0.0025791169609874487,-0.0023627120535820723,-0.0001411433913744986,0.006974153686314821,0.015349164605140686,0.02289399318397045,0.02591310627758503,0.02470123954117298,0.020887358114123344,0.01828674226999283,0.014417340978980064,0.015742691233754158,0.01891404576599598,0.023043792694807053,0.026677047833800316,0.030254967510700226,0.035062000155448914,0.04263285547494888,0.041838426142930984,0.03947969153523445,0.03022323176264763,0.012614247389137745,-0.0013433961430564523,-0.009980873204767704,-0.008104830980300903,-0.0028023470658808947,0.004814865533262491,0.011877883225679398,0.014711896888911724,0.01289257500320673,0.008309511467814445,-0.0012087349314242601,-0.008008892647922039,-0.00488174008205533,0.002885199850425124,0.012410921975970268,0.019087063148617744,0.02271723933517933,0.02364913746714592,0.024507049471139908
-0.004440593533217907,-0.004440593533217907,-0.003990123514086008,-0.0024200465995818377,0.0036015158984810114,0.014063562266528606,0.022923480719327927,0.028551556169986725,0.028739560395479202,0.02337065152823925,0.0188260767608881,0.016447382047772408,0.017141614109277725,0.02124151773750782,0.02528482861816883,0.028623199090361595,0.03164927288889885,0.03508864343166351,0.038354918360710144,0.03785494714975357,0.03509427234530449,0.027461299672722816,0.017881842330098152,0.006093134637922049,-0.0016266286838799715,-0.0032527330331504345,-0.001969890668988228,0.0009597751195542514,0.0070588719099760056,0.01244182139635086,0.012147482484579086,0.009660162962973118,0.005035977344959974,0.00012561520270537585,0.0015906800981611013,0.006649850867688656,0.012404263950884342,0.015911515802145004,0.018432123586535454,0.0184144526720047,0.01799013279378414
-0.005702410824596882,-0.005702410824596882,-0.005120462272316217,-0.0027063502930104733,0.0030734387692064047,0.013763388618826866,0.02419443242251873,0.032446201890707016,0.03333157300949097,0.028389157727360725,0.02129206992685795,0.02002490498125553,0.01967252604663372,0.022084325551986694,0.025869986042380333,0.02892288751900196,0.03120913915336132,0.03322065249085426,0.035255465656518936,0.03542512655258179,0.03300701454281807,0.028253955766558647,0.022435074672102928,0.01332103181630373,0.006499929819256067,0.0031589092686772346,0.0025182024110108614,0.004324530251324177,0.008418786339461803,0.011781442910432816,0.011161894537508488,0.009958362206816673,0.008219846524298191,0.005854445043951273,0.005383073817938566,0.006983493454754353,0.010523971170186996,0.011889125220477581,0.01217915304005146,0.011538890190422535,0.010470721870660782
-0.005616717506200075,-0.005616717506200075,-0.004980321042239666,-0.0023853874299675226,0.003427554853260517,0.014329475350677967,0.02669382095336914,0.03978225216269493,0.038683146238327026,0.03516322374343872,0.029171770438551903,0.023995866999030113,0.021047424525022507,0.02141823060810566,0.023812297731637955,0.026646990329027176,0.028850533068180084,0.030526697635650635,0.0328880175948143,0.034248143434524536,0.03251120075583458,0.03125113993883133,0.026370268315076828,0.019478345289826393,0.01309711579233408,0.00913708470761776,0.00748866843059659,0.0058970460668206215,0.007498991675674915,0.009579425677657127,0.010200966149568558,0.009314985945820808,0.008496066555380821,0.00848345085978508,0.007183839101344347,0.006328119896352291,0.006036055274307728,0.0053432597778737545,0.004934121388942003,0.00464334711432457,0.004024857189506292
-0.0053192246705293655,-0.0053192246705293655,-0.004147516097873449,-0.0009648936684243381,0.005618271417915821,0.01493147760629654,0.02870173566043377,0.043321773409843445,0.04783441871404648,0.046267036348581314,0.03724602237343788,0.02667640522122383,0.019269602373242378,0.017293451353907585,0.020344117656350136,0.023124005645513535,0.025833187624812126,0.02822418138384819,0.031231964007019997,0.03330519050359726,0.03247299790382385,0.03142031654715538,0.028374936431646347,0.02371537871658802,0.01804863102734089,0.013656227849423885,0.009914037771522999,0.006870928220450878,0.005747891962528229,0.006380424369126558,0.008584058843553066,0.008585641160607338,0.008327120915055275,0.007495453581213951,0.005788575392216444,0.0036930169444531202,0.0016214509960263968,8.109903865261003e-05,-0.000710026070009917,-0.002600995358079672,-0.002861564513295889
-0.0058656963519752026,-0.0058656963519752026,-0.004350199364125729,-0.0009822354186326265,0.005813040770590305,0.01349510345607996,0.026075970381498337,0.03901968151330948,0.05059089884161949,0.05323055759072304,0.04501967877149582,0.03170185908675194,0.019842419773340225,0.013214008882641792,0.013778750784695148,0.019342508167028427,0.023576565086841583,0.026781762018799782,0.030166592448949814,0.03290466591715813,0.03211238607764244,0.03045014850795269,0.028090326115489006,0.025029005482792854,0.020192647352814674,0.014293181709945202,0.010562196373939514,0.008362122811377048,0.006335810292512178,0.005732678342610598,0.0059724366292357445,0.005812912248075008,0.005610718857496977,0.0046272422187030315,0.0030155451968312263,0.0005796860787086189,-0.003643648698925972,-0.005897416267544031,-0.006982265505939722,-0.007830590009689331,-0.007997285574674606
-0.007363035809248686,-0.007363035809248686,-0.0065171243622899055,-0.00439305929467082,-0.000441262120148167,0.008097505196928978,0.01836238242685795,0.03195469453930855,0.04367299750447273,0.05072277784347534,0.04910707101225853,0.039038460701704025,0.02566509321331978,0.014605055563151836,0.009447433054447174,0.01245260052382946,0.017428668215870857,0.021542273461818695,0.028604203835129738,0.03332594409584999,0.03267610818147659,0.029938125982880592,0.02714674547314644,0.02277972362935543,0.018391678109765053,0.014041872695088387,0.011899242177605629,0.009404251351952553,0.0070991432294249535,0.005676987115293741,0.005039191339164972,0.004541577305644751,0.0034117274917662144,-0.00019770831568166614,-0.00266051571816206,-0.005095203407108784,-0.008013710379600525,-0.010780264623463154,-0.01203632541000843,-0.010982959531247616,-0.011016298085451126
-0.009066377766430378,-0.009066377766430378,-0.009275929071009159,-0.00918836984783411,-0.008840584196150303,-0.004610809963196516,0.002637243364006281,0.015647966414690018,0.03266030550003052,0.03964729234576225,0.045236874371767044,0.041802823543548584,0.03126353770494461,0.019547944888472557,0.01222296990454197,0.009474308229982853,0.011818686500191689,0.014413260854780674,0.019301503896713257,0.02536621131002903,0.031103894114494324,0.02964077889919281,0.02572651207447052,0.021308112889528275,0.017487820237874985,0.01550024002790451,0.01315514650195837,0.010896164923906326,0.008699693717062473,0.007351920008659363,0.006017383188009262,0.0025649673771113157,-0.00013504852540791035,-0.0031585937831550837,-0.006351099815219641,-0.008873539045453072,-0.010364004410803318,-0.013607288710772991,-0.01585405506193638,-0.016915341839194298,-0.017496801912784576
-0.010813654400408268,-0.010813654400408268,-0.011683911085128784,-0.013206696137785912,-0.014958285726606846,-0.0158680472522974,-0.01098833978176117,0.0029694801196455956,0.017731204628944397,0.029778266325592995,0.03807848319411278,0.03895355015993118,0.032497163861989975,0.02346981130540371,0.016531361266970634,0.013426032848656178,0.012570112943649292,0.012409090064466,0.012878055684268475,0.018661119043827057,0.028074562549591064,0.027047116309404373,0.024307768791913986,0.021909503266215324,0.01909700036048889,0.016498778015375137,0.01439905259758234,0.012238352559506893,0.011054164730012417,0.00920908059924841,0.004923696164041758,0.0017382666701450944,-0.0016042535426095128,-0.0029415178578346968,-0.0061185467056930065,-0.009638913907110691,-0.014248603023588657,-0.019136346876621246,-0.022292867302894592,-0.024114785715937614,-0.024970397353172302
-0.012047573924064636,-0.012047573924064636,-0.012804458849132061,-0.01456617284566164,-0.016858192160725594,-0.017578545957803726,-0.014674744568765163,-0.005261371377855539,0.008677375502884388,0.02355186827480793,0.030673624947667122,0.030935660004615784,0.027095302939414978,0.022453177720308304,0.0188265610486269,0.017693083733320236,0.01674739271402359,0.015885798260569572,0.01754664070904255,0.01978588104248047,0.023922784253954887,0.02433706261217594,0.023551173508167267,0.02177911251783371,0.01966998167335987,0.01731722056865692,0.016327280551195145,0.014063610695302486,0.010405333712697029,0.007020388264209032,0.004528291057795286,0.0035058155190199614,0.000194532738532871,-0.003237964352592826,-0.007205010391771793,-0.012317118234932423,-0.0187149029225111,-0.024549610912799835,-0.027924804016947746,-0.02911200374364853,-0.028947731480002403
