dougfraga/big_14.json
{"header": {"parameterUnit": "m.s-1", "parameterNumber": 2, "dx": 0.016666000000000736, "dy": 0.016666000000000736, "parameterNumberName": "Eastward current", "la1": -22.891645999999998, "la2": -24.0416, "parameterCategory": 2, "lo2": -43.225054, "nx": 95, "ny": 70, "refTime": "2022-12-18 14:00:00", "lo1": -44.79166}, "data":
[rows 19 to 37 of 70, columns 42 to 83 of 95]
0.04629795253276825,0.05732172727584839,0.06132856011390686,0.06873316317796707,0.07201524823904037,0.07595399022102356,0.07555802166461945,0.07218648493289948,0.07239857316017151,0.07304852455854416,0.07284412533044815,0.07045700401067734,0.06718994677066803,0.06726263463497162,0.06517018377780914,0.06278017908334732,0.06361482292413712,0.06419827044010162,0.06512631475925446,0.06544538587331772,0.06451557576656342,0.06286974996328354,0.06218523159623146,0.062169451266527176,0.062399499118328094,0.06285443902015686,0.06344986706972122,0.0638744980096817,0.06459350138902664,0.06620293855667114,0.06861666589975357,0.07324434816837311,0.07579786330461502,0.07696749269962311,0.08087614923715591,0.08450635522603989,0.08762302249670029,0.09065020829439163,0.09357981383800507,0.09642484039068222,0.0994066372513771,0.10289869457483292
0.05409891530871391,0.06259842216968536,0.07136112451553345,0.07408708333969116,0.07193684577941895,0.07391873747110367,0.07529417425394058,0.0745539590716362,0.07361879199743271,0.07262156903743744,0.07231415063142776,0.07403744757175446,0.07122088968753815,0.06687602400779724,0.06653645634651184,0.066089928150177,0.06566213071346283,0.06560888141393661,0.06581288576126099,0.06568372249603271,0.06526930630207062,0.06470656394958496,0.06389725208282471,0.06353111565113068,0.06395650655031204,0.06497854739427567,0.06772749871015549,0.0686950534582138,0.06864612549543381,0.07131704688072205,0.07480669766664505,0.07858779281377792,0.08088178932666779,0.082137331366539,0.08417884260416031,0.08655150979757309,0.08900320529937744,0.09150859713554382,0.09410359710454941,0.09680971503257751,0.09988284111022949,0.10348515212535858
0.05945071205496788,0.06575097143650055,0.07144355028867722,0.07441394776105881,0.07539771497249603,0.07624343037605286,0.07665352523326874,0.07743742316961288,0.07973478734493256,0.07756994664669037,0.07294552028179169,0.0721183493733406,0.07046126574277878,0.06841713190078735,0.0677323043346405,0.06702499836683273,0.06628947705030441,0.06635326147079468,0.06690957397222519,0.06798876821994781,0.06986404955387115,0.0725562572479248,0.07187554985284805,0.06987063586711884,0.0707489550113678,0.07194040715694427,0.07307460904121399,0.07384010404348373,0.07472435384988785,0.07648606598377228,0.07863825559616089,0.08082758635282516,0.08242006599903107,0.08337259292602539,0.08458087593317032,0.08652599155902863,0.08888430893421173,0.0914202481508255,0.09398350864648819,0.09667644649744034,0.10003403574228287,0.10461395978927612
0.06783310323953629,0.07073282450437546,0.07469771802425385,0.07821185886859894,0.08269967883825302,0.08355394005775452,0.08193794637918472,0.082069531083107,0.08092985302209854,0.07809749990701675,0.07493038475513458,0.07311400771141052,0.07180086523294449,0.07052330672740936,0.06946194916963577,0.06853635609149933,0.06818421185016632,0.0691182017326355,0.07225356251001358,0.07403584569692612,0.07394049316644669,0.07405437529087067,0.07319901883602142,0.07280971854925156,0.07333236187696457,0.07424876093864441,0.07507120072841644,0.07562851905822754,0.0766981840133667,0.07810130715370178,0.07940452545881271,0.0807732343673706,0.08223985880613327,0.08356939256191254,0.08434756845235825,0.0855860710144043,0.08800043910741806,0.09127360582351685,0.09489770233631134,0.09918215125799179,0.10575014352798462,0.11025480180978775
0.07823476195335388,0.07769066840410233,0.08126998692750931,0.08395254611968994,0.08658628165721893,0.08847291767597198,0.08828272670507431,0.08643461018800735,0.08363259583711624,0.08057253807783127,0.07796194404363632,0.07589416205883026,0.07434914261102676,0.07340404391288757,0.07264036685228348,0.07214394956827164,0.07249903678894043,0.07550807297229767,0.07708916813135147,0.07589979469776154,0.07529639452695847,0.07458323240280151,0.07376959174871445,0.07337231189012527,0.07364677637815475,0.07428418844938278,0.07480325549840927,0.07527218759059906,0.07636494189500809,0.07766446471214294,0.07872332632541656,0.07980512827634811,0.08162426203489304,0.08308261632919312,0.08411481976509094,0.08726867288351059,0.09326894581317902,0.0971868559718132,0.09958203136920929,0.10419865697622299,0.10889722406864166,0.11247082054615021
0.08301637321710587,0.08519124984741211,0.08878418058156967,0.09139381349086761,0.09289272874593735,0.09347810596227646,0.09236665815114975,0.09043412655591965,0.088111512362957,0.08616951107978821,0.08560535311698914,0.08314963430166245,0.08001430332660675,0.07917044311761856,0.07855835556983948,0.0782756507396698,0.07814960181713104,0.07816027849912643,0.07790906727313995,0.07660626620054245,0.07530885189771652,0.07421035319566727,0.07343735545873642,0.07304263859987259,0.07279058545827866,0.07305202633142471,0.07347673177719116,0.07411213964223862,0.07515906542539597,0.07642512768507004,0.07752391695976257,0.07876782864332199,0.0810563936829567,0.08484829217195511,0.08724107593297958,0.08943632990121841,0.09419979155063629,0.09851035475730896,0.10231512784957886,0.10659178346395493,0.11056871712207794,0.11402884125709534
0.08798611164093018,0.08971899747848511,0.0917811319231987,0.09325031191110611,0.09416191279888153,0.09402336180210114,0.09329886734485626,0.09344016760587692,0.09150610119104385,0.08874932676553726,0.08761586993932724,0.08601172268390656,0.08416944742202759,0.08252253383398056,0.0808640569448471,0.0797220915555954,0.07893183082342148,0.07801297307014465,0.07713054120540619,0.07600037753582001,0.07477445155382156,0.07358856499195099,0.07257179170846939,0.07186286896467209,0.07140155136585236,0.0714825987815857,0.07223206758499146,0.07316885143518448,0.07438572496175766,0.0759127214550972,0.07755190134048462,0.07939590513706207,0.08191628754138947,0.0857657939195633,0.09236694127321243,0.0951337218284607,0.09591209143400192,0.10003972053527832,0.10391602665185928,0.10764878243207932,0.11069360375404358,0.11401305347681046
0.08993828296661377,0.0918402150273323,0.09374451637268066,0.09553206712007523,0.09782925993204117,0.09728790074586868,0.09538576751947403,0.09453393518924713,0.09220051765441895,0.09026344865560532,0.08894813805818558,0.08726875483989716,0.08520854264497757,0.08315712958574295,0.0811937227845192,0.07986599206924438,0.07944663614034653,0.0786278247833252,0.077474445104599,0.07626278698444366,0.07526450604200363,0.07326050847768784,0.0714699774980545,0.07105288654565811,0.07078623026609421,0.07125261425971985,0.07276716828346252,0.07506454735994339,0.0775534138083458,0.07998352497816086,0.08251477777957916,0.08531638979911804,0.08967192471027374,0.09748708456754684,0.09877131134271622,0.09609705954790115,0.0982133001089096,0.10067468881607056,0.10438163578510284,0.10957468301057816,0.11666329950094223,0.12071054428815842
0.09300785511732101,0.09682628512382507,0.0984448567032814,0.09892980009317398,0.10003194957971573,0.09920479357242584,0.09770802408456802,0.09629354625940323,0.09434902667999268,0.09270641207695007,0.0908464789390564,0.08795551210641861,0.08597345650196075,0.0845937505364418,0.08227034658193588,0.07976076006889343,0.07926535606384277,0.07913114130496979,0.07752853631973267,0.07603371143341064,0.0748191699385643,0.07331757247447968,0.07195153832435608,0.07147452235221863,0.07217817008495331,0.07424195110797882,0.07787486910820007,0.08447615802288055,0.0878693163394928,0.08886383473873138,0.09204660356044769,0.09410715848207474,0.09684638679027557,0.10000153630971909,0.09996620565652847,0.09957557171583176,0.10391794145107269,0.10734391957521439,0.1089363694190979,0.11233562231063843,0.11603083461523056,0.119986392557621
0.09585055708885193,0.0987304300069809,0.10099011659622192,0.10240931063890457,0.10276051610708237,0.10183874517679214,0.09984302520751953,0.09787148982286453,0.09589440375566483,0.09407816082239151,0.0919366404414177,0.0889417752623558,0.08681283891201019,0.08496640622615814,0.08270886540412903,0.08031943440437317,0.07876744121313095,0.07784595340490341,0.07741424441337585,0.0772545263171196,0.07687035948038101,0.07761550694704056,0.07677212357521057,0.07399708032608032,0.07676466554403305,0.0842987671494484,0.08736629784107208,0.08873944729566574,0.09238167107105255,0.09517241269350052,0.09671276807785034,0.09793281555175781,0.09945297241210938,0.10154413431882858,0.1053236797451973,0.10696002840995789,0.10729281604290009,0.10930619388818741,0.11139767616987228,0.11387720704078674,0.11620337516069412,0.11923541128635406
0.09698711335659027,0.10039635747671127,0.10344117134809494,0.10531838983297348,0.10527396202087402,0.10399334132671356,0.10206597298383713,0.09958313405513763,0.09685543924570084,0.09462541341781616,0.09226665645837784,0.08938375115394592,0.08685310184955597,0.08472584187984467,0.08294808864593506,0.08102404326200485,0.07972241193056107,0.07965075224637985,0.07976458966732025,0.08016806840896606,0.08209919929504395,0.0817379280924797,0.08001372218132019,0.08071375638246536,0.08267740160226822,0.08680566400289536,0.09121165424585342,0.09385064989328384,0.09574296325445175,0.097025565803051,0.09898581355810165,0.10349706560373306,0.10538710653781891,0.10573063045740128,0.10792462527751923,0.10915516316890717,0.11000338196754456,0.11089000850915909,0.11159785091876984,0.11250930279493332,0.11467359960079193,0.11888570338487625
0.09757033735513687,0.10205917060375214,0.1056036725640297,0.10757438838481903,0.1075577437877655,0.10574375838041306,0.10324107855558395,0.10004269331693649,0.09660229086875916,0.09416129440069199,0.09216100722551346,0.08937753736972809,0.08638952672481537,0.084274522960186,0.08268075436353683,0.08161276578903198,0.081913523375988,0.0843319445848465,0.08420378714799881,0.08242566883563995,0.08243772387504578,0.08225896209478378,0.08265630155801773,0.08411256968975067,0.08622696250677109,0.08959008753299713,0.0934462696313858,0.0965171828866005,0.101500004529953,0.10382430255413055,0.1034620851278305,0.10538078844547272,0.1069757342338562,0.10832082480192184,0.10983368009328842,0.11030859500169754,0.11005566269159317,0.11120867729187012,0.11495239287614822,0.11630930006504059,0.11583452671766281,0.11747803539037704
0.09715082496404648,0.1041221022605896,0.10753714293241501,0.1087583526968956,0.10822176933288574,0.1056850329041481,0.10235712677240372,0.09855183959007263,0.09547334164381027,0.09470249712467194,0.09573152661323547,0.09281239658594131,0.08811894059181213,0.08647442609071732,0.08555228263139725,0.08496404439210892,0.08482347428798676,0.08475817739963531,0.08403042703866959,0.08289221674203873,0.08231160044670105,0.08246883749961853,0.08379928022623062,0.0861603319644928,0.08827928453683853,0.09177232533693314,0.09850309789180756,0.10267125070095062,0.1039605513215065,0.10527569055557251,0.10565206408500671,0.10670711100101471,0.10798224061727524,0.10911060124635696,0.1109723150730133,0.11434654891490936,0.11508912593126297,0.11423098295927048,0.11562354862689972,0.11631228029727936,0.11709460616111755,0.12009365856647491
0.09805408865213394,0.10316696763038635,0.10630781203508377,0.1105712428689003,0.10923845320940018,0.10331956297159195,0.10143180191516876,0.09895265847444534,0.09571576118469238,0.09430038183927536,0.09305963665246964,0.0909784585237503,0.08922427147626877,0.08806637674570084,0.08706749230623245,0.08620452135801315,0.08529108017683029,0.08422451466321945,0.08312956988811493,0.08211729675531387,0.08173511922359467,0.08259167522192001,0.08534490317106247,0.09054145961999893,0.09368056058883667,0.09609449654817581,0.10096035897731781,0.10442973673343658,0.10585809499025345,0.10576681047677994,0.10594935715198517,0.10923983156681061,0.11133982241153717,0.11194640398025513,0.1140156015753746,0.11548109352588654,0.115737684071064,0.11524385958909988,0.11513295769691467,0.11493533849716187,0.11620812118053436,0.12175316363573074
0.10437805950641632,0.10581881552934647,0.10777290165424347,0.10951915383338928,0.1066238135099411,0.10075723379850388,0.09854529052972794,0.09591229259967804,0.09371158480644226,0.09211120754480362,0.09079048782587051,0.08974122256040573,0.08902207016944885,0.08828432112932205,0.0874517634510994,0.08643939346075058,0.08491776138544083,0.08300691843032837,0.08176696300506592,0.08225632458925247,0.0860360711812973,0.08838669210672379,0.08888895809650421,0.09163232147693634,0.09456759691238403,0.09799125790596008,0.10156059265136719,0.10391168296337128,0.10455913096666336,0.10594868659973145,0.10742930322885513,0.10862181335687637,0.1106133982539177,0.11197376996278763,0.11293017864227295,0.11322767287492752,0.11305779963731766,0.11276473850011826,0.11272533982992172,0.11321283131837845,0.11668458580970764,0.12080667912960052
0.10461385548114777,0.10710184276103973,0.10688697546720505,0.10654916614294052,0.10141409933567047,0.09493638575077057,0.09275685250759125,0.09040072560310364,0.08918313682079315,0.08771612495183945,0.08661573380231857,0.08600655943155289,0.08573434501886368,0.08582320809364319,0.08594292402267456,0.08635414391756058,0.08771823346614838,0.08629883080720901,0.08448031544685364,0.08610363304615021,0.08786387741565704,0.08921589702367783,0.09062199294567108,0.09224876761436462,0.09424200654029846,0.09733721613883972,0.10037536919116974,0.10168090462684631,0.1038912683725357,0.10551521927118301,0.10560692101716995,0.1071309819817543,0.10852060467004776,0.1095113605260849,0.11008893698453903,0.10982522368431091,0.10951631516218185,0.10964661091566086,0.11038368195295334,0.1122075766324997,0.1157158762216568,0.11787864565849304
0.10494626313447952,0.10611114650964737,0.10367965698242188,0.10140548646450043,0.09457351267337799,0.08735108375549316,0.08563320338726044,0.08316884934902191,0.08245985954999924,0.08206917345523834,0.08303268998861313,0.08365361392498016,0.08356291800737381,0.0840190201997757,0.0837988331913948,0.08375835418701172,0.08413048088550568,0.08457788825035095,0.08573289215564728,0.08730209618806839,0.08826933056116104,0.089020274579525,0.09020344913005829,0.09177347272634506,0.09374035894870758,0.09597250819206238,0.09826751053333282,0.10163191705942154,0.10382100194692612,0.10388949513435364,0.10392773896455765,0.10428033024072647,0.10453634709119797,0.1048552542924881,0.10604971647262573,0.10742276161909103,0.1085384413599968,0.10955846309661865,0.11108718812465668,0.11299020051956177,0.1152753084897995,0.12040013819932938
0.10706254094839096,0.10326656699180603,0.10156290233135223,0.09576309472322464,0.08639665693044662,0.08001391589641571,0.07636693865060806,0.07575325667858124,0.07839258760213852,0.08020438253879547,0.08000264316797256,0.08053052425384521,0.08096932619810104,0.08124078065156937,0.08106157928705215,0.08131842315196991,0.08293091505765915,0.08469574898481369,0.08678742498159409,0.09060977399349213,0.0919983759522438,0.09145275503396988,0.09231976419687271,0.09272313117980957,0.09224903583526611,0.09452998638153076,0.09918086975812912,0.10501608997583389,0.10698887705802917,0.1037205159664154,0.10109227150678635,0.0996924489736557,0.10204961895942688,0.10453611612319946,0.10554948449134827,0.1074582040309906,0.1090945154428482,0.10969243943691254,0.10840406268835068,0.11169613897800446,0.12119817733764648,0.12369763851165771
0.10756654292345047,0.10459952056407928,0.09739585965871811,0.09077554941177368,0.08544236421585083,0.07746082544326782,0.0718175619840622,0.07294843345880508,0.07489286363124847,0.07736047357320786,0.07876438647508621,0.07944045215845108,0.079831063747406,0.08007818460464478,0.08024104684591293,0.08132987469434738,0.08572550863027573,0.08969379961490631,0.09154243767261505,0.093399278819561,0.09401856362819672,0.09417981654405594,0.09452155977487564,0.09483722597360611,0.09537500888109207,0.09782107174396515,0.10243500024080276,0.10735474526882172,0.10890340059995651,0.10568204522132874,0.1005096584558487,0.10004321485757828,0.1023208275437355,0.10294333100318909,0.10430438071489334,0.10608501732349396,0.10741662234067917,0.10830200463533401,0.11057823896408081,0.1156758964061737,0.11951135098934174,0.11820384114980698
