dougfraga/big_19.json
{"header": {"parameterUnit": "m.s-1", "parameterNumber": 3, "dx": 0.016666000000000736, "dy": 0.016666000000000736, "parameterNumberName": "Northward current", "la1": -22.891645999999998, "la2": -24.0416, "parameterCategory": 2, "lo2": -43.225054, "nx": 95, "ny": 70, "refTime": "2022-12-18 19:00:00", "lo1": -44.79166}, "data":
[rows 18 to 35 of 70, columns 41 to 81 of 95]
0.05361029878258705,0.056066397577524185,0.04442001134157181,0.04451414570212364,0.041132647544145584,0.0381661094725132,0.031095493584871292,0.019202806055545807,0.016930781304836273,0.011176670901477337,0.007967877201735973,0.006173723842948675,0.00520259328186512,0.0021310895681381226,0.0009610921842977405,0.0034819713328033686,0.0024199378676712513,0.0017770943231880665,0.0030977597925812006,0.004573153797537088,0.005492703057825565,0.007473180070519447,0.005803355481475592,0.004259319044649601,0.00310394330881536,0.002770856022834778,0.003439150284975767,0.00841684639453888,0.008449696004390717,0.008567491546273232,0.009830526076257229,0.011316428892314434,0.01108755823224783,0.008034540340304375,0.007112654857337475,0.007114316802471876,0.00746831763535738,0.007641179021447897,0.00803020503371954,0.007758634630590677,0.007820620201528072
0.04099032282829285,0.0426286980509758,0.04083741456270218,0.03623112291097641,0.029149526730179787,0.030651407316327095,0.028159331530332565,0.022188203409314156,0.016267282888293266,0.010508154518902302,0.007044478785246611,0.006419602315872908,0.00982065312564373,0.00419630715623498,0.003386083524674177,0.003749381983652711,0.00241744052618742,0.0016551773296669126,0.0013741158181801438,0.0017776006134226918,0.0032490722369402647,0.00820124987512827,0.007450193632394075,0.0064521292224526405,0.006211348809301853,0.0064598675817251205,0.007491483818739653,0.009335341863334179,0.00819525308907032,0.008196917362511158,0.009214662946760654,0.011014005169272423,0.011867678724229336,0.010717663913965225,0.009496593847870827,0.009742669761180878,0.011857567355036736,0.011571555398404598,0.011226559057831764,0.010961705818772316,0.011511888355016708
0.012606695294380188,0.019973430782556534,0.028760775923728943,0.02707982063293457,0.02522495947778225,0.02336188405752182,0.021933889016509056,0.023127730935811996,0.020260849967598915,0.0160538163036108,0.010045990347862244,0.008012304082512856,0.0076109799556434155,0.0049921669997274876,0.0030409363098442554,0.004616336897015572,0.003266017185524106,0.003500674618408084,0.003974121995270252,0.005525151267647743,0.008022038266062737,0.011301563121378422,0.01178567111492157,0.009441196918487549,0.009068411774933338,0.009255255572497845,0.009893415495753288,0.010880022309720516,0.010973145253956318,0.010565309785306454,0.010862831026315689,0.012128717266023159,0.01351789478212595,0.015355333685874939,0.014373923651874065,0.013685363344848156,0.013425094075500965,0.013010152615606785,0.013058849610388279,0.013602042570710182,0.014985039830207825
0.012081831693649292,0.014124089851975441,0.017402710393071175,0.01910238526761532,0.02410253882408142,0.023837702348828316,0.020807582885026932,0.020729806274175644,0.01901140809059143,0.015842299908399582,0.011757567524909973,0.0070199500769376755,0.005038826260715723,0.006901239510625601,0.005355737172067165,0.0051023527048528194,0.005382838658988476,0.006364240776747465,0.008018050342798233,0.010060122236609459,0.010745151899755001,0.012607622891664505,0.012737694196403027,0.01172440405935049,0.010623347014188766,0.010200176388025284,0.010441743768751621,0.011295204982161522,0.013589135371148586,0.013864652253687382,0.01401793584227562,0.014809038490056992,0.01601346582174301,0.017211543396115303,0.016657080501317978,0.01555141806602478,0.01485913060605526,0.014979546889662743,0.01619894430041313,0.017687421292066574,0.01968025043606758
0.015386776998639107,0.013520056381821632,0.015246732160449028,0.016359375789761543,0.01884640008211136,0.02021317556500435,0.02073756791651249,0.019113080576062202,0.0166849996894598,0.014456461183726788,0.014702468179166317,0.010735890828073025,0.008476479910314083,0.008542150259017944,0.008006241172552109,0.007961596362292767,0.008820571936666965,0.010149331763386726,0.011879313737154007,0.011764798313379288,0.012111684307456017,0.011513222940266132,0.010699442587792873,0.011461280286312103,0.010629963129758835,0.010314850136637688,0.010907435789704323,0.01188152190297842,0.013189350254833698,0.014093633741140366,0.01473410427570343,0.01561662182211876,0.016918012872338295,0.018474150449037552,0.01858683116734028,0.018298257142305374,0.01830104924738407,0.01886037364602089,0.017861109226942062,0.0184146910905838,0.01962609402835369
0.01063372939825058,0.013094636611640453,0.013789008371531963,0.013925330713391304,0.014401419088244438,0.01589507795870304,0.01970607228577137,0.018818054348230362,0.017406830564141273,0.01615927927196026,0.015450004488229752,0.013070646673440933,0.009703409858047962,0.00884179212152958,0.008298388682305813,0.007987035438418388,0.008277847431600094,0.009045898914337158,0.010820763185620308,0.012121970765292645,0.01329646073281765,0.012293974868953228,0.011178383603692055,0.010528470389544964,0.009759154170751572,0.009731285274028778,0.010378161445260048,0.011471498757600784,0.012672333978116512,0.013854565098881721,0.015348500572144985,0.016733942553400993,0.01831209287047386,0.020042141899466515,0.021166304126381874,0.020220723003149033,0.019832029938697815,0.02004854381084442,0.018924368545413017,0.018566930666565895,0.019231075420975685
0.00901272427290678,0.0145568260923028,0.015277750790119171,0.015314579010009766,0.015225989744067192,0.015590791590511799,0.01698289066553116,0.017378533259034157,0.016374679282307625,0.013662287965416908,0.012989792041480541,0.011877930723130703,0.01027486752718687,0.00865451991558075,0.0077077788300812244,0.007243957370519638,0.007530868519097567,0.008061731234192848,0.009631737135350704,0.012789147906005383,0.013185232877731323,0.012586601078510284,0.011835163459181786,0.011067698709666729,0.010459587909281254,0.010386652313172817,0.01108607742935419,0.012253476306796074,0.013425050303339958,0.01494964025914669,0.017003972083330154,0.01915023662149906,0.021208878606557846,0.023433102294802666,0.02594853937625885,0.026402989402413368,0.021848244592547417,0.02135559730231762,0.02225247211754322,0.022397851571440697,0.023448703810572624
0.012615114450454712,0.014995607547461987,0.01582024246454239,0.016047244891524315,0.016201183199882507,0.015719756484031677,0.0140770822763443,0.013932225294411182,0.012795861810445786,0.010859478265047073,0.009517923928797245,0.008784955367445946,0.009726679883897305,0.008630267344415188,0.008338171057403088,0.008421717211604118,0.009477677755057812,0.010588469915091991,0.011426657438278198,0.012369935400784016,0.012753676623106003,0.012286272831261158,0.011268040165305138,0.01108164619654417,0.011240982450544834,0.01157340407371521,0.01248360425233841,0.013834032230079174,0.015182044357061386,0.016738416627049446,0.01861771009862423,0.02088506519794464,0.02333175577223301,0.02625430002808571,0.028798546642065048,0.027413589879870415,0.025500167161226273,0.024547694250941277,0.025161953642964363,0.02655046433210373,0.02876666747033596
0.015468614175915718,0.017024800181388855,0.017003824934363365,0.01547461561858654,0.015214692801237106,0.014094286598265171,0.0122002512216568,0.010492940433323383,0.009079450741410255,0.008763371966779232,0.007065773010253906,0.0058217099867761135,0.005749359726905823,0.006089368369430304,0.006167023908346891,0.006343088112771511,0.007014357950538397,0.009040843695402145,0.010127739049494267,0.010950620286166668,0.011271575465798378,0.010985495522618294,0.010341930203139782,0.010267221368849277,0.010884002782404423,0.012021774426102638,0.013177224434912205,0.014692390337586403,0.015666881576180458,0.013688753359019756,0.01403626799583435,0.014683481305837631,0.016321836039423943,0.0195777527987957,0.022788163274526596,0.024160398170351982,0.02684204652905464,0.02732124924659729,0.025939783081412315,0.026245705783367157,0.02782254107296467
0.016047455370426178,0.016822034493088722,0.016924094408750534,0.01593315601348877,0.014426174573600292,0.012814526446163654,0.011940387077629566,0.009229143150150776,0.0075364019721746445,0.005990005563944578,0.004196125082671642,0.002645212458446622,0.001781866536475718,0.0019474908476695418,0.0018138820305466652,0.002139756456017494,0.002054612385109067,0.0034305942244827747,0.005046481266617775,0.00726080359891057,0.008407597430050373,0.009045667015016079,0.009605101309716702,0.007417602930217981,0.007493648212403059,0.010905767790973186,0.012245734222233295,0.01116976235061884,0.011812739074230194,0.011403932236135006,0.010319561697542667,0.010117950849235058,0.01124565303325653,0.014139140024781227,0.019207395613193512,0.02654191106557846,0.025775868445634842,0.026720691472291946,0.025881068781018257,0.024869421496987343,0.024785464629530907
0.01742815226316452,0.017744647338986397,0.01822607032954693,0.019042151048779488,0.01694386638700962,0.01428512018173933,0.011504772119224072,0.007994802668690681,0.0052214860916137695,0.0032906117849051952,0.001948071178048849,0.0008279299363493919,-0.0005301469354890287,-0.0018441096181049943,-0.0020631751976907253,-0.0017296624137088656,-0.0015504522016271949,-0.0005315861199051142,0.0015615052543580532,0.003961718175560236,0.006144677754491568,0.007555696181952953,0.006154908332973719,0.004540062043815851,0.003220865735784173,0.004337840247899294,0.00702851265668869,0.008551967330276966,0.009783174842596054,0.01327036414295435,0.013902208767831326,0.01560449879616499,0.016942331567406654,0.01653461344540119,0.019949227571487427,0.023923097178339958,0.0246078222990036,0.025171522051095963,0.02686500921845436,0.027321720495820045,0.027979381382465363
0.023093128576874733,0.023261694237589836,0.022978248074650764,0.02203766070306301,0.019458167254924774,0.01552243810147047,0.011106430552899837,0.00681541720405221,0.00264816009439528,0.0003660368383862078,-0.0003977853339165449,-0.0003548570675775409,-0.0012269583530724049,-0.002515639178454876,-0.0030793347395956516,-0.003198449034243822,-0.0025535807944834232,-0.0009487803326919675,0.0008243308402597904,-4.101818922208622e-05,0.001553896814584732,0.0029134321957826614,0.003078243462368846,0.003586015896871686,0.0026130536571145058,0.0012806718004867435,0.004602962173521519,0.010372287593781948,0.01339498907327652,0.016291631385684013,0.01589864119887352,0.016963288187980652,0.017872998490929604,0.01808159239590168,0.019328860566020012,0.02174711972475052,0.025148581713438034,0.027063339948654175,0.029229123145341873,0.030656779184937477,0.02960609272122383
0.029564447700977325,0.03073567897081375,0.029448719695210457,0.026258602738380432,0.02244708314538002,0.017317866906523705,0.011345818638801575,0.005865386687219143,0.001524230232462287,-0.001039915601722896,-0.0013996493071317673,-0.0005707637756131589,-0.0027918140403926373,-0.0041046119295060635,-0.00521462969481945,-0.0059487163089215755,-0.005784953478723764,-0.004967753775417805,-0.0037187037523835897,-0.003699276363477111,-0.0034617462661117315,-0.0023249811492860317,0.0006369492621161044,0.002200896153226495,0.003280211938545108,0.00451032305136323,0.008093737997114658,0.013194967061281204,0.015225978568196297,0.017397534102201462,0.017454972490668297,0.016677312552928925,0.017230400815606117,0.019704466685652733,0.021358413621783257,0.024279862642288208,0.02679188922047615,0.02689235843718052,0.028313487768173218,0.02979896031320095,0.029718434438109398
0.034837085753679276,0.03581846132874489,0.03532634302973747,0.0332399383187294,0.030117155984044075,0.021257953718304634,0.013382998295128345,0.006426671985536814,-0.00022930810519028455,-0.004469721578061581,-0.0054255700670182705,-0.00436922674998641,-0.004733923822641373,-0.00592698622494936,-0.006918635219335556,-0.007566550746560097,-0.007984514348208904,-0.008304908871650696,-0.007486873306334019,-0.0053137377835810184,-0.005022784229367971,-0.004126386251300573,-0.0021218156907707453,0.000750801817048341,0.0036189379170536995,0.004741121083498001,0.008398521691560745,0.013331501744687557,0.016317252069711685,0.018031664192676544,0.020537231117486954,0.02044958993792534,0.020817842334508896,0.0199517160654068,0.02085200324654579,0.022337449714541435,0.024352408945560455,0.02521478198468685,0.025374840945005417,0.026553070172667503,0.028979012742638588
0.043701376765966415,0.04064236208796501,0.041313860565423965,0.03968622162938118,0.03758791834115982,0.027484633028507233,0.017038239166140556,0.007633928209543228,-0.0009708949364721775,-0.007426366209983826,-0.010169136337935925,-0.009395797736942768,-0.00692546833306551,-0.006897858809679747,-0.006950003560632467,-0.006432959344238043,-0.006021264474838972,-0.0062247891910374165,-0.005974933039397001,-0.005366223398596048,-0.004821042995899916,-0.004522413015365601,-0.005829592235386372,-0.0038916466291993856,-0.0002682930789887905,0.003480078186839819,0.007514995522797108,0.01273299939930439,0.01876116171479225,0.02189158834517002,0.023570846766233444,0.0217313040047884,0.020819470286369324,0.01947011984884739,0.018484806641936302,0.018367592245340347,0.019686628133058548,0.02257014811038971,0.023508848622441292,0.024845819920301437,0.02619040757417679
0.04412177950143814,0.04463205486536026,0.04601065069437027,0.0438401959836483,0.0421014130115509,0.03436755761504173,0.022826338186860085,0.011003313586115837,0.0019318574341014028,-0.005942055489867926,-0.010424991138279438,-0.010631972923874855,-0.009547853842377663,-0.008772151544690132,-0.007789268158376217,-0.006191450636833906,-0.004370180424302816,-0.0036579782608896494,-0.005899383220821619,-0.007111000828444958,-0.007889717817306519,-0.008027263917028904,-0.008575871586799622,-0.0075716483406722546,-0.004213614854961634,0.0023356603924185038,0.00856104213744402,0.015051598660647869,0.02103359065949917,0.025439174845814705,0.02499067410826683,0.021912934258580208,0.019154323264956474,0.017929060384631157,0.016355114057660103,0.016276167705655098,0.017320366576313972,0.0183689147233963,0.019725892692804337,0.021377092227339745,0.023218147456645966
0.0376153364777565,0.04287577420473099,0.046080246567726135,0.04659496620297432,0.04732830449938774,0.040372151881456375,0.02938339300453663,0.01671706698834896,0.005797805264592171,-0.0029366817325353622,-0.007981040515005589,-0.009202595800161362,-0.010824115015566349,-0.01105639897286892,-0.010480687022209167,-0.009125017561018467,-0.007070451974868774,-0.005582829937338829,-0.006392768584191799,-0.008582506328821182,-0.010365499183535576,-0.010366817936301231,-0.007964115589857101,-0.006182027515023947,-0.002772301435470581,0.0027648366522043943,0.009902054443955421,0.017463812604546547,0.023719163611531258,0.025960110127925873,0.024923836812376976,0.0226543340831995,0.019357170909643173,0.01663949154317379,0.015093370340764523,0.015092154033482075,0.015782656148076057,0.01643706113100052,0.01790928840637207,0.02012447826564312,0.02268276736140251
0.036398712545633316,0.03848744183778763,0.04388267919421196,0.048902176320552826,0.047632332891225815,0.04427839815616608,0.03198403865098953,0.020555082708597183,0.009805655106902122,0.0009752207552082837,-0.006300730165094137,-0.008973324671387672,-0.010928062722086906,-0.01199907623231411,-0.011914731934666634,-0.011111677624285221,-0.00956681277602911,-0.007819322869181633,-0.0058411285281181335,-0.006504406686872244,-0.007317916955798864,-0.008944829925894737,-0.008510538376867771,-0.006993497256189585,-0.003713083453476429,0.002100873040035367,0.011216840706765652,0.018942667171359062,0.024654610082507133,0.024349631741642952,0.024485619738698006,0.022364581003785133,0.019876670092344284,0.018024234101176262,0.014776485040783882,0.01299313548952341,0.011998322792351246,0.011983045376837254,0.013339988887310028,0.0167794618755579,0.023400941863656044
