dougfraga/big_2.json
{"header": {"parameterUnit": "m.s-1", "parameterNumber": 2, "dx": 0.016666000000000736, "dy": 0.016666000000000736, "parameterNumberName": "Eastward current", "la1": -22.891645999999998, "la2": -24.0416, "parameterCategory": 2, "lo2": -43.225054, "nx": 95, "ny": 70, "refTime": "2022-12-18 02:00:00", "lo1": -44.79166}, "data":
[rows 19 to 37 of 70, columns 42 to 83 of 95]
0.026886900886893272,0.024644045159220695,0.021539578214287758,0.023846084251999855,0.023565178737044334,0.025305338203907013,0.025023486465215683,0.02058912068605423,0.01851966418325901,0.01835893839597702,0.018522115424275398,0.017832063138484955,0.01702648401260376,0.019447170197963715,0.019938791170716286,0.018313981592655182,0.017873739823698997,0.017146166414022446,0.016922323033213615,0.016191788017749786,0.015018438920378685,0.014266984537243843,0.014851686544716358,0.016578951850533485,0.01950310915708542,0.02282942645251751,0.025392873212695122,0.02746073715388775,0.029755646362900734,0.032703980803489685,0.0363965667784214,0.04212823882699013,0.04561169445514679,0.046275004744529724,0.04834741726517677,0.05090225115418434,0.05383283644914627,0.057166676968336105,0.06078674644231796,0.06437600404024124,0.06802956014871597,0.07215095311403275
0.026865044608712196,0.024878134950995445,0.027296533808112144,0.02875695191323757,0.025207139551639557,0.023398973047733307,0.02161785215139389,0.017905451357364655,0.015139861963689327,0.01447070762515068,0.01517158467322588,0.018710345029830933,0.0190222579985857,0.016226230189204216,0.016096435487270355,0.01624189503490925,0.015891769900918007,0.015279601328074932,0.014708361588418484,0.014081399887800217,0.013842327520251274,0.014570342376828194,0.01598094217479229,0.01806536316871643,0.021141748875379562,0.025025559589266777,0.030377088114619255,0.033667221665382385,0.03504972532391548,0.03805715963244438,0.041436146944761276,0.045032598078250885,0.04774026200175285,0.049400120973587036,0.05136530473828316,0.05399283021688461,0.05693108215928078,0.05980030074715614,0.062732994556427,0.06578405201435089,0.06913913786411285,0.07296013832092285
0.026210101321339607,0.025178631767630577,0.024890106171369553,0.023691978305578232,0.02127339318394661,0.019453011453151703,0.018078414723277092,0.01728583686053753,0.019679421558976173,0.020412428304553032,0.01876327581703663,0.018845269456505775,0.01782398670911789,0.01662539131939411,0.016512049362063408,0.01626148633658886,0.01539953239262104,0.014771418645977974,0.014558296650648117,0.014837922528386116,0.01610897295176983,0.01973552443087101,0.02189692109823227,0.022596972063183784,0.025856811553239822,0.029955962672829628,0.033601708710193634,0.036496106535196304,0.03923177346587181,0.042151954025030136,0.04503285884857178,0.04787658527493477,0.05032556131482124,0.05223941057920456,0.0542600043118,0.05701882019639015,0.05994813144207001,0.06263666599988937,0.0652414932847023,0.06801368296146393,0.07167957723140717,0.07629422843456268
0.021911518648266792,0.020646948367357254,0.020682141184806824,0.020653221756219864,0.02208167500793934,0.021579548716545105,0.019383860751986504,0.019397400319576263,0.019714146852493286,0.019865039736032486,0.020278317853808403,0.020293569192290306,0.01936653070151806,0.01859297789633274,0.018117010593414307,0.01759139448404312,0.017198091372847557,0.017694175243377686,0.02014450915157795,0.021662842482328415,0.022044992074370384,0.023570716381072998,0.02528550662100315,0.02769591473042965,0.030870268121361732,0.03443266078829765,0.03763876110315323,0.0401928573846817,0.042956650257110596,0.04565311223268509,0.04785670340061188,0.05009172484278679,0.052950549870729446,0.05602024495601654,0.05825919657945633,0.06066481024026871,0.06379131227731705,0.0670171007514,0.07033967971801758,0.07434078305959702,0.08082874119281769,0.08550667762756348
0.022756440564990044,0.020349184051156044,0.0206094179302454,0.020675761625170708,0.020951557904481888,0.0211472287774086,0.02062011882662773,0.02016214095056057,0.020375648513436317,0.020890774205327034,0.02159552276134491,0.021914854645729065,0.02163275144994259,0.021396983414888382,0.021275652572512627,0.02130337432026863,0.021770277991890907,0.024381574243307114,0.025728337466716766,0.025205859914422035,0.026320574805140495,0.027941742911934853,0.029641030356287956,0.03177325427532196,0.03450561314821243,0.03752398118376732,0.04024821147322655,0.0426822267472744,0.04546275734901428,0.04813789576292038,0.05031142383813858,0.05252872407436371,0.05604805424809456,0.059846989810466766,0.06265714019536972,0.06628093123435974,0.07278949022293091,0.07800526171922684,0.0811428651213646,0.08528696745634079,0.08912613987922668,0.09206000715494156
0.019916821271181107,0.019261835142970085,0.019313935190439224,0.019468586891889572,0.019605984911322594,0.019871018826961517,0.019818712025880814,0.02007942460477352,0.02072330191731453,0.021967126056551933,0.02495476044714451,0.02585909329354763,0.024364862591028214,0.024049922823905945,0.024110592901706696,0.02459985949099064,0.02508273907005787,0.02569814771413803,0.027092108502984047,0.028406530618667603,0.02979429066181183,0.03127235919237137,0.0328821986913681,0.03478981554508209,0.03671273589134216,0.039128080010414124,0.0417969636619091,0.044517599046230316,0.04740786552429199,0.05027279630303383,0.052849676460027695,0.055760230869054794,0.05996885150671005,0.0660475343465805,0.07078506052494049,0.07429539412260056,0.0793657898902893,0.08388001471757889,0.08751088380813599,0.09090601652860641,0.09359697997570038,0.09561405330896378
0.01850898191332817,0.018372898921370506,0.01890167035162449,0.019207952544093132,0.019618527963757515,0.02002154290676117,0.0208550114184618,0.02375759370625019,0.025106128305196762,0.024774733930826187,0.025601036846637726,0.026176797226071358,0.026212187483906746,0.026053017005324364,0.026039155200123787,0.026805153116583824,0.028006592765450478,0.029135024175047874,0.030743658542633057,0.032525788992643356,0.03423919901251793,0.03561592474579811,0.0367281436920166,0.03807593137025833,0.03965866565704346,0.04186006262898445,0.044892918318510056,0.04812924936413765,0.051553402096033096,0.05511082708835602,0.05865431949496269,0.06234605610370636,0.06632588803768158,0.07088790088891983,0.07803818583488464,0.08205142617225647,0.08387945592403412,0.08814892172813416,0.09136106073856354,0.09380345791578293,0.09532306343317032,0.0966123640537262
0.019882328808307648,0.020567482337355614,0.02141810767352581,0.022377004846930504,0.024960080161690712,0.02577952668070793,0.025480778887867928,0.02694435976445675,0.027570193633437157,0.028216147795319557,0.028991585597395897,0.02950156480073929,0.029728831723332405,0.030064420774579048,0.03076222725212574,0.03208081051707268,0.03434343263506889,0.036450959742069244,0.03841893747448921,0.04027163237333298,0.04219578579068184,0.04250353202223778,0.04250650480389595,0.044122595340013504,0.04603366553783417,0.04886626824736595,0.05291367322206497,0.057632166892290115,0.06206508353352547,0.06593304872512817,0.06950578838586807,0.0726228728890419,0.07653485983610153,0.08445338904857635,0.08693006634712219,0.08591169118881226,0.08947159349918365,0.0920242890715599,0.09416177123785019,0.09668395668268204,0.10049532353878021,0.10172262042760849
0.02509235590696335,0.027746180072426796,0.028638575226068497,0.028326358646154404,0.029559357091784477,0.03010416030883789,0.03058108128607273,0.0316915325820446,0.03253179043531418,0.03339508920907974,0.03375774621963501,0.03327393904328346,0.03433843329548836,0.03672550991177559,0.03876291215419769,0.04017224162817001,0.04239288344979286,0.044952865689992905,0.04685913398861885,0.04889800399541855,0.050563205033540726,0.05150626227259636,0.052252147346735,0.05360668525099754,0.05622806400060654,0.06022151559591293,0.06509281694889069,0.07299486547708511,0.0781736746430397,0.08015214651823044,0.08363844454288483,0.08590977638959885,0.08867193013429642,0.09171608835458755,0.09254880249500275,0.09300443530082703,0.09733092039823532,0.10061873495578766,0.1009661927819252,0.10175067186355591,0.10231084376573563,0.10376498848199844
0.02972569689154625,0.03072405606508255,0.031967051327228546,0.03333351016044617,0.03459108620882034,0.03551045060157776,0.03572149947285652,0.036194171756505966,0.03694262355566025,0.03779013827443123,0.038245171308517456,0.03826417401432991,0.04004574567079544,0.04276563599705696,0.0455733984708786,0.04807914048433304,0.04995298758149147,0.051688846200704575,0.05428390949964523,0.057127051055431366,0.05936101824045181,0.06279116868972778,0.06442712992429733,0.06314890086650848,0.06643752008676529,0.07526351511478424,0.08080549538135529,0.08361904323101044,0.0876326858997345,0.09035802632570267,0.09135352820158005,0.0921594426035881,0.09361995756626129,0.09609253704547882,0.10083047300577164,0.10328494757413864,0.1037336140871048,0.10535315424203873,0.10589198023080826,0.10560472309589386,0.10544782876968384,0.10682363063097
0.031576212495565414,0.03299153596162796,0.035287220031023026,0.03772490844130516,0.039151404052972794,0.03997904062271118,0.04054154455661774,0.04063156619668007,0.0404820516705513,0.04102528467774391,0.04184526950120926,0.04291798174381256,0.04518262296915054,0.04807431623339653,0.05135297030210495,0.054340802133083344,0.057086389511823654,0.060149896889925,0.06287344545125961,0.06549032032489777,0.06999513506889343,0.07240025699138641,0.0729522630572319,0.07568521797657013,0.0789455771446228,0.08366481214761734,0.08889065682888031,0.09192706644535065,0.09338559955358505,0.09378748387098312,0.09425991028547287,0.09716789424419403,0.09832866489887238,0.09887029975652695,0.1018511950969696,0.10448703914880753,0.10658035427331924,0.10763435065746307,0.10723812133073807,0.10619404166936874,0.10659948736429214,0.10967611521482468
0.033146634697914124,0.0361507348716259,0.03968869894742966,0.042489293962717056,0.04410319775342941,0.04457584023475647,0.04475622624158859,0.04444776475429535,0.04388187825679779,0.04449594393372536,0.04627588018774986,0.048444394022226334,0.05093671754002571,0.05416528135538101,0.057849422097206116,0.0617280974984169,0.06590162962675095,0.07132576406002045,0.07344462722539902,0.07317854464054108,0.07504387944936752,0.07730241119861603,0.08006405085325241,0.08317181468009949,0.0860714316368103,0.08970493823289871,0.09373324364423752,0.09628310799598694,0.09958711266517639,0.09967762976884842,0.09661518037319183,0.09602740406990051,0.09668988734483719,0.09873140603303909,0.10203494876623154,0.1049816831946373,0.10648007690906525,0.10777361690998077,0.11016390472650528,0.1098262220621109,0.10810626298189163,0.1067461222410202
0.03646278381347656,0.04324275255203247,0.04734572023153305,0.049351323395967484,0.05011077597737312,0.049645330756902695,0.049195822328329086,0.04876234009861946,0.04933391511440277,0.051551055163145065,0.05615382269024849,0.058553628623485565,0.058857087045907974,0.06166299059987068,0.06533215194940567,0.0690605416893959,0.07272141426801682,0.0757436752319336,0.07755311578512192,0.0786518082022667,0.0803004801273346,0.08261516690254211,0.08577781915664673,0.08948127925395966,0.0920552983880043,0.09533675014972687,0.10162314027547836,0.10453010350465775,0.10316573828458786,0.10041248798370361,0.09704087674617767,0.0970190167427063,0.09805408120155334,0.09934645146131516,0.10325554013252258,0.10896548628807068,0.11069203168153763,0.10942679643630981,0.10950174182653427,0.10822108387947083,0.10592067241668701,0.104341521859169
0.04469694942235947,0.05041690170764923,0.05395270884037018,0.05877678096294403,0.05903995782136917,0.05499079078435898,0.056058917194604874,0.05744730681180954,0.058166682720184326,0.06070994585752487,0.06325069814920425,0.06469617784023285,0.06627697497606277,0.06867397576570511,0.07155151665210724,0.07458160817623138,0.0773126408457756,0.07948251813650131,0.08115407824516296,0.08270528167486191,0.08515620231628418,0.08850344270467758,0.09223061800003052,0.09787456691265106,0.10159380733966827,0.10377875715494156,0.1076568141579628,0.10956300795078278,0.10859362035989761,0.10571147501468658,0.10314755886793137,0.10422956198453903,0.10528025776147842,0.10615099966526031,0.10947231948375702,0.11184252053499222,0.1121339425444603,0.11095621436834335,0.10799708217382431,0.10065588355064392,0.09431470185518265,0.09474130719900131
0.0576721653342247,0.06143861636519432,0.06453705579042435,0.06694433093070984,0.0651988610625267,0.06137968972325325,0.06227314472198486,0.0632113441824913,0.0650225281715393,0.06731215119361877,0.06892549246549606,0.07017736881971359,0.07191213965415955,0.07396288216114044,0.0761171281337738,0.07830348610877991,0.08014528453350067,0.08166702091693878,0.08390793949365616,0.08800449222326279,0.09535110741853714,0.09947492927312851,0.10031668096780777,0.10350058227777481,0.10662227869033813,0.10971179604530334,0.11247985810041428,0.11342054605484009,0.11207480728626251,0.11115362495183945,0.11009141057729721,0.10931280255317688,0.11033162474632263,0.11168187111616135,0.11357724666595459,0.11439089477062225,0.1131504625082016,0.11073826998472214,0.10630132257938385,0.09763563424348831,0.09280121326446533,0.09248088300228119
0.06675001978874207,0.07169550657272339,0.07308562844991684,0.07362066954374313,0.06950920075178146,0.06535844504833221,0.06641758233308792,0.06672903895378113,0.06831937283277512,0.06995338201522827,0.07140126079320908,0.07286760210990906,0.07469480484724045,0.07684978097677231,0.07889275997877121,0.08125165104866028,0.08536885678768158,0.0870659276843071,0.08780854195356369,0.09208083152770996,0.09681536257266998,0.10069380700588226,0.10382474958896637,0.10635678470134735,0.10853736847639084,0.11143991351127625,0.11391186714172363,0.11435426771640778,0.11518947780132294,0.11456246674060822,0.11226741224527359,0.11205869168043137,0.11224371194839478,0.11248514801263809,0.11278899013996124,0.11210700869560242,0.11057761311531067,0.10758180916309357,0.10158367455005646,0.09432948380708694,0.09127260744571686,0.09122665226459503
0.07620766758918762,0.07964907586574554,0.07899252325296402,0.07753860205411911,0.07191305607557297,0.06747077405452728,0.06869117170572281,0.06796769052743912,0.068767249584198,0.07101672887802124,0.07510922849178314,0.07763928174972534,0.07869978249073029,0.08063210546970367,0.08180812746286392,0.0828382819890976,0.08421298861503601,0.08595629036426544,0.08904765546321869,0.0931418165564537,0.09691453725099564,0.10032466053962708,0.10345067083835602,0.10602447390556335,0.1082565188407898,0.11057021468877792,0.11291588097810745,0.1162804439663887,0.11746923625469208,0.11512017995119095,0.11254806071519852,0.11144472658634186,0.11103549599647522,0.1099516898393631,0.10908843576908112,0.10851999372243881,0.10827837884426117,0.10603310912847519,0.09874740242958069,0.09290215373039246,0.09283086657524109,0.09671339392662048
0.08545428514480591,0.08340901881456375,0.08285999298095703,0.07672102749347687,0.06778816133737564,0.06483742594718933,0.06536684185266495,0.06792653352022171,0.0721646249294281,0.07535551488399506,0.07687085121870041,0.07914212346076965,0.0808633491396904,0.08179134875535965,0.08173791319131851,0.082006074488163,0.08420417457818985,0.08723656833171844,0.09109906107187271,0.09739207476377487,0.10122992843389511,0.10254565626382828,0.1049770712852478,0.10650838166475296,0.10672236979007721,0.10968683660030365,0.11527803540229797,0.1211964339017868,0.12213435769081116,0.11452442407608032,0.10281544923782349,0.09982545673847198,0.10811471939086914,0.1112033799290657,0.10898897051811218,0.10793829709291458,0.1072455644607544,0.10623405128717422,0.1026681512594223,0.10066467523574829,0.1039043664932251,0.1049928292632103
0.09026415646076202,0.08776077628135681,0.07988429069519043,0.07055781036615372,0.0634751096367836,0.06131363660097122,0.06498270481824875,0.07144467532634735,0.07521532475948334,0.07851509749889374,0.08111179620027542,0.08293427526950836,0.08402063697576523,0.08439032733440399,0.08448974043130875,0.08649074286222458,0.09267038851976395,0.09726887941360474,0.09931308776140213,0.10237208008766174,0.10468940436840057,0.10667732357978821,0.10844958573579788,0.10959518700838089,0.1104675754904747,0.1131739616394043,0.11854352056980133,0.12396279722452164,0.12249733507633209,0.10818348079919815,0.09409285336732864,0.09829980880022049,0.10834305733442307,0.11009719222784042,0.10893420875072479,0.10825033485889435,0.10779547691345215,0.10767600685358047,0.10967971384525299,0.1134863793849945,0.11425895243883133,0.11037162691354752
