dougfraga/big_9.json
{"header": {"parameterUnit": "m.s-1", "parameterNumber": 2, "dx": 0.016666000000000736, "dy": 0.016666000000000736, "parameterNumberName": "Eastward current", "la1": -22.891645999999998, "la2": -24.0416, "parameterCategory": 2, "lo2": -43.225054, "nx": 95, "ny": 70, "refTime": "2022-12-18 09:00:00", "lo1": -44.79166}, "data":
[rows 38 to 56 of 70, columns 0 to 41 of 95]
0.09874910861253738,0.10034289211034775,0.10286359488964081,0.10371752828359604,0.1029655784368515,0.10129623860120773,0.09910323470830917,0.09428142756223679,0.08830690383911133,0.08521094173192978,0.08463450521230698,0.0863770917057991,0.08918433636426926,0.09085331112146378,0.09170418977737427,0.09258069843053818,0.09271008521318436,0.09545530378818512,0.09625612199306488,0.09116532653570175,0.08842416852712631,0.08995651453733444,0.08800715208053589,0.08263114094734192,0.08215855062007904,0.08299963176250458,0.08132373541593552,0.07923658192157745,0.07730241119861603,0.07571534067392349,0.07304433733224869,0.06858139485120773,0.06329528242349625,0.06292473524808884,0.06530144065618515,0.06920357793569565,0.0781160369515419,0.08394651114940643,0.08753682672977448,0.08594414591789246,0.08556966483592987,0.0861457884311676
0.09468936175107956,0.0961839035153389,0.09899987280368805,0.10054290294647217,0.10036807507276535,0.0987078845500946,0.09374237060546875,0.0864618644118309,0.08066213876008987,0.07785038650035858,0.07872152328491211,0.08341073244810104,0.0890163853764534,0.09100233018398285,0.08978547155857086,0.0892547145485878,0.09024953842163086,0.09469544887542725,0.09361778944730759,0.0885147973895073,0.08551683276891708,0.08165733516216278,0.07906541973352432,0.0761820375919342,0.07471233606338501,0.07488667219877243,0.08006302267313004,0.08169685304164886,0.07719986140727997,0.07460465282201767,0.06940329074859619,0.06303931027650833,0.058709584176540375,0.060610514134168625,0.07050789892673492,0.07801947742700577,0.08642710000276566,0.09791623800992966,0.09843342006206512,0.09023377299308777,0.08485164493322372,0.08354397118091583
0.09074383974075317,0.09195826947689056,0.0953541174530983,0.09833301603794098,0.09875575453042984,0.09670285135507584,0.08960434049367905,0.07973481714725494,0.07290120422840118,0.06949665397405624,0.07587836682796478,0.08228790014982224,0.08566422015428543,0.09299292415380478,0.09025505930185318,0.08488981425762177,0.08667197078466415,0.09153800457715988,0.08900653570890427,0.08293269574642181,0.07880505919456482,0.07288943976163864,0.06823386996984482,0.06605652719736099,0.06789237260818481,0.07073777914047241,0.07849176973104477,0.07995053380727768,0.08039430528879166,0.0790303647518158,0.06745585799217224,0.05961659178137779,0.056577928364276886,0.06173037365078926,0.07755398005247116,0.09187902510166168,0.0998467206954956,0.10512370616197586,0.1007520854473114,0.09190239012241364,0.08351083844900131,0.07545716315507889
0.08408182114362717,0.08590679615736008,0.09106440097093582,0.0961049273610115,0.09702861309051514,0.09458666294813156,0.0867137685418129,0.07545079290866852,0.06876537203788757,0.06916933506727219,0.07182081788778305,0.07946661859750748,0.08973260223865509,0.09128626435995102,0.08657325804233551,0.08341633528470993,0.08429371565580368,0.0879199206829071,0.0847584530711174,0.07771667093038559,0.07136104255914688,0.06200169771909714,0.05662411078810692,0.05956345051527023,0.06583795696496964,0.0701686218380928,0.08043642342090607,0.08526889979839325,0.08260384947061539,0.07813981920480728,0.07071413099765778,0.06307341903448105,0.0583818256855011,0.06507866829633713,0.08444337546825409,0.1004505380988121,0.10671485215425491,0.10593883693218231,0.09880639612674713,0.08937952667474747,0.07813186198472977,0.07030713558197021
0.07929594814777374,0.08057617396116257,0.085871122777462,0.09424424171447754,0.09813026338815689,0.0939360037446022,0.08500151336193085,0.074904665350914,0.06847618520259857,0.06920123100280762,0.07470550388097763,0.08099374175071716,0.08609543740749359,0.08760208636522293,0.08522601425647736,0.08261514455080032,0.08209532499313354,0.08529844880104065,0.0819527804851532,0.07341991364955902,0.06406891345977783,0.053133927285671234,0.051245592534542084,0.05600652098655701,0.06793887913227081,0.07883798331022263,0.08240356296300888,0.08546895533800125,0.08619776368141174,0.08203134685754776,0.0760282576084137,0.06814265251159668,0.06405336409807205,0.07313259690999985,0.09078342467546463,0.10440845787525177,0.1060769110918045,0.10383905470371246,0.0972193107008934,0.08522725105285645,0.07639136910438538,0.06983209401369095
0.07571706175804138,0.07650452107191086,0.08107488602399826,0.09054160118103027,0.09640276432037354,0.09289592504501343,0.08809049427509308,0.07933139055967331,0.06933323293924332,0.06892900168895721,0.07386179268360138,0.07942242920398712,0.08325989544391632,0.08394025266170502,0.08224723488092422,0.08057147264480591,0.08062480390071869,0.08391087502241135,0.0795164704322815,0.07063918560743332,0.06281715631484985,0.05506708472967148,0.0545903742313385,0.05894729867577553,0.0703178197145462,0.08146810531616211,0.08607744425535202,0.08811217546463013,0.0870300829410553,0.08376112580299377,0.08106260001659393,0.0747705027461052,0.07101362198591232,0.08180349320173264,0.09646275639533997,0.10641678422689438,0.10705859214067459,0.09935885667800903,0.09021718800067902,0.08183792978525162,0.07411342859268188,0.06686436384916306
0.07374218106269836,0.07432578504085541,0.0769275426864624,0.08422621339559555,0.09277094155550003,0.09242795407772064,0.08944586664438248,0.08217070251703262,0.07063336670398712,0.06864269822835922,0.07289683073759079,0.07774954289197922,0.08215131610631943,0.0831366777420044,0.08160676807165146,0.08086355775594711,0.08009952306747437,0.07847549766302109,0.07326977699995041,0.06673875451087952,0.06314128637313843,0.06418018043041229,0.06503719836473465,0.06725990772247314,0.0749606341123581,0.08135084807872772,0.08398940414190292,0.08755425363779068,0.09099961817264557,0.0877748653292656,0.08228796720504761,0.07824505120515823,0.07795397192239761,0.08486498892307281,0.09434506297111511,0.10017651319503784,0.09897579252719879,0.09364375472068787,0.08542682230472565,0.07613369077444077,0.06900379061698914,0.06347332149744034
0.06992447376251221,0.07101324200630188,0.07418578863143921,0.07912192493677139,0.08557308465242386,0.08878998458385468,0.09002462774515152,0.08406909555196762,0.07307525724172592,0.06921834498643875,0.0738070085644722,0.07844480127096176,0.07925030589103699,0.08044269680976868,0.07985280454158783,0.0777813121676445,0.07505299896001816,0.07252189517021179,0.06929677724838257,0.06661994755268097,0.06678139418363571,0.0705956518650055,0.07227883487939835,0.07333658635616302,0.07794619351625443,0.08173777908086777,0.0843656063079834,0.08669061213731766,0.08720238506793976,0.08453962951898575,0.08110813796520233,0.07955455034971237,0.08089911937713623,0.0846981629729271,0.0895354226231575,0.09392033517360687,0.09270340949296951,0.08591616898775101,0.07765179872512817,0.06898491084575653,0.06251298636198044,0.058529868721961975
0.06839176267385483,0.0687415823340416,0.07025803625583649,0.07369240373373032,0.07947282493114471,0.0849367007613182,0.08953072875738144,0.0854584202170372,0.07634086906909943,0.0721336305141449,0.07173286378383636,0.07435590773820877,0.07649858295917511,0.07762646675109863,0.07688368111848831,0.07387004792690277,0.07006586343050003,0.06760424375534058,0.0666927918791771,0.0675424337387085,0.07158828526735306,0.07451975345611572,0.07498390972614288,0.07645312696695328,0.07874782383441925,0.08099928498268127,0.08239137381315231,0.08361265063285828,0.0837969109416008,0.08227237313985825,0.08096456527709961,0.08167801052331924,0.08515740185976028,0.08684451878070831,0.08661585301160812,0.08670949190855026,0.08345428854227066,0.07669728249311447,0.06915748119354248,0.06253545731306076,0.05808217078447342,0.055589307099580765
0.06739963591098785,0.06709646433591843,0.06724473088979721,0.06909522414207458,0.07358041405677795,0.08080074936151505,0.0886235237121582,0.08765360713005066,0.07927463948726654,0.07200144976377487,0.06901578605175018,0.07057792693376541,0.07247111201286316,0.07349880784749985,0.07248129695653915,0.06939154863357544,0.06603620201349258,0.06459510326385498,0.06578022241592407,0.06978023052215576,0.07301901280879974,0.07444438338279724,0.07636123895645142,0.07722767442464828,0.07781068235635757,0.07934865355491638,0.08003220707178116,0.08003640919923782,0.08111918717622757,0.08394071459770203,0.08448296040296555,0.08345962315797806,0.08428770303726196,0.08405487984418869,0.08250369131565094,0.07988061010837555,0.07519476115703583,0.06935641914606094,0.06406529992818832,0.05982515215873718,0.05646773800253868,0.05471697822213173
0.06570988148450851,0.06517720967531204,0.06442098319530487,0.06527233123779297,0.06922654807567596,0.07707055658102036,0.08603351563215256,0.09260543435811996,0.08622326701879501,0.07080749422311783,0.06436304748058319,0.06546046584844589,0.06685855984687805,0.0673896074295044,0.06708431243896484,0.06542065739631653,0.0636061578989029,0.0633155107498169,0.06513486057519913,0.06950288265943527,0.07185819745063782,0.07237254828214645,0.07428073137998581,0.07450879365205765,0.07431793957948685,0.07570064067840576,0.0781954750418663,0.07921474426984787,0.07958003878593445,0.08114982396364212,0.0813257247209549,0.08098036050796509,0.0807865634560585,0.07945314049720764,0.07697957754135132,0.07320132851600647,0.06878986954689026,0.06454849988222122,0.06090759113430977,0.058862343430519104,0.059281229972839355,0.058700159192085266
0.06592705100774765,0.0643804594874382,0.062337569892406464,0.06280810385942459,0.06835165619850159,0.07641571015119553,0.08585996925830841,0.09375865012407303,0.08905666321516037,0.07765448093414307,0.06841298937797546,0.06207560747861862,0.05889827758073807,0.057191669940948486,0.05995586887001991,0.06301029771566391,0.06273508816957474,0.06305190920829773,0.0651482492685318,0.0701884999871254,0.07115279883146286,0.06907421350479126,0.06992880254983902,0.06997961550951004,0.07047692686319351,0.07369542866945267,0.0756380558013916,0.07537286728620529,0.07589088380336761,0.07647302746772766,0.07630765438079834,0.07560752332210541,0.0744599923491478,0.0726635605096817,0.07008729130029678,0.06668773293495178,0.0634385272860527,0.061762697994709015,0.06285098940134048,0.0624283142387867,0.06044264882802963,0.059319283813238144
0.06397758424282074,0.06234161928296089,0.06015558913350105,0.06068861111998558,0.0674452930688858,0.07668449729681015,0.0863301083445549,0.09567850083112717,0.09227408468723297,0.08115053921937943,0.06931702047586441,0.05784672126173973,0.051853667944669724,0.05070074647665024,0.05311770737171173,0.05926782637834549,0.06416250765323639,0.06490863114595413,0.06726479530334473,0.07314688712358475,0.07226258516311646,0.06687652319669724,0.06598062813282013,0.06640730798244476,0.06976457685232162,0.07206892222166061,0.07204180955886841,0.07246774435043335,0.07260827720165253,0.07248252630233765,0.07154934853315353,0.06991498917341232,0.06806116551160812,0.06649590283632278,0.06575627624988556,0.06629001349210739,0.06443696469068527,0.06165929511189461,0.06145274639129639,0.06082429736852646,0.059598978608846664,0.05853002518415451
0.06309457868337631,0.06149588152766228,0.05943402647972107,0.059935063123703,0.06414700299501419,0.07398706674575806,0.08597566187381744,0.09614548832178116,0.09365340322256088,0.0829043835401535,0.07058045268058777,0.05511178448796272,0.04633811488747597,0.046092305332422256,0.05129223316907883,0.05705813691020012,0.06067804992198944,0.06133111193776131,0.0667748972773552,0.077981136739254,0.07660020142793655,0.0677807480096817,0.0665830597281456,0.06725290417671204,0.06844330579042435,0.07032839208841324,0.07097990065813065,0.07087354362010956,0.07006102800369263,0.0690920352935791,0.06775341928005219,0.06717394292354584,0.06874420493841171,0.06755556911230087,0.06462282687425613,0.06354508548974991,0.06129583716392517,0.05941168591380119,0.05928847938776016,0.05942119285464287,0.05860888957977295,0.05708961561322212
0.0628974512219429,0.06158478558063507,0.05949745327234268,0.05963998660445213,0.06389570981264114,0.07125423103570938,0.07994484901428223,0.08803186565637589,0.0906364843249321,0.08073865622282028,0.06386372447013855,0.05069154500961304,0.0447654090821743,0.04565310478210449,0.05025831237435341,0.05596165359020233,0.060331132262945175,0.06396876275539398,0.0690883994102478,0.07408683747053146,0.0729890763759613,0.06998849660158157,0.06850993633270264,0.06726568192243576,0.06785985827445984,0.06856877356767654,0.06831402331590652,0.06750889867544174,0.06610653549432755,0.06554971635341644,0.0687253475189209,0.07011864334344864,0.06850915402173996,0.06701996922492981,0.0647321417927742,0.0627732202410698,0.061963051557540894,0.0636129081249237,0.06622844934463501,0.06700991094112396,0.0649772509932518,0.061213668435811996
0.062473930418491364,0.06148615851998329,0.05979278311133385,0.059477925300598145,0.06182834878563881,0.06588193029165268,0.07021322846412659,0.0818430557847023,0.08455969393253326,0.07277778536081314,0.06042378023266792,0.048592790961265564,0.044505368918180466,0.04679938778281212,0.05125673487782478,0.056591011583805084,0.061058253049850464,0.06415155529975891,0.06700155138969421,0.06979060173034668,0.0725034847855568,0.07182915508747101,0.06937554478645325,0.06907759606838226,0.06950272619724274,0.06943845748901367,0.06783166527748108,0.0652625635266304,0.06467584520578384,0.06887839734554291,0.0708722248673439,0.06904608011245728,0.06787490844726562,0.06647120416164398,0.06463424116373062,0.06313493847846985,0.06352070719003677,0.06344308704137802,0.060601286590099335,0.06068543344736099,0.06254249811172485,0.06003844365477562
0.06196654960513115,0.06100549176335335,0.05949404463171959,0.05918964371085167,0.06050621345639229,0.06310185045003891,0.06633199006319046,0.07089932262897491,0.07370094209909439,0.06766293942928314,0.056631941348314285,0.048045843839645386,0.04532092064619064,0.0480257086455822,0.05222742259502411,0.057812828570604324,0.06308557838201523,0.06467305123806,0.0674109011888504,0.06986352801322937,0.06972014158964157,0.06972793489694595,0.06897291541099548,0.06850466132164001,0.06794095039367676,0.06655201315879822,0.06531050056219101,0.06752762198448181,0.06821000576019287,0.06715872883796692,0.06753510236740112,0.06693483889102936,0.06616448611021042,0.06501786410808563,0.0637335330247879,0.06431812047958374,0.06560589373111725,0.06204037368297577,0.05680901184678078,0.05778517574071884,0.059994928538799286,0.057927533984184265
0.06045139580965042,0.0598517507314682,0.05853964015841484,0.0582282580435276,0.059602536261081696,0.0613199919462204,0.062462348490953445,0.06274431198835373,0.06132740527391434,0.05685301497578621,0.05107532814145088,0.047092124819755554,0.046976614743471146,0.05048508569598198,0.054806891828775406,0.05977175757288933,0.06325256824493408,0.06652069091796875,0.0686887875199318,0.0681648775935173,0.06796766817569733,0.06764216721057892,0.06729209423065186,0.0666583850979805,0.06509482115507126,0.06595108658075333,0.06671968102455139,0.06558291614055634,0.06519617140293121,0.06460007280111313,0.06377921998500824,0.06285443156957626,0.06285959482192993,0.06371790915727615,0.0654100850224495,0.06830932199954987,0.0684405267238617,0.06055024266242981,0.05182930827140808,0.051030293107032776,0.056963589042425156,0.05912254378199577
0.0599198192358017,0.05920867994427681,0.0576358363032341,0.056999530643224716,0.059493500739336014,0.05995460972189903,0.05605517700314522,0.05290592089295387,0.050723906606435776,0.04817664995789528,0.04617009684443474,0.046288687735795975,0.049337077885866165,0.05404844135046005,0.0569610670208931,0.05939510092139244,0.06534674018621445,0.06851501762866974,0.06730801612138748,0.06685375422239304,0.06651611626148224,0.06582683324813843,0.06413870304822922,0.06290915608406067,0.06558962911367416,0.06604912877082825,0.06286317855119705,0.060838520526885986,0.05936345458030701,0.059371218085289,0.06076957285404205,0.06286073476076126,0.06521189212799072,0.06704316288232803,0.06849730014801025,0.06969776004552841,0.06589575111865997,0.056878190487623215,0.052690539509058,0.06032745540142059,0.06499167531728745,0.05978715047240257
