dougfraga/big_22.json
{"header": {"parameterUnit": "m.s-1", "parameterNumber": 2, "dx": 0.016666000000000736, "dy": 0.016666000000000736, "parameterNumberName": "Eastward current", "la1": -22.891645999999998, "la2": -24.0416, "parameterCategory": 2, "lo2": -43.225054, "nx": 95, "ny": 70, "refTime": "2022-12-18 22:00:00", "lo1": -44.79166}, "data":
[rows 36 to 53 of 70, columns 42 to 83 of 95]
0.05092913657426834,0.047425784170627594,0.046767689287662506,0.04321424663066864,0.03677893802523613,0.033625513315200806,0.032284993678331375,0.032063934952020645,0.03437620401382446,0.03638387471437454,0.03672473505139351,0.03792496398091316,0.039464954286813736,0.04109301418066025,0.041980817914009094,0.042843807488679886,0.045158982276916504,0.04786783456802368,0.050815220922231674,0.055953290313482285,0.05885728821158409,0.05933329835534096,0.06109160557389259,0.06238787621259689,0.06202274188399315,0.06382743269205093,0.06877948343753815,0.07609131187200546,0.0809827521443367,0.08115711808204651,0.08101426810026169,0.08111254870891571,0.08382300287485123,0.08567430824041367,0.08584911376237869,0.08712736517190933,0.08852957934141159,0.08955121785402298,0.08892955631017685,0.09193713217973709,0.10120026022195816,0.10509845614433289
0.05253799259662628,0.050425413995981216,0.044442687183618546,0.03859034180641174,0.035597462207078934,0.03159422427415848,0.02757197991013527,0.028120754286646843,0.02946835197508335,0.03173426538705826,0.033508170396089554,0.035008423030376434,0.03669433295726776,0.03857479616999626,0.04046878591179848,0.042834777384996414,0.04842966049909592,0.05384402722120285,0.05679894983768463,0.05956236273050308,0.061471909284591675,0.06329654902219772,0.0651475042104721,0.06660519540309906,0.06753094494342804,0.06938585638999939,0.07393550127744675,0.07932595908641815,0.08235279470682144,0.08239378780126572,0.08058279752731323,0.08238960057497025,0.0852583646774292,0.08515674620866776,0.08560702204704285,0.08683177083730698,0.08812900632619858,0.08951667696237564,0.0927112028002739,0.09835732728242874,0.10214877873659134,0.10138246417045593
0.04817701131105423,0.04472189024090767,0.04251619055867195,0.035762347280979156,0.026917537674307823,0.024260886013507843,0.02405434660613537,0.02410655841231346,0.02569565735757351,0.028406167402863503,0.030803566798567772,0.0325448140501976,0.03430623933672905,0.03683873265981674,0.04187420755624771,0.046502381563186646,0.05025911703705788,0.05495239049196243,0.05878347530961037,0.06160590425133705,0.06388790905475616,0.06631040573120117,0.06853996217250824,0.07030446082353592,0.0706799104809761,0.0692174956202507,0.07272130995988846,0.07793974876403809,0.0845784842967987,0.08634135127067566,0.08319959789514542,0.08435113728046417,0.08427761495113373,0.08393508195877075,0.08380576223134995,0.08459130674600601,0.08599395304918289,0.08720669895410538,0.09090392291545868,0.09597282111644745,0.09736360609531403,0.09557999670505524
0.04640449956059456,0.04011577367782593,0.03402743861079216,0.02673659287393093,0.023129185661673546,0.022380832582712173,0.021298138424754143,0.021618152037262917,0.022940827533602715,0.025431644171476364,0.02795644849538803,0.029915325343608856,0.034062858670949936,0.03805919736623764,0.040623560547828674,0.04422508552670479,0.04854113981127739,0.05312725156545639,0.05703580006957054,0.06020018458366394,0.0630694180727005,0.06594793498516083,0.0688321515917778,0.07172896713018417,0.074907585978508,0.07939355075359344,0.08509016036987305,0.0895407572388649,0.09119311720132828,0.08878901600837708,0.08846855908632278,0.08810225874185562,0.08435897529125214,0.08247431367635727,0.08141407370567322,0.08203059434890747,0.082543283700943,0.08353331685066223,0.08753333240747452,0.09003490209579468,0.0891386941075325,0.08740019798278809
0.038174185901880264,0.032473109662532806,0.029245205223560333,0.025771308690309525,0.02162253111600876,0.019708262756466866,0.019171731546521187,0.019428549334406853,0.020510200411081314,0.022915847599506378,0.02713189274072647,0.030353372916579247,0.03226727247238159,0.03485822305083275,0.037753406912088394,0.04177514463663101,0.046852078288793564,0.0518963485956192,0.05629221722483635,0.06005808711051941,0.06338876485824585,0.06645053625106812,0.06985516101121902,0.07423969358205795,0.07913286238908768,0.08421304076910019,0.08904240280389786,0.09175406396389008,0.09222755581140518,0.09443212300539017,0.09354421496391296,0.08791297674179077,0.08343546837568283,0.0796966627240181,0.07733303308486938,0.07622697204351425,0.07477832585573196,0.07584404945373535,0.07850289344787598,0.07806498557329178,0.07612114399671555,0.0744507759809494
0.03672096133232117,0.03280118852853775,0.02811066061258316,0.024117251858115196,0.020137866958975792,0.01728423312306404,0.01654612459242344,0.017132852226495743,0.019078483805060387,0.02354034036397934,0.02720366045832634,0.028543954715132713,0.030310725793242455,0.03246460482478142,0.03567175939679146,0.040437594056129456,0.045447178184986115,0.05040527507662773,0.05579462647438049,0.06109918653964996,0.06501590460538864,0.06788492202758789,0.07181595265865326,0.07874244451522827,0.0838618129491806,0.08684372901916504,0.09144647419452667,0.09498103708028793,0.0957203358411789,0.09454598277807236,0.09194384515285492,0.086916483938694,0.08077995479106903,0.07572474330663681,0.07264018058776855,0.0703781470656395,0.06890220940113068,0.07054083049297333,0.07186992466449738,0.07088575512170792,0.06977751106023788,0.06877307593822479
0.03620816022157669,0.03194583207368851,0.027452699840068817,0.02317211404442787,0.018750708550214767,0.015610160306096077,0.015236658975481987,0.016874145716428757,0.021327732130885124,0.0246797613799572,0.02561643347144127,0.02735072560608387,0.029584985226392746,0.032118167728185654,0.03495481610298157,0.03841458261013031,0.043010834604501724,0.04958048090338707,0.05652525648474693,0.06179971620440483,0.06753204762935638,0.07246948778629303,0.07556277513504028,0.07944338023662567,0.08376284688711166,0.08815126121044159,0.09210222959518433,0.09410648047924042,0.09335505962371826,0.09020102769136429,0.08563154935836792,0.08054882287979126,0.07617776095867157,0.07318828999996185,0.07066041976213455,0.06896233558654785,0.06845519691705704,0.06987019628286362,0.07015906274318695,0.06837659329175949,0.06719425320625305,0.06584105640649796
0.03291266784071922,0.029067663475871086,0.024913152679800987,0.020871445536613464,0.017417093738913536,0.016205690801143646,0.019123030826449394,0.022019483149051666,0.02293499931693077,0.024285925552248955,0.025948181748390198,0.028077954426407814,0.030671043321490288,0.03274157643318176,0.034351896494627,0.03805423527956009,0.04501695930957794,0.052937984466552734,0.058861538767814636,0.06478912383317947,0.06903650611639023,0.07080591470003128,0.07386883348226547,0.07807066291570663,0.0825922042131424,0.08667503297328949,0.08920872956514359,0.08936911076307297,0.08724620193243027,0.08399871736764908,0.08017734438180923,0.07599059492349625,0.07348502427339554,0.07167406380176544,0.06977472454309464,0.06884749978780746,0.06816647946834564,0.06936868280172348,0.06983791291713715,0.06758000701665878,0.06546024233102798,0.06320951879024506
0.028762219473719597,0.025511067360639572,0.021829716861248016,0.018807347863912582,0.019202176481485367,0.02018316648900509,0.020613467320799828,0.02261720970273018,0.024551231414079666,0.026010381057858467,0.027669966220855713,0.029692310839891434,0.03176838159561157,0.03275090456008911,0.03379463031888008,0.03978404402732849,0.04833771660923958,0.054443467408418655,0.060616761445999146,0.06491705775260925,0.06601879745721817,0.06777985394001007,0.07077965885400772,0.0749337375164032,0.07905019819736481,0.08176646381616592,0.0825112983584404,0.08168216049671173,0.07940000295639038,0.07649248093366623,0.074442058801651,0.07285277545452118,0.07169012725353241,0.06994233280420303,0.06787298619747162,0.06732465326786041,0.0682285949587822,0.06934806704521179,0.06888559460639954,0.06668644398450851,0.06381599605083466,0.060406651347875595
0.024476366117596626,0.021861262619495392,0.02052685245871544,0.019782697781920433,0.01881176233291626,0.019697442650794983,0.02164514735341072,0.02388593554496765,0.02595081552863121,0.027604207396507263,0.029306115582585335,0.031112050637602806,0.03239519149065018,0.03239867463707924,0.030687572434544563,0.044858600944280624,0.055860042572021484,0.055338647216558456,0.059784721583127975,0.06046430766582489,0.06082737445831299,0.06198869273066521,0.06467527151107788,0.0680352970957756,0.07084321230649948,0.07248148322105408,0.07318262755870819,0.07331128418445587,0.07326821982860565,0.07267610728740692,0.07135380804538727,0.0705941691994667,0.06928559392690659,0.06711286306381226,0.06588046252727509,0.0663762241601944,0.06837023794651031,0.06954249739646912,0.06854753941297531,0.06576677411794662,0.06193917617201805,0.057421065866947174
0.0210743248462677,0.021058840677142143,0.020727645605802536,0.01902884803712368,0.018801504746079445,0.019970031455159187,0.022028684616088867,0.024232571944594383,0.02616981603205204,0.027984119951725006,0.029674731194972992,0.031027406454086304,0.03231007233262062,0.036012914031744,0.042924266308546066,0.049464255571365356,0.05480900779366493,0.05714646354317665,0.056697599589824677,0.05597690865397453,0.05534350126981735,0.05667423456907272,0.059770967811346054,0.0630936250090599,0.06594227999448776,0.06854390352964401,0.07026880234479904,0.07055594027042389,0.07079033553600311,0.07030828297138214,0.06874267011880875,0.06766226142644882,0.06631883233785629,0.06466735154390335,0.06450878828763962,0.06623482704162598,0.06875872611999512,0.07006558030843735,0.06852465867996216,0.06486279517412186,0.060184016823768616,0.05486675724387169
0.022609539330005646,0.02258741483092308,0.020515646785497665,0.019692223519086838,0.019185632467269897,0.019020600244402885,0.020023200660943985,0.021833371371030807,0.023826193064451218,0.026047926396131516,0.02841123752295971,0.030464569106698036,0.03291564807295799,0.03925639018416405,0.04648049920797348,0.052706312388181686,0.05606692656874657,0.05492773279547691,0.05341915413737297,0.0523364283144474,0.05233115330338478,0.054695598781108856,0.05887703225016594,0.06271117180585861,0.06577794253826141,0.06791108846664429,0.06885972619056702,0.06948968768119812,0.06954380869865417,0.06803654134273529,0.06594138592481613,0.06434809416532516,0.06308377534151077,0.06276416033506393,0.06407610327005386,0.06657232344150543,0.06916150450706482,0.07041732966899872,0.06898930668830872,0.0640937089920044,0.058036718517541885,0.05247500166296959
0.0231805257499218,0.021943960338830948,0.020806394517421722,0.020105412229895592,0.019098417833447456,0.01860412023961544,0.01950613223016262,0.02128436416387558,0.023471206426620483,0.02620179019868374,0.029267771169543266,0.031763333827257156,0.034062065184116364,0.039641328155994415,0.047373827546834946,0.05095445737242699,0.0512489452958107,0.051172077655792236,0.050778817385435104,0.05083673819899559,0.05202363431453705,0.05515892431139946,0.059807732701301575,0.06352364271879196,0.06570432335138321,0.0672680214047432,0.06749411672353745,0.06732984632253647,0.06673747301101685,0.06472717970609665,0.06249226629734039,0.06098146736621857,0.06046368181705475,0.061423905193805695,0.0638422966003418,0.06697718054056168,0.07027153670787811,0.07172777503728867,0.06874703615903854,0.06262094527482986,0.05636084824800491,0.05052737891674042
0.022296540439128876,0.021426187828183174,0.02015547640621662,0.018740521743893623,0.017789645120501518,0.01812044158577919,0.019739966839551926,0.02172134816646576,0.02401561662554741,0.02692539058625698,0.029685277491807938,0.03236454725265503,0.03579710051417351,0.03956299647688866,0.04554443433880806,0.04892025515437126,0.04824864864349365,0.04818939417600632,0.0485268197953701,0.05005008354783058,0.05249591916799545,0.055958330631256104,0.059895288199186325,0.06248268112540245,0.0638914406299591,0.06501448154449463,0.06519258767366409,0.06423912942409515,0.06243481487035751,0.06057395040988922,0.058681175112724304,0.05766141414642334,0.05809560418128967,0.06004763022065163,0.06387946754693985,0.06825517863035202,0.07156655192375183,0.07201585173606873,0.06820424646139145,0.06271719932556152,0.05730319768190384,0.0510120689868927
0.01837485283613205,0.01776321418583393,0.01673424243927002,0.016166405752301216,0.016452759504318237,0.0178193561732769,0.01977122575044632,0.02217266708612442,0.025394948199391365,0.028264915570616722,0.03049420937895775,0.03332934156060219,0.03901071101427078,0.04281269386410713,0.044109899550676346,0.04600076749920845,0.046312250196933746,0.04644334316253662,0.04760394245386124,0.04972387105226517,0.05268720164895058,0.05587727576494217,0.058527227491140366,0.060051724314689636,0.06048773601651192,0.06139158084988594,0.06147422641515732,0.05952020362019539,0.057494234293699265,0.05626963451504707,0.05531569570302963,0.05489054694771767,0.055769797414541245,0.05891108512878418,0.06394714117050171,0.06974554806947708,0.07275018841028214,0.07092142105102539,0.06782926619052887,0.06817310303449631,0.06377828866243362,0.05313495174050331
0.012263298965990543,0.012389814481139183,0.012691528536379337,0.013629713095724583,0.015176032669842243,0.016972672194242477,0.019485296681523323,0.023692412301898003,0.030496958643198013,0.0332946702837944,0.03281397372484207,0.03508485481142998,0.0380474291741848,0.04134082794189453,0.04409531503915787,0.04555128887295723,0.045876193791627884,0.046255841851234436,0.04742808640003204,0.049635715782642365,0.0524650514125824,0.05500271916389465,0.05603495240211487,0.0560217909514904,0.056511178612709045,0.05733153223991394,0.056432828307151794,0.054162245243787766,0.052909038960933685,0.05257361754775047,0.05252515897154808,0.052328310906887054,0.05336418375372887,0.05730200931429863,0.06347854435443878,0.06987730413675308,0.07228614389896393,0.07072001695632935,0.07257464528083801,0.0709678903222084,0.062440305948257446,0.05324147641658783
0.007940905168652534,0.008455965667963028,0.00950273871421814,0.01120175700634718,0.013513571582734585,0.01646682247519493,0.02059181034564972,0.029212940484285355,0.0341731533408165,0.0327555350959301,0.03332548215985298,0.03578772395849228,0.039466742426157,0.04302259534597397,0.04507320746779442,0.04583020880818367,0.0461621917784214,0.04659881442785263,0.04779748618602753,0.04973336681723595,0.05162443220615387,0.053111009299755096,0.05278317630290985,0.05211513489484787,0.05263834074139595,0.052584290504455566,0.05120297148823738,0.04968399181962013,0.04923456907272339,0.04948575049638748,0.04997144266963005,0.05011047422885895,0.051548220217227936,0.056316688656806946,0.06315646320581436,0.06934983283281326,0.07089493423700333,0.07477929443120956,0.07008063793182373,0.06988950073719025,0.06914360821247101,0.052693527191877365
0.005161556880921125,0.006904773414134979,0.009385066106915474,0.01192352082580328,0.014891008846461773,0.017970463261008263,0.022518035024404526,0.03284963592886925,0.036841537803411484,0.033009763807058334,0.03387245908379555,0.03741015866398811,0.04186198487877846,0.044848762452602386,0.0459476038813591,0.04613534361124039,0.04599576070904732,0.04677926376461983,0.04853198304772377,0.04991897940635681,0.05042872950434685,0.05047032609581947,0.05025665462017059,0.04978630691766739,0.04927622154355049,0.04842177405953407,0.047171883285045624,0.04646312817931175,0.046413421630859375,0.04707149416208267,0.04799089953303337,0.04844346642494202,0.05011559650301933,0.05528866872191429,0.06246652454137802,0.0672699362039566,0.07310360670089722,0.0771036446094513,0.0739670991897583,0.06912636756896973,0.06069401651620865,0.04921560361981392
