dougfraga/big_17.json
{"header": {"parameterUnit": "m.s-1", "parameterNumber": 2, "dx": 0.016666000000000736, "dy": 0.016666000000000736, "parameterNumberName": "Eastward current", "la1": -22.891645999999998, "la2": -24.0416, "parameterCategory": 2, "lo2": -43.225054, "nx": 95, "ny": 70, "refTime": "2022-12-18 17:00:00", "lo1": -44.79166}, "data":
[rows 38 to 56 of 70, columns 42 to 83 of 95]
0.0938924178481102,0.09189824014902115,0.08875714987516403,0.07821999490261078,0.06608101725578308,0.062056638300418854,0.06196853145956993,0.0633011907339096,0.06610088795423508,0.06911931186914444,0.07071864604949951,0.07104521989822388,0.07130119949579239,0.07230816781520844,0.0756940096616745,0.07911143451929092,0.08242210000753403,0.08665551245212555,0.0896042212843895,0.09116485714912415,0.09180965274572372,0.09229150414466858,0.09260173887014389,0.09271175414323807,0.09201131761074066,0.09052092581987381,0.09507125616073608,0.10229858011007309,0.10989288985729218,0.11001389473676682,0.10375551134347916,0.10219913721084595,0.10074608027935028,0.09967811405658722,0.09917867928743362,0.09986881166696548,0.10132657736539841,0.10259348154067993,0.10626232624053955,0.11151716858148575,0.11325594037771225,0.11153066903352737
0.09082544595003128,0.08414564281702042,0.07641495019197464,0.06693534553050995,0.06200556829571724,0.0612344928085804,0.060954537242650986,0.06255050003528595,0.0646265521645546,0.06681764125823975,0.06803780049085617,0.06829629838466644,0.07049260288476944,0.07255402207374573,0.07394636422395706,0.07691945135593414,0.08084696531295776,0.08492277562618256,0.08795379847288132,0.08983028680086136,0.09099588543176651,0.09195326268672943,0.09299898892641068,0.09430307894945145,0.09628330171108246,0.10012487322092056,0.10616744309663773,0.11182207614183426,0.11445073783397675,0.11157973855733871,0.10949376225471497,0.10702617466449738,0.10128587484359741,0.0978694036602974,0.09567942470312119,0.09565280377864838,0.09596389532089233,0.09688494354486465,0.1009945422410965,0.10388147830963135,0.10345342755317688,0.10188139975070953
0.08029869198799133,0.0735577866435051,0.06904427707195282,0.06500796973705292,0.061357613652944565,0.06021616980433464,0.06030302122235298,0.06118938699364662,0.0622902475297451,0.06392408162355423,0.06646683812141418,0.06758687645196915,0.06779558956623077,0.06896266341209412,0.07101717591285706,0.07490179687738419,0.08002667129039764,0.0848192647099495,0.08836905658245087,0.09074859321117401,0.09232839941978455,0.09351366013288498,0.09514006972312927,0.09794432669878006,0.10167525708675385,0.10623836517333984,0.11096812039613724,0.11408505588769913,0.11554735153913498,0.1176982894539833,0.11512084305286407,0.10708766430616379,0.10003859549760818,0.09411483258008957,0.08999650180339813,0.08766176551580429,0.08560816198587418,0.08652634918689728,0.08955586701631546,0.08987496048212051,0.08893711119890213,0.0880882740020752
0.07699447125196457,0.07257036119699478,0.06809872388839722,0.06478321552276611,0.06133328005671501,0.058745402842760086,0.05794457718729973,0.05820247158408165,0.0594247430562973,0.0627175122499466,0.06492823362350464,0.06468221545219421,0.0649663433432579,0.06629417091608047,0.06948437541723251,0.07459051162004471,0.07994206249713898,0.08476237207651138,0.08914680033922195,0.09277355670928955,0.09467983990907669,0.09561856836080551,0.09792138636112213,0.10348039865493774,0.10772665590047836,0.11047569662332535,0.11503438651561737,0.11842000484466553,0.11897636204957962,0.11710626631975174,0.11258665472269058,0.10463662445545197,0.0951215997338295,0.08707644045352936,0.0822267085313797,0.07901889830827713,0.07702009379863739,0.07859767973423004,0.08034931868314743,0.08003821969032288,0.07942464202642441,0.07858486473560333
0.07674524933099747,0.07295503467321396,0.06910726428031921,0.06518369168043137,0.06067104637622833,0.057278506457805634,0.05645173043012619,0.057311128824949265,0.060342490673065186,0.062322426587343216,0.0622989684343338,0.06289490312337875,0.06415955722332001,0.06647494435310364,0.06982265412807465,0.07415716350078583,0.0791451707482338,0.08496058732271194,0.0904206708073616,0.09390901029109955,0.09754028171300888,0.10041411966085434,0.10206320136785507,0.10509930551052094,0.10878869891166687,0.11265811324119568,0.11625619232654572,0.1178760901093483,0.11659734696149826,0.11226847022771835,0.10486248880624771,0.09597557783126831,0.08833204209804535,0.08303942531347275,0.0792309045791626,0.07686926424503326,0.07608617842197418,0.07755773514509201,0.07820369303226471,0.07702720165252686,0.07622046768665314,0.07477553188800812
0.07372212409973145,0.0705561637878418,0.06694710999727249,0.0629851445555687,0.05917927995324135,0.05760430917143822,0.059746675193309784,0.061683088541030884,0.06191323697566986,0.062374647706747055,0.06279188394546509,0.0636998862028122,0.06553655862808228,0.06775551289319992,0.07011664658784866,0.07398222386837006,0.08021654188632965,0.08701086044311523,0.09173504263162613,0.09612593799829483,0.09872196614742279,0.09923625737428665,0.10116593539714813,0.10426362603902817,0.10785923153162003,0.11119802296161652,0.11307641863822937,0.11226364970207214,0.10834014415740967,0.10262936353683472,0.09554529935121536,0.08797003328800201,0.08351235091686249,0.08086570352315903,0.07852723449468613,0.0773199200630188,0.07635239511728287,0.07746270298957825,0.07815374433994293,0.07628504186868668,0.0744272843003273,0.07205411046743393
0.06960772722959518,0.0667218491435051,0.06321190297603607,0.060203757137060165,0.060066863894462585,0.060532718896865845,0.060943007469177246,0.0625782161951065,0.06360089778900146,0.06398332118988037,0.0644758865237236,0.065518319606781,0.06715697795152664,0.0683211013674736,0.06897271424531937,0.07298188656568527,0.08058628439903259,0.08728255331516266,0.09313563257455826,0.0962146520614624,0.09613446146249771,0.09675317257642746,0.09833502769470215,0.10098936408758163,0.10380049794912338,0.10533606261014938,0.10475177317857742,0.10166612267494202,0.0960555449128151,0.0901249572634697,0.08616765588521957,0.08347389101982117,0.0817701667547226,0.07988424599170685,0.07778669148683548,0.07708660513162613,0.07763321697711945,0.07848383486270905,0.07804041355848312,0.07594306766986847,0.07316818833351135,0.06978476047515869
0.06486181169748306,0.06224239617586136,0.060874875634908676,0.060118578374385834,0.05938196927309036,0.06033911928534508,0.06197994947433472,0.06356512010097504,0.06469255685806274,0.06540446728467941,0.06621722877025604,0.06738057732582092,0.06847073882818222,0.06751818209886551,0.06315349787473679,0.07307323068380356,0.08350937813520432,0.08636680245399475,0.09214965254068375,0.09234192222356796,0.0914061963558197,0.09080611169338226,0.09123042225837708,0.0916815921664238,0.09156172722578049,0.09069611877202988,0.0894339308142662,0.08793296664953232,0.08646568655967712,0.08480588346719742,0.08286406844854355,0.08188051730394363,0.08062342554330826,0.07873985916376114,0.07783493399620056,0.07828180491924286,0.07976241409778595,0.08042564988136292,0.07910425961017609,0.07608023285865784,0.07230761647224426,0.06798414885997772
0.061250168830156326,0.06125662848353386,0.061033330857753754,0.05973120033740997,0.059733930975198746,0.06077117472887039,0.06239854544401169,0.06395882368087769,0.06514768302440643,0.06627772003412247,0.06745540350675583,0.06858150660991669,0.06962323933839798,0.07195740193128586,0.0762159451842308,0.08096534013748169,0.08678480237722397,0.09029056131839752,0.08984066545963287,0.08721278607845306,0.08288124203681946,0.08037443459033966,0.08042799681425095,0.0814109742641449,0.08268526941537857,0.08410581201314926,0.08475656807422638,0.0841374471783638,0.0837526023387909,0.08294739574193954,0.08133145421743393,0.08049081265926361,0.07971256226301193,0.07881245017051697,0.07923626899719238,0.08096756786108017,0.082783542573452,0.08313380181789398,0.08074634522199631,0.07655948400497437,0.07198651134967804,0.06702640652656555
0.06295082718133926,0.06295746564865112,0.06141151115298271,0.06089884415268898,0.060252632945775986,0.059596601873636246,0.060240261256694794,0.061773817986249924,0.06346151232719421,0.06550411880016327,0.06743580847978592,0.0687185674905777,0.06979259848594666,0.0744381919503212,0.08099453896284103,0.08711014688014984,0.09023041278123856,0.0887649729847908,0.08548591285943985,0.08026842027902603,0.0756005048751831,0.07488929480314255,0.07734185457229614,0.0800023302435875,0.08216776698827744,0.0833970159292221,0.08350779116153717,0.08353627473115921,0.08330818265676498,0.0819253996014595,0.08032979816198349,0.07960942387580872,0.07944349199533463,0.08012481778860092,0.08219654113054276,0.08483334630727768,0.08615989983081818,0.08555541932582855,0.082767054438591,0.0771850124001503,0.07130800187587738,0.06624296307563782
0.06335998326539993,0.06264094263315201,0.06183270364999771,0.06130686402320862,0.06006520986557007,0.05844321846961975,0.05861986428499222,0.06068796664476395,0.0631202831864357,0.0656605139374733,0.06799120455980301,0.0693783164024353,0.06984780728816986,0.0734277218580246,0.0807725116610527,0.08499766141176224,0.08504869788885117,0.08334054797887802,0.07975202053785324,0.07550579309463501,0.07324031740427017,0.074445441365242,0.07792951911687851,0.08082093298435211,0.08229494094848633,0.0831800103187561,0.08286706358194351,0.08256914466619492,0.08227778226137161,0.08103831857442856,0.07997816801071167,0.0798381119966507,0.08066175878047943,0.08264591544866562,0.08527858555316925,0.08773297816514969,0.08937233686447144,0.08857507258653641,0.08366919308900833,0.07661758363246918,0.07058937102556229,0.0654628649353981
0.06255998462438583,0.06187525764107704,0.061006054282188416,0.06006290763616562,0.058589380234479904,0.057628750801086426,0.0587865449488163,0.06085440516471863,0.06259004771709442,0.06424950808286667,0.06547601521015167,0.06642197072505951,0.06792138516902924,0.0700400099158287,0.07540243119001389,0.0793968066573143,0.07885032147169113,0.0768379420042038,0.07390504330396652,0.07239881902933121,0.07285801321268082,0.07514992356300354,0.07829063385725021,0.08017823100090027,0.08107256889343262,0.0819481685757637,0.08225720375776291,0.08200042694807053,0.08129675686359406,0.08080946654081345,0.08058533817529678,0.08113794773817062,0.08251938223838806,0.08450835198163986,0.08736547827720642,0.09018035978078842,0.09143295884132385,0.08966559171676636,0.08396885544061661,0.07716581225395203,0.07178603857755661,0.06658071279525757
0.058925919234752655,0.058342885226011276,0.057355012744665146,0.056659433990716934,0.05653092637658119,0.05753840133547783,0.0593155175447464,0.06059769168496132,0.06134040281176567,0.06129972264170647,0.06095948815345764,0.06201022490859032,0.06652919203042984,0.07002808898687363,0.07184148579835892,0.07372473925352097,0.07296597957611084,0.07134579867124557,0.07073848694562912,0.0715034231543541,0.07339365035295486,0.07566565275192261,0.07753348350524902,0.07847634702920914,0.07877077162265778,0.08021847903728485,0.0816449224948883,0.08166704326868057,0.08161351084709167,0.08191359043121338,0.08198431879281998,0.08207009732723236,0.08277355879545212,0.08494884520769119,0.08829503506422043,0.09214168041944504,0.09329075366258621,0.08984661847352982,0.08537053316831589,0.08485247939825058,0.07990606129169464,0.06949291378259659
0.046127110719680786,0.047275856137275696,0.049012310802936554,0.05153880640864372,0.054265864193439484,0.05664104223251343,0.058458685874938965,0.06005819886922836,0.06362500786781311,0.06435590982437134,0.06235816702246666,0.0629548579454422,0.06474502384662628,0.06717915087938309,0.06918491423130035,0.0700208842754364,0.0698179379105568,0.06976957619190216,0.07043426483869553,0.07198794931173325,0.07401975989341736,0.07554193586111069,0.07566794008016586,0.07540977001190186,0.07669956982135773,0.07966126501560211,0.08164861798286438,0.08183952420949936,0.0819426104426384,0.08196675777435303,0.08176165819168091,0.08114267885684967,0.0814109817147255,0.08413800597190857,0.088507279753685,0.09271179884672165,0.09325161576271057,0.0904858335852623,0.09206145256757736,0.08992049098014832,0.0805121585726738,0.07139866054058075
0.040259528905153275,0.04135565459728241,0.04354915767908096,0.04702751711010933,0.05106218904256821,0.054825861006975174,0.058084070682525635,0.0649101585149765,0.06870076805353165,0.06512615829706192,0.06277395784854889,0.06349886208772659,0.0660819560289383,0.06864690780639648,0.06981819123029709,0.07005909085273743,0.07014722377061844,0.07043050974607468,0.07131949067115784,0.0727081224322319,0.07382533699274063,0.07423283159732819,0.07304514199495316,0.07260971516370773,0.07514604926109314,0.07887370139360428,0.08095458894968033,0.08104784786701202,0.0808495357632637,0.08057960122823715,0.08018225431442261,0.07941871881484985,0.07999100536108017,0.08366863429546356,0.08875413239002228,0.09281947463750839,0.09263674169778824,0.09488994628190994,0.0890149474143982,0.08980073779821396,0.08933418989181519,0.07221700251102448
0.038267090916633606,0.03985368087887764,0.0423114039003849,0.045781493186950684,0.050175826996564865,0.05373450741171837,0.0574895441532135,0.06731864809989929,0.07141899317502975,0.06592708081007004,0.06394404917955399,0.0655452162027359,0.06866373866796494,0.07054559886455536,0.07088278234004974,0.07076878845691681,0.070527084171772,0.07112736254930496,0.07239391654729843,0.07301127165555954,0.07262952625751495,0.07186352461576462,0.07133184373378754,0.07207456231117249,0.07505099475383759,0.07850360870361328,0.07978881895542145,0.07947845011949539,0.07886011153459549,0.0785064548254013,0.07819104939699173,0.07766904681921005,0.07882160693407059,0.0832708552479744,0.08885128051042557,0.09223200380802155,0.09719794988632202,0.09858334064483643,0.09225984662771225,0.08782334625720978,0.08171062916517258,0.07120853662490845
0.03897486627101898,0.043253909796476364,0.04719776287674904,0.05157793313264847,0.05818140134215355,0.060104697942733765,0.06228170916438103,0.0722663402557373,0.07378741353750229,0.06690604984760284,0.06615886837244034,0.06821012496948242,0.07062197476625443,0.07163354009389877,0.07129715383052826,0.07074371725320816,0.07059009373188019,0.07159294933080673,0.07312501966953278,0.07302914559841156,0.07256761938333511,0.07147461920976639,0.07072978466749191,0.0727657675743103,0.0757460966706276,0.07798200100660324,0.078215092420578,0.07738777995109558,0.07652934640645981,0.07626450806856155,0.07632077485322952,0.07622048258781433,0.07784134894609451,0.08280842751264572,0.08868975937366486,0.09039603173732758,0.09686904400587082,0.09931933879852295,0.08969274908304214,0.08215600997209549,0.07517964392900467,0.06753392517566681
0.03989347815513611,0.04214101657271385,0.04722290486097336,0.055455584079027176,0.0642935112118721,0.07163264602422714,0.07723989337682724,0.08041973412036896,0.07901186496019363,0.07343318313360214,0.07011454552412033,0.07053301483392715,0.07147446274757385,0.07177075743675232,0.07103046029806137,0.07023178786039352,0.07029952108860016,0.07177194207906723,0.07343753427267075,0.0741986632347107,0.07392165064811707,0.07212039083242416,0.07132188975811005,0.0735456719994545,0.07596026360988617,0.07664398849010468,0.07592363655567169,0.07467184215784073,0.07381965219974518,0.0738697424530983,0.07482434809207916,0.07563435286283493,0.07773862034082413,0.08278331160545349,0.08763181418180466,0.09309591352939606,0.09570644795894623,0.09200271964073181,0.08441764116287231,0.07576000690460205,0.0694517195224762,0.0653117448091507
0.03936506435275078,0.04176556318998337,0.047206904739141464,0.05648362636566162,0.06655171513557434,0.07529691606760025,0.08267106860876083,0.08588878810405731,0.08374281972646713,0.07770571112632751,0.0729600042104721,0.07220780104398727,0.07177256047725677,0.07100855559110641,0.07034215331077576,0.06937399506568909,0.07009623944759369,0.07324592769145966,0.07513758540153503,0.0753004252910614,0.07497425377368927,0.07372130453586578,0.07323309034109116,0.07390070706605911,0.074586421251297,0.07436899840831757,0.072995625436306,0.0715116560459137,0.07088731974363327,0.07165548205375671,0.07343129813671112,0.0756603330373764,0.07846872508525848,0.08272995799779892,0.08612172305583954,0.09178425371646881,0.09274790436029434,0.08699507266283035,0.0810474082827568,0.07377593964338303,0.06876778602600098,0.06734656542539597
