dougfraga/big_18.json
{"header": {"parameterUnit": "m.s-1", "parameterNumber": 2, "dx": 0.016666000000000736, "dy": 0.016666000000000736, "parameterNumberName": "Eastward current", "la1": -22.891645999999998, "la2": -24.0416, "parameterCategory": 2, "lo2": -43.225054, "nx": 95, "ny": 70, "refTime": "2022-12-18 18:00:00", "lo1": -44.79166}, "data":
[rows 38 to 56 of 70, columns 0 to 41 of 95]
0.08909358084201813,0.09072589129209518,0.09350074082612991,0.09504655748605728,0.09552562236785889,0.09578494727611542,0.09656047821044922,0.09587378799915314,0.09433716535568237,0.09401462227106094,0.0929313525557518,0.091107077896595,0.08941462635993958,0.0876721441745758,0.0862806886434555,0.08607903867959976,0.0866977721452713,0.0907575711607933,0.09375683218240738,0.09067478775978088,0.0871811956167221,0.08570095151662827,0.08026091754436493,0.07163930684328079,0.06811527162790298,0.06687524914741516,0.06500860303640366,0.06383100897073746,0.06330293416976929,0.06281717866659164,0.059658728539943695,0.05294419080018997,0.04460198059678078,0.04190145432949066,0.04442886635661125,0.05098529905080795,0.0631309226155281,0.07303842902183533,0.08145008236169815,0.08343327045440674,0.08461011201143265,0.08521264791488647
0.08511810004711151,0.0867084413766861,0.08982782065868378,0.09207568317651749,0.09320797026157379,0.0936880111694336,0.09204551577568054,0.08904086798429489,0.08732107281684875,0.08638332784175873,0.08541235327720642,0.08576168864965439,0.08704627305269241,0.08572357892990112,0.08236028999090195,0.08101286739110947,0.08208585530519485,0.0877859964966774,0.08946828544139862,0.0858350321650505,0.08147799223661423,0.07547231018543243,0.07070641964673996,0.06511200964450836,0.060779064893722534,0.0591595321893692,0.06425315141677856,0.0667024701833725,0.06398318707942963,0.06306124478578568,0.057722948491573334,0.049319878220558167,0.041531190276145935,0.04008264094591141,0.04930116608738899,0.060132946819067,0.07196594774723053,0.08677026629447937,0.09189709275960922,0.08714739978313446,0.08284051716327667,0.08162882924079895
0.08129658550024033,0.08263403922319412,0.08627897500991821,0.08988170325756073,0.09173128008842468,0.092072494328022,0.08847460895776749,0.0827246680855751,0.0792745053768158,0.07649146020412445,0.08037735521793365,0.08281387388706207,0.0822184681892395,0.08649642765522003,0.08160094171762466,0.07502833008766174,0.07625869661569595,0.08197883516550064,0.0820918008685112,0.07737031579017639,0.07186617702245712,0.06367795914411545,0.05728568509221077,0.05333391949534416,0.05321577191352844,0.055060602724552155,0.06329397857189178,0.06584849208593369,0.06738972663879395,0.06727594882249832,0.056530874222517014,0.04787314310669899,0.041697777807712555,0.04316644370555878,0.057650722563266754,0.07474108785390854,0.08600249141454697,0.09412167221307755,0.09383928030729294,0.08843342214822769,0.08209410309791565,0.07464329898357391
0.07488005608320236,0.07676689326763153,0.08200885355472565,0.08753851801156998,0.08996409922838211,0.09005875140428543,0.0856512188911438,0.0781000629067421,0.07396560162305832,0.07428331673145294,0.07452043890953064,0.07930228114128113,0.08657646179199219,0.08524827659130096,0.07793956249952316,0.07250550389289856,0.07209690660238266,0.07600289583206177,0.07470593601465225,0.06883211433887482,0.06116592884063721,0.04936383292078972,0.04278115555644035,0.045105934143066406,0.05131259188055992,0.05623951554298401,0.06652303040027618,0.0715680792927742,0.06954023241996765,0.06605950742959976,0.05951547250151634,0.051759690046310425,0.045109622180461884,0.04925161972641945,0.06705641001462936,0.0842176303267479,0.09373012185096741,0.09675843268632889,0.09381072223186493,0.08755684643983841,0.07805788516998291,0.07052254676818848
0.06989863514900208,0.07138794660568237,0.07682428508996964,0.08534036576747894,0.09067657589912415,0.08928659558296204,0.08352350443601608,0.0765940248966217,0.07216749340295792,0.0726068913936615,0.07640103250741959,0.08076466619968414,0.08373752981424332,0.08270849287509918,0.07732491940259933,0.07170483469963074,0.06928469240665436,0.07190906256437302,0.06916513293981552,0.061683375388383865,0.05230240151286125,0.03976191580295563,0.03635939955711365,0.041191939264535904,0.054891884326934814,0.067182257771492,0.0702473521232605,0.07285816967487335,0.07385857403278351,0.07005928456783295,0.06438426673412323,0.05668849125504494,0.0516972579061985,0.059262465685606,0.07615216076374054,0.09099464863538742,0.09521424025297165,0.09610030800104141,0.09299280494451523,0.08386564254760742,0.07692509144544601,0.07100292295217514
0.06706776469945908,0.06793532520532608,0.07238668203353882,0.08168225735425949,0.08872730284929276,0.08763821423053741,0.08550488948822021,0.07975505292415619,0.07177797704935074,0.07131345570087433,0.07509971410036087,0.07910895347595215,0.08075224608182907,0.07895004004240036,0.07454007863998413,0.06994644552469254,0.06784043461084366,0.07026069611310959,0.0659874752163887,0.05758943036198616,0.050083357840776443,0.04221233353018761,0.041175346821546555,0.04523651674389839,0.0571172796189785,0.06919796764850616,0.07428720593452454,0.07664655148983002,0.07614195346832275,0.07274509221315384,0.06954914331436157,0.06346940249204636,0.05933815613389015,0.06891797482967377,0.08365194499492645,0.09472081810235977,0.09736958146095276,0.09284894168376923,0.08666640520095825,0.08032393455505371,0.07386823743581772,0.06724745780229568
0.06535527855157852,0.06600707024335861,0.06861787289381027,0.07571505755186081,0.0848826989531517,0.08647926151752472,0.08585545420646667,0.08118332922458649,0.07156393676996231,0.0698782205581665,0.07343307882547379,0.07690785825252533,0.07927299290895462,0.07771234959363937,0.07351987063884735,0.07056142389774323,0.06827697902917862,0.06598600000143051,0.060682203620672226,0.0540873222053051,0.050267647951841354,0.05150778219103813,0.053050730377435684,0.05576439946889877,0.06364954262971878,0.07032383233308792,0.07341259717941284,0.0772230252623558,0.08073341846466064,0.07731404900550842,0.0713084489107132,0.06717915087938309,0.0672503411769867,0.07426179945468903,0.08365251868963242,0.09004998952150345,0.09062506258487701,0.08777330815792084,0.08191289007663727,0.07385814189910889,0.06745433807373047,0.0626945048570633
0.061854809522628784,0.06290143728256226,0.06598129868507385,0.07089707255363464,0.0777883306145668,0.08217063546180725,0.08522848039865494,0.081621915102005,0.07247360795736313,0.06924876570701599,0.0736672431230545,0.07695690542459488,0.07520854473114014,0.07369068264961243,0.07109468430280685,0.06777475774288177,0.06410453468561172,0.061063800007104874,0.05785360559821129,0.05531160533428192,0.05549337714910507,0.05936358496546745,0.061558399349451065,0.06325063109397888,0.06827105581760406,0.07250141352415085,0.07567047327756882,0.0782499760389328,0.07866477966308594,0.07595420628786087,0.07209072262048721,0.06979476660490036,0.07091785967350006,0.0748535543680191,0.07992812246084213,0.0847867950797081,0.08462676405906677,0.07938387989997864,0.07264392077922821,0.06548522412776947,0.060270652174949646,0.057065241038799286
0.06004389747977257,0.060505371540784836,0.062198568135499954,0.06567303091287613,0.07156922668218613,0.07757008820772171,0.08342768251895905,0.0812387466430664,0.07401581853628159,0.07141207158565521,0.07151547819375992,0.07249815762042999,0.0713752955198288,0.06941721588373184,0.06695142388343811,0.06311788409948349,0.05890510603785515,0.05664607137441635,0.05637671425938606,0.05780758708715439,0.06189056113362312,0.0647079348564148,0.06550753116607666,0.06735687702894211,0.07001165300607681,0.0728551596403122,0.07470019906759262,0.07576822489500046,0.07574497908353806,0.07414504140615463,0.07205897569656372,0.0717683881521225,0.0747498944401741,0.07644437253475189,0.07648619264364243,0.07676394283771515,0.07389375567436218,0.06787287443876266,0.06146886572241783,0.05651508644223213,0.05367963761091232,0.05229202285408974
0.058775339275598526,0.05873384326696396,0.05926647409796715,0.0612306073307991,0.06559788435697556,0.07272704690694809,0.0810745507478714,0.08143862336874008,0.07524417340755463,0.07053646445274353,0.06832987815141678,0.06820786744356155,0.06684201210737228,0.0644366517663002,0.06140608340501785,0.05769078806042671,0.05451125651597977,0.05352480709552765,0.05534755811095238,0.0598425529897213,0.06386149674654007,0.06603167951107025,0.06785479933023453,0.06870473921298981,0.06939425319433212,0.07112504541873932,0.07229653745889664,0.07219493389129639,0.0726323351264,0.07501401007175446,0.07545647770166397,0.07417305558919907,0.07416363805532455,0.07331477105617523,0.0715702474117279,0.06868024170398712,0.06388665735721588,0.05867186561226845,0.05504978820681572,0.05309675633907318,0.05193362757563591,0.05139410123229027
0.05775800347328186,0.05739383399486542,0.05687432363629341,0.057660333812236786,0.06113167852163315,0.06836031377315521,0.07698607444763184,0.08427603542804718,0.08053748309612274,0.06825099140405655,0.06294310092926025,0.06280982494354248,0.061358943581581116,0.05847517028450966,0.05575881898403168,0.05347748100757599,0.05201546475291252,0.05212431773543358,0.05442790687084198,0.05961202457547188,0.06299159675836563,0.06385944038629532,0.06556125730276108,0.06580761075019836,0.06541160494089127,0.06656593829393387,0.06911414861679077,0.06981481611728668,0.06960426270961761,0.07062329351902008,0.0704701766371727,0.069968082010746,0.06946853548288345,0.06773516535758972,0.06482688337564468,0.06085190176963806,0.05676612630486488,0.05366765335202217,0.05218803882598877,0.05212067812681198,0.05380059778690338,0.05445177108049393
0.058398786932229996,0.057034704834222794,0.05516932159662247,0.05529600754380226,0.060004934668540955,0.06715754419565201,0.07577775418758392,0.08398289233446121,0.08125566691160202,0.07288268208503723,0.06632685661315918,0.0597725473344326,0.054173603653907776,0.049375779926776886,0.049220457673072815,0.05131923034787178,0.05135594680905342,0.05176105722784996,0.05405222997069359,0.060178522020578384,0.06257663667201996,0.0607677586376667,0.06070777401328087,0.05977632477879524,0.05958150699734688,0.0623917430639267,0.064493827521801,0.0646563470363617,0.06529021263122559,0.06557658314704895,0.06486060470342636,0.06344254314899445,0.061509281396865845,0.059139471501111984,0.05661315470933914,0.05422045662999153,0.05216585099697113,0.051224883645772934,0.05316241458058357,0.054253943264484406,0.05355963110923767,0.053364742547273636
0.057112917304039,0.05558858811855316,0.053415823727846146,0.05337005481123924,0.05904321372509003,0.0671633929014206,0.07585517317056656,0.08529599010944366,0.08331231027841568,0.07478945702314377,0.06604021042585373,0.055474720895290375,0.048207588493824005,0.044983260333538055,0.04467896372079849,0.04892382025718689,0.05339805781841278,0.05370105803012848,0.05554625391960144,0.06239846348762512,0.0638386607170105,0.059651441872119904,0.058195773512125015,0.05747548118233681,0.05953875556588173,0.061215803027153015,0.061307795345783234,0.06209126114845276,0.06234677881002426,0.06198138743638992,0.06081993132829666,0.05895804613828659,0.05698932334780693,0.05498453974723816,0.053307823836803436,0.053580984473228455,0.05259008705615997,0.05054826661944389,0.050556864589452744,0.050550248473882675,0.049989622086286545,0.04940460994839668
0.05687500536441803,0.055315446108579636,0.05309963971376419,0.05301746726036072,0.05620509013533592,0.06471328437328339,0.07567793130874634,0.08596022427082062,0.08454790711402893,0.0751766785979271,0.06510821729898453,0.051738012582063675,0.04325804486870766,0.041669584810733795,0.04460584372282028,0.04846712574362755,0.05124879255890846,0.05165528133511543,0.05624696612358093,0.0670316144824028,0.06765945255756378,0.06083806976675987,0.059467215090990067,0.05913625657558441,0.059144504368305206,0.059982769191265106,0.0601135678589344,0.05994246527552605,0.059214260429143906,0.058337606489658356,0.05747361108660698,0.05696946382522583,0.05820170417428017,0.057340651750564575,0.054367780685424805,0.05252820625901222,0.04920568689703941,0.04463901370763779,0.04090743139386177,0.038519151508808136,0.03683314099907875,0.036169297993183136
0.05728086084127426,0.05593322589993477,0.05365566164255142,0.05325431376695633,0.05666988715529442,0.06319144368171692,0.07110078632831573,0.07880432158708572,0.08219338208436966,0.07358061522245407,0.058173440396785736,0.04670858755707741,0.04105363413691521,0.0407753586769104,0.04372295364737511,0.04807085543870926,0.052264127880334854,0.056509122252464294,0.061639465391635895,0.06585066765546799,0.06516772508621216,0.06319572776556015,0.06184421852231026,0.06019212678074837,0.05986824259161949,0.05964173004031181,0.05866874381899834,0.05726035311818123,0.05572673678398132,0.055162567645311356,0.05801336467266083,0.05959451571106911,0.058228977024555206,0.056793082505464554,0.05450155958533287,0.05050765722990036,0.043035753071308136,0.03539491817355156,0.0316472053527832,0.030529983341693878,0.02987399697303772,0.029528263956308365
0.057394277304410934,0.05635666102170944,0.05449138209223747,0.053804147988557816,0.055633075535297394,0.05925743281841278,0.0629330575466156,0.07413981109857559,0.07757514715194702,0.0664139911532402,0.05460071191191673,0.04378233104944229,0.039295047521591187,0.04021840915083885,0.04384414479136467,0.049118492752313614,0.054510343819856644,0.05877029150724411,0.06232421472668648,0.06471621990203857,0.06656695157289505,0.06567142903804779,0.06255099922418594,0.06102748587727547,0.06008273363113403,0.0587746724486351,0.05682450532913208,0.054204076528549194,0.05206938460469246,0.05461971461772919,0.05738164111971855,0.056955404579639435,0.0562857910990715,0.05474959313869476,0.05162210389971733,0.04522279277443886,0.0366041325032711,0.030555125325918198,0.028826385736465454,0.02858440764248371,0.027839982882142067,0.027192478999495506
0.057581204921007156,0.0565619096159935,0.054866425693035126,0.05425151810050011,0.055221077054739,0.05759841948747635,0.06078620254993439,0.06543920189142227,0.06818760931491852,0.0615202896296978,0.05017834156751633,0.04199902340769768,0.03917212039232254,0.041348595172166824,0.04528597369790077,0.05096724256873131,0.056979916989803314,0.06014440208673477,0.06387445330619812,0.06647177040576935,0.06580832600593567,0.06452061980962753,0.06231146678328514,0.060537189245224,0.05889592319726944,0.056478988379240036,0.053058456629514694,0.05238508805632591,0.05259052664041519,0.05174608156085014,0.051769886165857315,0.051503606140613556,0.05078431963920593,0.048506639897823334,0.04356078803539276,0.03687748312950134,0.031833577901124954,0.029416073113679886,0.028116688132286072,0.027165353298187256,0.026720497757196426,0.02699429541826248
0.057218413800001144,0.0564175546169281,0.054744966328144073,0.05408237501978874,0.05518779903650284,0.056773342192173004,0.05771191045641899,0.05758002772927284,0.05540178716182709,0.0501696802675724,0.0441448912024498,0.04049988090991974,0.040806081146001816,0.04446021094918251,0.04882092773914337,0.0537073127925396,0.05758856236934662,0.0616690032184124,0.06459826976060867,0.06452775746583939,0.06399258971214294,0.062456995248794556,0.06029447540640831,0.05790233984589577,0.05468766391277313,0.053592659533023834,0.05230602249503136,0.04806947335600853,0.044758979231119156,0.04239289462566376,0.040051981806755066,0.038228247314691544,0.037404946982860565,0.036441653966903687,0.03437682241201401,0.03200329840183258,0.030198780819773674,0.028833620250225067,0.027358591556549072,0.02706276625394821,0.029654009267687798,0.030109142884612083
0.05681794881820679,0.05603387951850891,0.05431869998574257,0.053453944623470306,0.05580243468284607,0.05644272267818451,0.05251388996839523,0.048494596034288406,0.04495244100689888,0.04142415523529053,0.039227500557899475,0.03963155299425125,0.043042659759521484,0.048154447227716446,0.05187593773007393,0.054436758160591125,0.059462856501340866,0.0625302717089653,0.06199640408158302,0.061815954744815826,0.06111002340912819,0.059460315853357315,0.05652380362153053,0.053361926227808,0.05325217545032501,0.05078956112265587,0.04409470036625862,0.03886023163795471,0.035703256726264954,0.03431715443730354,0.03369726240634918,0.033452942967414856,0.033521201461553574,0.03317456692457199,0.03218483179807663,0.03134767711162567,0.03014233149588108,0.02865106426179409,0.028107967227697372,0.030787557363510132,0.030827641487121582,0.027965353801846504
