dougfraga/big_15.json
{"header": {"parameterUnit": "m.s-1", "parameterNumber": 2, "dx": 0.016666000000000736, "dy": 0.016666000000000736, "parameterNumberName": "Eastward current", "la1": -22.891645999999998, "la2": -24.0416, "parameterCategory": 2, "lo2": -43.225054, "nx": 95, "ny": 70, "refTime": "2022-12-18 15:00:00", "lo1": -44.79166}, "data":
[rows 19 to 37 of 70, columns 0 to 41 of 95]
0.0,0.0,0.0,0.0,0.0,0.0028432155959308147,0.00806167908012867,0.005218463484197855,0.0,0.0,-0.00148746557533741,-0.0006376844830811024,0.0071687763556838036,0.011532021686434746,0.011118642054498196,0.01144343614578247,0.014185817912220955,0.015762148424983025,0.01466190442442894,0.014621848240494728,0.014743486419320107,0.015904752537608147,0.016396839171648026,0.016084859147667885,-0.0015840785345062613,-0.00950746051967144,0.0,0.0,0.01777135394513607,0.02028791792690754,-0.003124931361526251,-0.00564149534329772,0.0,0.0,-1.3842556324369445e-18,0.0,0.010287170298397541,0.024400562047958374,0.028814733028411865,0.03241044655442238,0.0308679211884737,0.028508754447102547
0.0,0.0,0.0,0.0,0.0,0.0015724156983196735,0.0015724156983196735,0.0,0.0,0.0,0.0,0.0025906828232109547,0.007778564468026161,0.011215274222195148,0.013086093589663506,0.012915285304188728,0.015156098641455173,0.017406756058335304,0.015977440401911736,0.01604444719851017,0.01701798103749752,0.018567794933915138,0.022288957610726357,0.022517023608088493,0.011912601068615913,0.0019604733679443598,0.0,0.0,0.012089252471923828,0.02100902609527111,0.018617361783981323,0.022647013887763023,0.02689148671925068,0.028232475742697716,0.031231041997671127,0.04120386019349098,0.042738836258649826,0.045576754957437515,0.05781950429081917,0.06614042073488235,0.057137005031108856,0.04534498602151871
0.0,0.0,0.0,0.0,0.0,0.0,0.0,0.0,0.0,0.0,0.0,0.000933955074287951,0.010241490788757801,0.017165537923574448,0.01789223402738571,0.020262595266103745,0.018765071406960487,0.01695006899535656,0.016915984451770782,0.018112188205122948,0.020269762724637985,0.023053359240293503,0.0302081611007452,0.04126065596938133,0.05484835058450699,0.06902194023132324,0.060622457414865494,0.056362397968769073,0.05841531231999397,0.043382685631513596,0.03723789379000664,0.04626739025115967,0.05219594016671181,0.04908014088869095,0.05168074369430542,0.05733151361346245,0.05849544331431389,0.06368643790483475,0.07067568600177765,0.0710584968328476,0.06961235404014587,0.06096809357404709
0.0,0.0,0.0,0.0,0.0,0.0,0.0,0.0,0.0,0.0,0.0,0.0,0.0,0.005752041004598141,0.01593720354139805,0.019701991230249405,0.017182379961013794,0.015953605994582176,0.018057888373732567,0.021680044010281563,0.027860648930072784,0.03737017884850502,0.052342738956213,0.06451137363910675,0.07141384482383728,0.07838056981563568,0.07936382293701172,0.07946152985095978,0.08065732568502426,0.07602152228355408,0.06736769527196884,0.06251150369644165,0.06228308007121086,0.06154663860797882,0.0619753859937191,0.06461337208747864,0.0675080195069313,0.07025615870952606,0.07096096873283386,0.07241185754537582,0.07096683233976364,0.0663430243730545
0.0,0.0,0.0,0.0,0.0,0.0,0.0,0.0,0.0,0.0,0.0,0.0,0.0,0.00769613916054368,0.01854577101767063,0.01845705881714821,0.01622631959617138,0.017293836921453476,0.02001691609621048,0.029489057138562202,0.04372919350862503,0.05413158982992172,0.06058134511113167,0.06866811215877533,0.07977034896612167,0.08242271095514297,0.07751914113759995,0.07868862897157669,0.0789889544248581,0.07531947642564774,0.07215318083763123,0.06950277090072632,0.0671989768743515,0.0660310834646225,0.06613197177648544,0.06739381700754166,0.06982389092445374,0.07176562398672104,0.07312652468681335,0.07556740939617157,0.07378893345594406,0.0756416767835617
0.0,0.0,0.0,0.0,0.0,0.0,0.0,0.0,0.0,0.0,0.0,0.0,0.0,0.0,0.0,0.0,0.01275463867932558,0.027411725372076035,0.027695009484887123,0.03352203965187073,0.04578375816345215,0.05776820704340935,0.07233734428882599,0.077878937125206,0.07783479243516922,0.07922468334436417,0.0780000239610672,0.07928968966007233,0.07865920662879944,0.0753992348909378,0.07427038997411728,0.07233680784702301,0.06978652626276016,0.06902941316366196,0.07034400850534439,0.073279969394207,0.07489839196205139,0.07538235187530518,0.07734633982181549,0.07887118309736252,0.07998412847518921,0.08191680163145065
0.0,0.0,0.0,0.0,0.0,0.0,0.0,0.0,0.0,0.0,0.0,0.0,0.0,0.0,0.0,0.013836289756000042,0.035957835614681244,0.04631733149290085,0.043521929532289505,0.04478222504258156,0.05913342535495758,0.07434623688459396,0.08021973818540573,0.07841631025075912,0.07816844433546066,0.07894515246152878,0.07936390489339828,0.0820278450846672,0.08126886188983917,0.0774855762720108,0.07699744403362274,0.07557296752929688,0.07409507036209106,0.07618328928947449,0.07734131067991257,0.07707175612449646,0.07837828993797302,0.07941742241382599,0.08094688504934311,0.08288385719060898,0.08450824022293091,0.08630124479532242
0.0,0.0,0.0,0.0,0.0,0.0,0.0,0.0,0.0,0.0,0.0,0.0,0.0,0.0,0.02100931853055954,0.03668517991900444,0.037818100303411484,0.058495793491601944,0.06875746697187424,0.06592349708080292,0.07140437513589859,0.07884564250707626,0.08216799795627594,0.0820138230919838,0.08074462413787842,0.08119041472673416,0.08545520156621933,0.08618124574422836,0.0837910994887352,0.0828663781285286,0.08168461173772812,0.0800764337182045,0.07957810908555984,0.08290889114141464,0.08299724757671356,0.0811697393655777,0.08202822506427765,0.08229933679103851,0.08296123147010803,0.08447708189487457,0.08610762655735016,0.0877382904291153
0.0,0.0,0.0,0.0,0.0,0.0,0.0,0.0,0.0,0.0,0.0,0.0,0.0,0.0,0.010136442258954048,0.031572744250297546,0.051717452704906464,0.07204543799161911,0.08097193390130997,0.07944431900978088,0.08193343132734299,0.08465259522199631,0.08559761941432953,0.08591140806674957,0.0890335962176323,0.0898464024066925,0.08930206298828125,0.09020611643791199,0.08950956910848618,0.08754303306341171,0.08556780964136124,0.08573836088180542,0.08497729897499084,0.08456101268529892,0.08482512831687927,0.08362229913473129,0.08288446813821793,0.082182377576828,0.08258204907178879,0.08474977314472198,0.0872226357460022,0.08965848386287689
0.0,0.0,0.0,0.0,0.0,0.013650383800268173,0.03117712214589119,0.043763238936662674,0.046944621950387955,0.020708123221993446,0.0,0.0,0.0,0.013125427067279816,0.04188380762934685,0.06240355223417282,0.07414823025465012,0.08616455644369125,0.09168226271867752,0.09283196926116943,0.0945633202791214,0.09447648376226425,0.0952116847038269,0.09555289149284363,0.09461551904678345,0.09494494646787643,0.09496656805276871,0.09329121559858322,0.09039951115846634,0.08955173939466476,0.08774255216121674,0.08481930941343307,0.08357861638069153,0.08376581966876984,0.08456093817949295,0.08440034836530685,0.0833820253610611,0.08300185948610306,0.08479185402393341,0.0889906957745552,0.09127289056777954,0.09248938411474228
0.0,0.0,0.0,0.0,0.01595078781247139,0.05427463725209236,0.07938028126955032,0.08095262944698334,0.0843694657087326,0.10169153660535812,0.1097472682595253,0.11979259550571442,0.12457051873207092,0.10244772583246231,0.09039171785116196,0.09167800098657608,0.09505584836006165,0.09886038303375244,0.10108033567667007,0.10223261266946793,0.10269326716661453,0.10412801057100296,0.10432076454162598,0.10132598131895065,0.0989825502038002,0.09817441552877426,0.09831880033016205,0.09295761585235596,0.08567454665899277,0.08243299275636673,0.08564351499080658,0.08600518852472305,0.08180484920740128,0.08289757370948792,0.08422324806451797,0.08423471450805664,0.08384660631418228,0.08570607006549835,0.08777573704719543,0.08933357149362564,0.0914854183793068,0.09377115964889526
0.12067501991987228,0.12166158854961395,0.13137081265449524,0.1431274116039276,0.1309075802564621,0.11557786911725998,0.11625711619853973,0.11509885638952255,0.11534466594457626,0.12090354412794113,0.12211567163467407,0.12113018333911896,0.11811873316764832,0.10940563678741455,0.10276250541210175,0.09965259581804276,0.09942355006933212,0.10014747083187103,0.09994204342365265,0.10406256467103958,0.10752396285533905,0.10667981207370758,0.10851233452558517,0.10502173006534576,0.10041079670190811,0.09803633391857147,0.09089834988117218,0.0840548723936081,0.0803607702255249,0.07976099848747253,0.08096173405647278,0.08204086869955063,0.08229512721300125,0.08319579064846039,0.08407081663608551,0.08404000848531723,0.08523662388324738,0.0865507572889328,0.08718816190958023,0.08883879333734512,0.09099698066711426,0.09370952844619751
0.13842883706092834,0.1353742778301239,0.13530059158802032,0.1391567885875702,0.13623319566249847,0.13342119753360748,0.13088640570640564,0.12663871049880981,0.126043438911438,0.1281159371137619,0.12751732766628265,0.12322603911161423,0.11811180412769318,0.11113257706165314,0.10562080889940262,0.10225948691368103,0.09969804435968399,0.09785524755716324,0.09677217155694962,0.10374557226896286,0.11033444106578827,0.10914793610572815,0.1107327789068222,0.10645244270563126,0.09888577461242676,0.09226003289222717,0.08360695093870163,0.0768166333436966,0.07289931923151016,0.07313495129346848,0.07745331525802612,0.08179691433906555,0.08261387795209885,0.08318056911230087,0.08409170061349869,0.08566860854625702,0.08593130111694336,0.08553991466760635,0.08648106455802917,0.08793836086988449,0.08962792158126831,0.09180113673210144
0.143467977643013,0.14165547490119934,0.1384611576795578,0.1376214325428009,0.13745823502540588,0.1362014263868332,0.13430245220661163,0.13325931131839752,0.13117070496082306,0.128446564078331,0.1270359307527542,0.12341989576816559,0.11799416691064835,0.1123926043510437,0.1077674925327301,0.10446254909038544,0.1012994796037674,0.09784520417451859,0.09371410310268402,0.10111147910356522,0.11087928712368011,0.11179334670305252,0.10844355076551437,0.10702032595872879,0.10098261386156082,0.08511628955602646,0.07672800123691559,0.07229239493608475,0.07042881101369858,0.07371722161769867,0.07765056192874908,0.08031056821346283,0.08104419708251953,0.08288601040840149,0.08638697862625122,0.08656392246484756,0.08496415615081787,0.08496660739183426,0.08584005385637283,0.08704482018947601,0.08836276084184647,0.09220559895038605
0.13234363496303558,0.13346198201179504,0.1347392201423645,0.13498304784297943,0.135656476020813,0.1365891546010971,0.13502901792526245,0.13234251737594604,0.1299552619457245,0.1273159384727478,0.12514781951904297,0.12241446226835251,0.11967694014310837,0.11460977047681808,0.10869177430868149,0.1054292842745781,0.10236164182424545,0.09927456080913544,0.09928879886865616,0.10017596930265427,0.10747084021568298,0.11555644869804382,0.11040448397397995,0.10630549490451813,0.10213706642389297,0.08683229237794876,0.0756545439362526,0.07221080362796783,0.07146721333265305,0.07463307678699493,0.07794523984193802,0.08020907640457153,0.08199257403612137,0.0839393362402916,0.08535873144865036,0.08521997183561325,0.08440081030130386,0.08423645049333572,0.08456680178642273,0.08590132743120193,0.08739229291677475,0.09701389074325562
0.12676721811294556,0.12760451436042786,0.13011623919010162,0.13238991796970367,0.13253188133239746,0.13231156766414642,0.13175740838050842,0.12946738302707672,0.12736330926418304,0.1259198784828186,0.12423708289861679,0.1229189857840538,0.11941174417734146,0.11379656940698624,0.10955149680376053,0.10666988044977188,0.10436910390853882,0.10302077233791351,0.10297071188688278,0.1083112582564354,0.1148337721824646,0.11564388126134872,0.1124047338962555,0.1079760417342186,0.10363670438528061,0.08959165960550308,0.07779940217733383,0.07560821622610092,0.07455481588840485,0.07633223384618759,0.07829897850751877,0.08005788177251816,0.08154701441526413,0.08261700719594955,0.08292530477046967,0.08304979652166367,0.08365707099437714,0.08412651717662811,0.08624516427516937,0.08901507407426834,0.0928485319018364,0.10036134719848633
0.12128924578428268,0.12253621965646744,0.12450990080833435,0.12675845623016357,0.12860974669456482,0.12877210974693298,0.127752885222435,0.1255512684583664,0.12396644055843353,0.12410053610801697,0.12474127113819122,0.12217056751251221,0.11725020408630371,0.11347340047359467,0.11055063456296921,0.10823633521795273,0.10662432014942169,0.1069302186369896,0.10899921506643295,0.11109893023967743,0.11224672198295593,0.11106538027524948,0.10800992697477341,0.1045675277709961,0.09848494827747345,0.08869285881519318,0.08310049027204514,0.08087629824876785,0.07883283495903015,0.07905160635709763,0.07949923723936081,0.08029644191265106,0.08089566975831985,0.08081107586622238,0.08015498518943787,0.08016912639141083,0.08313558995723724,0.08721447736024857,0.0898490697145462,0.09061171114444733,0.09918820858001709,0.10713444650173187
0.11569183319807053,0.11725986748933792,0.12047091126441956,0.1236044391989708,0.12502096593379974,0.1248556450009346,0.12368995696306229,0.12177073955535889,0.12178652733564377,0.12401655316352844,0.12304867804050446,0.11921586096286774,0.11612685769796371,0.1131482943892479,0.11084699630737305,0.10914497077465057,0.10856211930513382,0.10906031727790833,0.10968635231256485,0.11011127382516861,0.11017289012670517,0.1087626963853836,0.10517073422670364,0.10055200755596161,0.09602522104978561,0.09274463355541229,0.08892088383436203,0.08557026088237762,0.0843791738152504,0.08345591276884079,0.08247202634811401,0.080931656062603,0.07885028421878815,0.07659461349248886,0.07573859393596649,0.07944703102111816,0.08483205735683441,0.08987601101398468,0.09484448283910751,0.09801146388053894,0.10250895470380783,0.10865747183561325
0.113505519926548,0.1149725690484047,0.11766773462295532,0.11974573880434036,0.1211526021361351,0.12133008986711502,0.12035968154668808,0.12036757916212082,0.12033957988023758,0.11951971799135208,0.11839299649000168,0.116649329662323,0.11449886858463287,0.11243774741888046,0.11124946922063828,0.11028099805116653,0.1095198541879654,0.110142782330513,0.11405442655086517,0.11395581066608429,0.1110636293888092,0.10982631891965866,0.10578104108572006,0.10080404579639435,0.09675382077693939,0.09461932629346848,0.09314534813165665,0.09125611186027527,0.08976820111274719,0.08813566714525223,0.08551285415887833,0.08227019757032394,0.07666874676942825,0.07234324514865875,0.07328156381845474,0.07827279716730118,0.0858442634344101,0.09620978683233261,0.10317980498075485,0.104344941675663,0.10581301152706146,0.10786067694425583
