dougfraga/big_16.json
{"header": {"parameterUnit": "m.s-1", "parameterNumber": 2, "dx": 0.016666000000000736, "dy": 0.016666000000000736, "parameterNumberName": "Eastward current", "la1": -22.891645999999998, "la2": -24.0416, "parameterCategory": 2, "lo2": -43.225054, "nx": 95, "ny": 70, "refTime": "2022-12-18 16:00:00", "lo1": -44.79166}, "data":
[rows 19 to 37 of 70, columns 42 to 83 of 95]
0.03712157905101776,0.046209320425987244,0.05056019499897957,0.058009229600429535,0.061065077781677246,0.06554082036018372,0.06594821810722351,0.06369836628437042,0.06551644951105118,0.06785564124584198,0.06893928349018097,0.06704831123352051,0.0640883669257164,0.06459517031908035,0.06270632892847061,0.060417525470256805,0.06159503012895584,0.06281322240829468,0.06395537406206131,0.06370918452739716,0.06216786056756973,0.06021711975336075,0.05935359746217728,0.05910820513963699,0.05908217281103134,0.059346891939640045,0.0598001591861248,0.06023534759879112,0.06105456501245499,0.06275347620248795,0.06524965912103653,0.06994255632162094,0.07267731428146362,0.07399094849824905,0.07787036150693893,0.0814599022269249,0.08459217101335526,0.08773408830165863,0.09077689796686172,0.09367664158344269,0.09677241742610931,0.10044525563716888
0.04907238483428955,0.05600681155920029,0.06352811306715012,0.0650913417339325,0.06240740045905113,0.06505022943019867,0.06752459704875946,0.06780635565519333,0.06800002604722977,0.06804320216178894,0.0684836134314537,0.07057338207960129,0.06785155087709427,0.06381157040596008,0.06390555202960968,0.06371454894542694,0.0634763166308403,0.06356340646743774,0.0637977197766304,0.06364165246486664,0.06315107643604279,0.06252095848321915,0.061682816594839096,0.06123631075024605,0.061448194086551666,0.062191903591156006,0.06478313356637955,0.06579545140266418,0.06589305400848389,0.06868680566549301,0.07212965935468674,0.07568779587745667,0.07790466398000717,0.07927223294973373,0.08142300695180893,0.08386530727148056,0.08635150641202927,0.08891220390796661,0.09156828373670578,0.09430070221424103,0.09743916243314743,0.10118468105792999
0.05412425845861435,0.059723593294620514,0.06477077305316925,0.0673532783985138,0.06843505054712296,0.06995823979377747,0.07124277204275131,0.07270369678735733,0.07554540783166885,0.07357068359851837,0.0690402090549469,0.06845606118440628,0.06699012219905853,0.06522008776664734,0.06493211537599564,0.06459365040063858,0.06423277407884598,0.06472145766019821,0.06563020497560501,0.06679315865039825,0.06849447637796402,0.07100541889667511,0.07023023813962936,0.06812848150730133,0.06883618235588074,0.06981256604194641,0.07072893530130386,0.0713564082980156,0.0722237303853035,0.07399418950080872,0.07611498236656189,0.07826565951108932,0.07989762723445892,0.08092106878757477,0.08215145021677017,0.08404268324375153,0.0863007977604866,0.08881013095378876,0.09143393486738205,0.09420208632946014,0.09768369048833847,0.10244407504796982
0.06377904862165451,0.06654181331396103,0.07025443762540817,0.07364170998334885,0.07873107492923737,0.08068298548460007,0.07984623312950134,0.08024903386831284,0.07893297076225281,0.07548833638429642,0.07172907143831253,0.06976239383220673,0.06863667070865631,0.0677279606461525,0.06711028516292572,0.06660681962966919,0.06672515720129013,0.06814349442720413,0.07154092192649841,0.07323140650987625,0.07286898046731949,0.07277099043130875,0.07182693481445312,0.07140988111495972,0.07182880491018295,0.07255223393440247,0.07315026968717575,0.07354803383350372,0.0745505765080452,0.07592888176441193,0.07721550017595291,0.07860194891691208,0.08012539893388748,0.08146007359027863,0.08212755620479584,0.08318834006786346,0.08555437624454498,0.08891649544239044,0.09257945418357849,0.09680881351232529,0.10351012647151947,0.10848838090896606
0.07683954387903214,0.07614880055189133,0.07935698330402374,0.08181270211935043,0.08464502543210983,0.08717693388462067,0.08758380264043808,0.086146280169487,0.08339168131351471,0.0796823650598526,0.07625148445367813,0.0738440752029419,0.07240135222673416,0.07168784737586975,0.07121206074953079,0.07110346853733063,0.07185650616884232,0.07491978257894516,0.07620875537395477,0.07487821578979492,0.07430887222290039,0.07357276231050491,0.07274343818426132,0.07234279811382294,0.07253607362508774,0.07301454246044159,0.0733659565448761,0.07371684163808823,0.07475119829177856,0.07605119794607162,0.07710129767656326,0.0781465694308281,0.07991281151771545,0.08129332959651947,0.08216339349746704,0.08505268394947052,0.09097752720117569,0.09513247758150101,0.09774695336818695,0.10243987292051315,0.10729512572288513,0.11125078052282333
0.08166348189115524,0.08315864950418472,0.08595862239599228,0.08836439251899719,0.09011947363615036,0.09101931750774384,0.09023799747228622,0.08864396810531616,0.08652479946613312,0.08447777479887009,0.0838419646024704,0.08165078610181808,0.07888399064540863,0.07815907895565033,0.07746101170778275,0.07712581008672714,0.07699286937713623,0.07705119997262955,0.07693195343017578,0.07579559087753296,0.07463188469409943,0.07360930740833282,0.07289231568574905,0.07251626253128052,0.07219762355089188,0.07234803587198257,0.07266905158758163,0.0732063427567482,0.07416282594203949,0.07536927610635757,0.0764177069067955,0.07753383368253708,0.07957348227500916,0.08317885547876358,0.08564663678407669,0.08790021389722824,0.09259973466396332,0.09696859866380692,0.10092044621706009,0.10534733533859253,0.10949650406837463,0.11318499594926834
0.0851011574268341,0.0864625796675682,0.08840157091617584,0.09000328928232193,0.09128472954034805,0.09155428409576416,0.0911877304315567,0.09160295873880386,0.08976041525602341,0.08696682006120682,0.08578870445489883,0.08420629054307938,0.08246474713087082,0.080923892557621,0.07938909530639648,0.07845880091190338,0.0779191181063652,0.07723420113325119,0.07653185725212097,0.07554019242525101,0.0744633674621582,0.07339145243167877,0.07245616614818573,0.07178471982479095,0.07127097249031067,0.0712449848651886,0.07188244163990021,0.0727420374751091,0.07388695329427719,0.07531687617301941,0.07682862132787704,0.07843808084726334,0.08060889691114426,0.08420106023550034,0.09076115489006042,0.09378625452518463,0.0948060005903244,0.09891628473997116,0.10274335741996765,0.10649335384368896,0.1097293570637703,0.11331706494092941
0.0863923579454422,0.08825957775115967,0.09028593450784683,0.09236276894807816,0.09514275193214417,0.09503932297229767,0.09347088634967804,0.09291441738605499,0.0906904861330986,0.08872517943382263,0.08734676241874695,0.0856127068400383,0.08354246616363525,0.08161038905382156,0.07985956221818924,0.07879631966352463,0.07866395264863968,0.07811523228883743,0.0771608054637909,0.07606635242700577,0.07521424442529678,0.07337721437215805,0.07169390469789505,0.07126948237419128,0.07089144736528397,0.071233369410038,0.0726323127746582,0.07488151639699936,0.07734611630439758,0.07969292253255844,0.08206480741500854,0.08449924737215042,0.08825778216123581,0.09571240097284317,0.09717144072055817,0.09495353698730469,0.09749746322631836,0.10010689496994019,0.10359197109937668,0.10846512019634247,0.11552181839942932,0.12004996836185455
0.08931208401918411,0.09330753237009048,0.09514891356229782,0.09594941139221191,0.09759944677352905,0.09729111194610596,0.09617269784212112,0.09503086656332016,0.09317778795957565,0.09150674194097519,0.08954232186079025,0.08655344694852829,0.08448798209428787,0.08315528929233551,0.08112578839063644,0.07899574190378189,0.07879354804754257,0.07893408089876175,0.07767769694328308,0.07635562121868134,0.07518099993467331,0.07386774569749832,0.07263747602701187,0.07202418148517609,0.07250776141881943,0.0744531899690628,0.07789918035268784,0.0843021348118782,0.08774279803037643,0.0887325257062912,0.09171783179044724,0.0935470461845398,0.0959971696138382,0.09891138225793839,0.09904000163078308,0.09897233545780182,0.10344605147838593,0.10713372379541397,0.10894855856895447,0.11228232830762863,0.11580926179885864,0.1197841614484787
0.09225273877382278,0.09534475207328796,0.09797054529190063,0.09990402311086655,0.10084717720746994,0.10045614093542099,0.09882520884275436,0.09711440652608871,0.09528005868196487,0.09342196583747864,0.09113304316997528,0.08800201863050461,0.08575258404016495,0.08386944234371185,0.08180513232946396,0.0798063725233078,0.07866944372653961,0.07814634591341019,0.07800637185573578,0.07783827930688858,0.07746271789073944,0.07843133062124252,0.07771924138069153,0.07482616603374481,0.07715994864702225,0.08426527678966522,0.08734859526157379,0.0888395681977272,0.09249817579984665,0.0952504426240921,0.0966830849647522,0.09792133420705795,0.09942261874675751,0.10136521607637405,0.10506774485111237,0.10685016214847565,0.10738196969032288,0.1095702275633812,0.1117945984005928,0.11420787870883942,0.11646278202533722,0.11957492679357529
0.09365596622228622,0.09736695885658264,0.10094349086284637,0.1034645289182663,0.10405761748552322,0.10329289734363556,0.10169718414545059,0.09946433454751968,0.09687159210443497,0.09462103247642517,0.09210536628961563,0.08898787200450897,0.08620719611644745,0.0839305892586708,0.08218725770711899,0.08047810196876526,0.07957140356302261,0.07998283952474594,0.08045073598623276,0.08100620657205582,0.08300456404685974,0.08271931111812592,0.08106286078691483,0.08164545148611069,0.08328750729560852,0.08709701895713806,0.09137345850467682,0.09401831030845642,0.09602627158164978,0.09739577025175095,0.09926912933588028,0.10374559462070465,0.10566400736570358,0.10598213970661163,0.1081337034702301,0.10948620736598969,0.11052262783050537,0.11151169240474701,0.11233692616224289,0.1133083701133728,0.11543092131614685,0.11952527612447739
0.09458696097135544,0.09947824478149414,0.1036558672785759,0.10634863376617432,0.1069294884800911,0.10562554746866226,0.1035044714808464,0.1005425900220871,0.09718704968690872,0.09476042538881302,0.0926857441663742,0.08961553871631622,0.08623851835727692,0.08385587483644485,0.0822141245007515,0.08138464391231537,0.08212713897228241,0.08494225889444351,0.08505171537399292,0.08340369164943695,0.08343934267759323,0.08320323377847672,0.0835670679807663,0.08492914587259293,0.08681938052177429,0.08990711718797684,0.09367620944976807,0.09681683033704758,0.10183729231357574,0.10423325002193451,0.10387594252824783,0.1056734099984169,0.10726805776357651,0.10872771590948105,0.11038421839475632,0.11111751198768616,0.11102303117513657,0.11209917068481445,0.11572059988975525,0.11718948930501938,0.11685942113399506,0.11847130954265594
0.09434191882610321,0.10181569308042526,0.1060224175453186,0.10809978097677231,0.10816336423158646,0.10606344044208527,0.10305140167474747,0.09948467463254929,0.0965367779135704,0.09594625234603882,0.09700502455234528,0.09372344613075256,0.08851753920316696,0.08643700182437897,0.08534352481365204,0.08486852049827576,0.0850258320569992,0.08529297262430191,0.08489540964365005,0.08399799466133118,0.08343568444252014,0.08344918489456177,0.08464371412992477,0.08692724257707596,0.08889874070882797,0.0920558050274849,0.09857339411973953,0.10293866693973541,0.1044231727719307,0.10579278320074081,0.10625384002923965,0.10745736956596375,0.10887228697538376,0.11001715809106827,0.11180535703897476,0.11516594141721725,0.11613599956035614,0.1154242530465126,0.11660931259393692,0.11714521050453186,0.11808016151189804,0.12141391634941101
0.09577136486768723,0.10160570591688156,0.10538419336080551,0.11036331206560135,0.10959625244140625,0.10397934913635254,0.10237503796815872,0.1001550480723381,0.09691047668457031,0.09528131783008575,0.09389445930719376,0.09187813103199005,0.0902513861656189,0.08904681354761124,0.08790667355060577,0.08701089024543762,0.0861990824341774,0.08527195453643799,0.08433224260807037,0.08349993824958801,0.0832451805472374,0.08399099856615067,0.08647596091032028,0.0913221463561058,0.09420527517795563,0.09650973230600357,0.10131090879440308,0.1049870178103447,0.10669487714767456,0.10680060088634491,0.107066810131073,0.11031167954206467,0.11249596625566483,0.11326751857995987,0.11534173041582108,0.11668045818805695,0.11693748086690903,0.11650047451257706,0.11626837402582169,0.11591275036334991,0.11725524067878723,0.12310679256916046
0.10315912216901779,0.10522034764289856,0.10758654028177261,0.10980118066072464,0.10732270777225494,0.10181256383657455,0.09993069618940353,0.09745197743177414,0.09511218965053558,0.09304620325565338,0.09140041470527649,0.0905282124876976,0.09025450050830841,0.08988787978887558,0.0893082544207573,0.08843943476676941,0.08688785135746002,0.08480986207723618,0.0834534615278244,0.084050253033638,0.08782348036766052,0.08988041430711746,0.09008977562189102,0.09245709329843521,0.09510991722345352,0.09856100380420685,0.10228093713521957,0.10485788434743881,0.10591670870780945,0.10762862116098404,0.10895279049873352,0.10983097553253174,0.11171838641166687,0.11318385601043701,0.11432640999555588,0.11472174525260925,0.11445597559213638,0.11398778110742569,0.113885298371315,0.11447657644748688,0.11811448633670807,0.12269335240125656
0.1040874794125557,0.10719667375087738,0.10732421278953552,0.10736176371574402,0.10254842787981033,0.09636137634515762,0.09447318315505981,0.09206993132829666,0.09056662768125534,0.08874955028295517,0.08748935908079147,0.08728309720754623,0.0876995325088501,0.08824905008077621,0.08856302499771118,0.08907346427440643,0.09027040004730225,0.08844167739152908,0.08639100939035416,0.0879642441868782,0.08957504481077194,0.09073424339294434,0.09194989502429962,0.09332511574029922,0.09516853839159012,0.0982295423746109,0.10128875076770782,0.10278487950563431,0.10526905208826065,0.10704564303159714,0.1071036085486412,0.10844497382640839,0.10966277867555618,0.11051385849714279,0.11104188859462738,0.11086740344762802,0.11067470908164978,0.11093214154243469,0.11189179867506027,0.1140146255493164,0.11783517897129059,0.12061828374862671
0.1051417887210846,0.10685482621192932,0.10474967956542969,0.10266102105379105,0.09587174654006958,0.08851154893636703,0.08687496185302734,0.0845608189702034,0.08364032208919525,0.08306527137756348,0.08409500122070312,0.08486883342266083,0.0849689394235611,0.0857628583908081,0.08582321554422379,0.08572938293218613,0.08592167496681213,0.08631612360477448,0.08762706071138382,0.08946513384580612,0.09045413136482239,0.09093976765871048,0.09180139750242233,0.09303662925958633,0.09471660852432251,0.0968247801065445,0.09910033643245697,0.1026039570569992,0.10517575591802597,0.10570167005062103,0.10603773593902588,0.10623292624950409,0.10621991753578186,0.10631968080997467,0.10723304748535156,0.10848654061555862,0.1096770390868187,0.11089865863323212,0.11270551383495331,0.11507710814476013,0.11796998977661133,0.12374705076217651
0.10786822438240051,0.10448471456766129,0.1029946357011795,0.09713160991668701,0.08768357336521149,0.08073685318231583,0.0766526460647583,0.07633339613676071,0.07919063419103622,0.08098267763853073,0.08060915023088455,0.08101814985275269,0.08161447942256927,0.08216279745101929,0.08221565186977386,0.08264506608247757,0.08459668606519699,0.08674471825361252,0.08903971314430237,0.0929434671998024,0.09427345544099808,0.0936017706990242,0.0942646786570549,0.09439700096845627,0.09355921298265457,0.0952913761138916,0.09965517371892929,0.10565967857837677,0.10841673612594604,0.10633935779333115,0.10409225523471832,0.10205073654651642,0.10386358201503754,0.10624328255653381,0.10713349282741547,0.10899044573307037,0.11080028116703033,0.11182647198438644,0.11103906482458115,0.11448997259140015,0.12414219230413437,0.12723365426063538
0.10889071226119995,0.10617437213659286,0.09923306107521057,0.09238507598638535,0.0862545520067215,0.07733272016048431,0.07137900590896606,0.07300101965665817,0.07540427148342133,0.07803155481815338,0.07939169555902481,0.0799894779920578,0.08048960566520691,0.08095669746398926,0.08152224123477936,0.083037830889225,0.08773292601108551,0.09204825758934021,0.09427356719970703,0.09617537260055542,0.09670604020357132,0.09687231481075287,0.09705577790737152,0.09707482904195786,0.09714508801698685,0.09875428676605225,0.10300858318805695,0.10819977521896362,0.11035631597042084,0.1080954372882843,0.10352282226085663,0.1032046303153038,0.10541369765996933,0.10567250102758408,0.10671506822109222,0.10847517848014832,0.11007016897201538,0.11145633459091187,0.1142849400639534,0.1196918934583664,0.12359211593866348,0.12257236987352371
