dougfraga/big_4.json
{"header": {"parameterUnit": "m.s-1", "parameterNumber": 3, "dx": 0.016666000000000736, "dy": 0.016666000000000736, "parameterNumberName": "Northward current", "la1": -22.891645999999998, "la2": -24.0416, "parameterCategory": 2, "lo2": -43.225054, "nx": 95, "ny": 70, "refTime": "2022-12-18 04:00:00", "lo1": -44.79166}, "data":
[rows 36 to 53 of 70, columns 0 to 40 of 95]
-0.00978013314306736,-0.00978013314306736,-0.00960820447653532,-0.009501217864453793,-0.008527124300599098,-0.0076664770022034645,-0.007106970064342022,-0.00774821313098073,-0.011380687355995178,-0.014490291476249695,-0.01561976969242096,-0.014490618370473385,-0.015361283905804157,-0.016117624938488007,-0.016857417300343513,-0.01751580648124218,-0.017921004444360733,-0.017704946920275688,-0.01797863282263279,-0.02042541094124317,-0.019287627190351486,-0.01905951090157032,-0.01948702707886696,-0.018726248294115067,-0.015211034566164017,-0.011638960801064968,-0.01129026897251606,-0.010020722635090351,-0.011279039084911346,-0.013986016623675823,-0.01809454709291458,-0.021368516609072685,-0.023429516702890396,-0.021991148591041565,-0.017433099448680878,-0.009888099506497383,-0.00340487202629447,0.0019812711980193853,-0.0011380326468497515,-0.005360324401408434,-0.008133106864988804
-0.006107786670327187,-0.006107786670327187,-0.006478351075202227,-0.0067680818028748035,-0.0063523100689053535,-0.00632954016327858,-0.007279136683791876,-0.011079506948590279,-0.015379915945231915,-0.018173785880208015,-0.017090268433094025,-0.016538262367248535,-0.016104931011795998,-0.01620914787054062,-0.016771875321865082,-0.016998739913105965,-0.01717851683497429,-0.015866532921791077,-0.018301373347640038,-0.019968394190073013,-0.020172540098428726,-0.020317215472459793,-0.02293720468878746,-0.022637370973825455,-0.01983138546347618,-0.01619073376059532,-0.010742456652224064,-0.009206896647810936,-0.009979784488677979,-0.01334674283862114,-0.01942530646920204,-0.024034904316067696,-0.025221548974514008,-0.02264108695089817,-0.019044095650315285,-0.010503404773771763,-0.00128003244753927,0.0017221071757376194,0.001455191639252007,-0.004635168239474297,-0.002703488804399967
-0.002873824443668127,-0.002873824443668127,-0.002725218655541539,-0.0029546120204031467,-0.003714195918291807,-0.005479293409734964,-0.00937605556100607,-0.014034884981811047,-0.017823779955506325,-0.020563188940286636,-0.01943572610616684,-0.01715742237865925,-0.014948826283216476,-0.015240511856973171,-0.01618383638560772,-0.01563115231692791,-0.014322582632303238,-0.012771505862474442,-0.01600625552237034,-0.01498919352889061,-0.01797482557594776,-0.018490219488739967,-0.019893189892172813,-0.021913059055805206,-0.021737217903137207,-0.016826091334223747,-0.00775135075673461,-0.007567375898361206,-0.007285707164555788,-0.010888797231018543,-0.018603187054395676,-0.02531060017645359,-0.027227068319916725,-0.024511901661753654,-0.018859192728996277,-0.013812405057251453,-0.00600340636447072,-0.004030650947242975,-0.0038788383826613426,-0.0031173541210591793,0.001722155837342143
-0.0001951174344867468,-0.0001951174344867468,0.0005573442904278636,0.0006302192341536283,-0.0006194650777615607,-0.0039061519782990217,-0.009602317586541176,-0.014623529277741909,-0.020514389500021935,-0.02386900968849659,-0.01997864805161953,-0.018747804686427116,-0.013187380507588387,-0.011046115309000015,-0.014412693679332733,-0.013180091977119446,-0.010578799061477184,-0.008306227624416351,-0.008539527654647827,-0.0089817363768816,-0.014147115871310234,-0.017365066334605217,-0.01828390173614025,-0.021102175116539,-0.023035190999507904,-0.017886469140648842,-0.007409088779240847,-0.004531643353402615,-0.00014898015069775283,-0.0066937413066625595,-0.014140850864350796,-0.0233596321195364,-0.029442474246025085,-0.028566716238856316,-0.021317342296242714,-0.019006196409463882,-0.015057834796607494,-0.008684924803674221,-0.0038622603751719,0.004979752004146576,0.007993930019438267
0.0009528179070912302,0.0009528179070912302,0.0020852088928222656,0.0025911147240549326,0.0014632734237238765,-0.0010801359312608838,-0.006074175704270601,-0.012985951267182827,-0.020778469741344452,-0.02668636292219162,-0.02723083272576332,-0.020240290090441704,-0.016009563580155373,-0.012168500572443008,-0.010436700657010078,-0.009535457007586956,-0.0072634099051356316,-0.0040537044405937195,-0.002145962091162801,-0.0027800898533314466,-0.00683668302372098,-0.012515967711806297,-0.015780575573444366,-0.01794561743736267,-0.020897487178444862,-0.01901044324040413,-0.011385674588382244,-0.004495732020586729,0.00015686116239521652,-0.0015433389926329255,-0.007587801199406385,-0.020995287224650383,-0.029645921662449837,-0.03078135848045349,-0.024344855919480324,-0.01950269192457199,-0.014860935509204865,-0.006415397394448519,0.008318349719047546,0.014001483097672462,0.017381390556693077
0.00022779061691835523,0.00022779061691835523,0.0021206513047218323,0.004379551392048597,0.0038088138680905104,0.00147719937376678,-0.001263822428882122,-0.008320522494614124,-0.0176265649497509,-0.02599145472049713,-0.031754251569509506,-0.02628854289650917,-0.02204771526157856,-0.015258665196597576,-0.008272245526313782,-0.007626998703926802,-0.005398391280323267,-0.0008718395256437361,0.0013741739094257355,0.0009211397264152765,-0.0018205925589427352,-0.0063567389734089375,-0.010162494145333767,-0.015607738867402077,-0.01692265272140503,-0.019216813147068024,-0.01581715978682041,-0.006155690178275108,-0.0029592295177280903,0.0007166779250837862,-0.004857557825744152,-0.017991723492741585,-0.02747352421283722,-0.030500221997499466,-0.026928208768367767,-0.019359948113560677,-0.00932918582111597,0.004850752651691437,0.014739500358700752,0.019742339849472046,0.022358911111950874
-0.002443562960252166,-0.002443562960252166,-0.0004916315083391964,0.0028875425923615694,0.004246353637427092,0.004062046762555838,0.0041501158848404884,-0.0041121989488601685,-0.013137237168848515,-0.020629404112696648,-0.02495112270116806,-0.02654208242893219,-0.02102278545498848,-0.013618677854537964,-0.00927004311233759,-0.007494515739381313,-0.004408855922520161,0.0002659231540746987,0.002264154376462102,0.0025192443281412125,0.0007064907695166767,-0.0036631599068641663,-0.01023161318153143,-0.016321301460266113,-0.016794893890619278,-0.01746547594666481,-0.01573989912867546,-0.007584394421428442,-0.0033788164146244526,-0.0016060939524322748,-0.006686935666948557,-0.01693057455122471,-0.025776175782084465,-0.028229961171746254,-0.026644427329301834,-0.01593894138932228,-0.005266114603728056,0.009896540082991123,0.018181070685386658,0.022844474762678146,0.020661069080233574
-0.006585347466170788,-0.006585347466170788,-0.006174842361360788,-0.0031887548975646496,0.0013656498631462455,0.0037324875593185425,0.004719723481684923,-0.002300625666975975,-0.009896977804601192,-0.01539368461817503,-0.017661908641457558,-0.01661863550543785,-0.013935920782387257,-0.011873732320964336,-0.009846245869994164,-0.00888437032699585,-0.007024063728749752,-0.00330583774484694,0.0029057213105261326,0.0035495797637850046,0.004009888507425785,-0.0017766064265742898,-0.01188664510846138,-0.016968075186014175,-0.01999792270362377,-0.01547391340136528,-0.010829919949173927,-0.00575849786400795,-0.003972676582634449,-0.0052588763646781445,-0.009174243547022343,-0.016337357461452484,-0.025199299678206444,-0.028256569057703018,-0.023257266730070114,-0.010894418694078922,0.0023300431203097105,0.01185896247625351,0.01858494244515896,0.01916389912366867,0.017658717930316925
-0.01034525316208601,-0.01034525316208601,-0.010748845525085926,-0.009367983788251877,-0.0038357186131179333,0.0009134870488196611,0.001983592053875327,-0.0013680788688361645,-0.007779343985021114,-0.013267045840620995,-0.013446997851133347,-0.013534625060856342,-0.010485835373401642,-0.008009249344468117,-0.007337071001529694,-0.007493146695196629,-0.00670979218557477,-0.003666856326162815,0.002619699575006962,0.0025577060878276825,0.0027119216974824667,-0.0016851371619850397,-0.009437942877411842,-0.0147013608366251,-0.01669616438448429,-0.012744366191327572,-0.008393337950110435,-0.004648969974368811,-0.0033611764665693045,-0.0049067228101193905,-0.009250345639884472,-0.014455229043960571,-0.02197485789656639,-0.02481885254383087,-0.017838384956121445,-0.005760445259511471,0.006298114079982042,0.013425513170659542,0.01584656536579132,0.01546560414135456,0.01575833186507225
-0.013500424101948738,-0.013500424101948738,-0.013468434102833271,-0.012310301885008812,-0.007501944433897734,-0.0007003184873610735,0.0016991847660392523,0.0006240280927158892,-0.004390937276184559,-0.011758645065128803,-0.013326315209269524,-0.011301254853606224,-0.008087358437478542,-0.004050557501614094,-0.0026717314030975103,-0.0022229696623981,-0.0013223513960838318,0.0006838886183686554,0.002291510347276926,0.001277295988984406,-0.0008714072173461318,-0.0044824047945439816,-0.00570664694532752,-0.009200725704431534,-0.009378957562148571,-0.007437043357640505,-0.00545993447303772,-0.004376982804387808,-0.0022706373129040003,-0.0018004435114562511,-0.005860214587301016,-0.010930277407169342,-0.015231987461447716,-0.016767513006925583,-0.011584721505641937,-0.0020751263946294785,0.00631254306063056,0.01127125695347786,0.013444218784570694,0.013070845976471901,0.01326935924589634
-0.015302013605833054,-0.015302013605833054,-0.01478293165564537,-0.012646053917706013,-0.008079235441982746,-0.0012264484539628029,0.003075550775974989,0.004875898826867342,0.00035360787296667695,-0.006770209409296513,-0.010645803064107895,-0.007913057692348957,-0.0055467355996370316,-0.002459509763866663,-0.00016749581845942885,0.001083016162738204,0.0019226048607379198,0.0027323481626808643,0.003272085217759013,0.00226516998372972,-5.035170033806935e-05,-0.0011886174324899912,-0.0013587821740657091,-0.0039654262363910675,-0.004097312688827515,-0.0030087970662862062,-0.0018769472371786833,-0.00043249636655673385,0.000918546982575208,-0.00026802706997841597,-0.00503504928201437,-0.00895737111568451,-0.010872852988541126,-0.010760520584881306,-0.00773850129917264,-0.0018460489809513092,0.004911900032311678,0.008362133987247944,0.008292181417346,0.009081394411623478,0.010728491470217705
-0.015403259545564651,-0.015403259545564651,-0.014604897238314152,-0.012376598082482815,-0.0077371420338749886,-0.0007876542513258755,0.006014554761350155,0.012600540183484554,0.006032537668943405,0.0005887093720957637,-0.004177824594080448,-0.005965189542621374,-0.005408894270658493,-0.002788981655612588,7.405632641166449e-05,0.0019854577258229256,0.0030207158997654915,0.00352826458401978,0.004300491418689489,0.00433384208008647,0.0025636355858296156,0.003525808919221163,0.002833885606378317,0.0009585279622115195,6.197106995387003e-05,0.00032370418193750083,0.00036069139605388045,-0.0009081847965717316,-0.0009178389445878565,-0.0016903679352253675,-0.003968202043324709,-0.006571824662387371,-0.00740753673017025,-0.00576338404789567,-0.004392157308757305,-0.0017709035892039537,0.0013402472250163555,0.002995867282152176,0.003674686187878251,0.005892098881304264,0.008352997712790966
-0.015047627501189709,-0.015047627501189709,-0.013812674209475517,-0.010919610038399696,-0.005974995903670788,-0.000816614308860153,0.007882424630224705,0.016224971041083336,0.015527315437793732,0.011572686024010181,0.0010230918414890766,-0.005687394645065069,-0.007734081242233515,-0.0056068808771669865,-0.0008988426998257637,0.0012098981533199549,0.002518964232876897,0.0037090035621076822,0.005600008647888899,0.007001444231718779,0.005611008498817682,0.006016128696501255,0.006603230256587267,0.00582627160474658,0.004415093455463648,0.0030272311996668577,0.0006271948805078864,-0.0012261735973879695,-0.0027488283812999725,-0.003008610103279352,-0.001908450503833592,-0.002421626588329673,-0.002795762149617076,-0.0028547716792672873,-0.00284561887383461,-0.002411935478448868,-0.0017107706516981125,-0.0008195571135729551,0.0006993220304138958,0.0014044413110241294,0.004120329860597849
-0.01533772423863411,-0.01533772423863411,-0.014167138375341892,-0.011501907370984554,-0.007314211223274469,-0.0028473795391619205,0.005195646081119776,0.01294089574366808,0.018915606662631035,0.018739942461252213,0.008202910423278809,-0.0007644733414053917,-0.006336429622024298,-0.007798435166478157,-0.004976126831024885,-0.00028341449797153473,0.0019890263210982084,0.004218088462948799,0.007824991829693317,0.010630084201693535,0.00903014000505209,0.009043080732226372,0.009792611002922058,0.009714656509459019,0.007882878184318542,0.003909237217158079,0.0019176669884473085,0.0010918080806732178,-0.0005498887039721012,-0.0008371864096261561,-0.00030093322857283056,1.0977648344123736e-05,2.4375864086323418e-05,-0.0007233815267682076,-0.001705905538983643,-0.0030345881823450327,-0.005717899650335312,-0.0055413926020264626,-0.004211340099573135,-0.002074870280921459,0.0015298984944820404
-0.016566207632422447,-0.016566207632422447,-0.016381606459617615,-0.01579190045595169,-0.014037974178791046,-0.007784395013004541,-0.0012606364907696843,0.008135355077683926,0.014581909403204918,0.018912343308329582,0.015554293990135193,0.009086661972105503,0.0014157379046082497,-0.004632220603525639,-0.00723273167386651,-0.004949944093823433,-0.0016150826122611761,0.0022720573469996452,0.009989515878260136,0.014628334902226925,0.014144797809422016,0.013344801031053066,0.012643336318433285,0.010479806922376156,0.006987033411860466,0.003713050624355674,0.003014406654983759,0.0015451721847057343,0.0004588591691572219,0.0010845023207366467,0.0016869872342795134,0.001923485193401575,0.001107285963371396,-0.0021563249174505472,-0.0040078675374388695,-0.005729665048420429,-0.007957433350384235,-0.009190141223371029,-0.007850997149944305,-0.004019752144813538,0.0003165928937960416
-0.01779860444366932,-0.01779860444366932,-0.018774764612317085,-0.0202350951731205,-0.021166127175092697,-0.01892361417412758,-0.013995642773807049,-0.003981404937803745,0.008409500122070312,0.012528371065855026,0.017519840970635414,0.01688438281416893,0.010493758134543896,0.002447297563776374,-0.0026044321712106466,-0.004924483597278595,-0.0032445485703647137,-0.0008224344928748906,0.004245067480951548,0.011352678760886192,0.019031763076782227,0.01831943355500698,0.015017417259514332,0.010096734389662743,0.0013736783294007182,-0.0007499415660277009,-0.00231011095456779,-0.003053562017157674,-0.0024767506401985884,0.001344608492217958,0.0020107338204979897,0.0002590204239822924,-0.0010116063058376312,-0.0030135554261505604,-0.005341139622032642,-0.0070664528757333755,-0.008341404609382153,-0.010753759182989597,-0.010461139492690563,-0.00872487761080265,-0.005208350718021393
-0.01874159462749958,-0.01874159462749958,-0.020162634551525116,-0.02239837497472763,-0.02490975521504879,-0.026579828932881355,-0.022812120616436005,-0.011574107222259045,-0.000508912606164813,0.009146717377007008,0.016848662868142128,0.018498562276363373,0.015004768036305904,0.0084527637809515,0.0036653734277933836,0.0018210848793387413,0.0008963094442151487,0.000732549699023366,0.0019076481694355607,0.009761586785316467,0.02101181447505951,0.019465120509266853,0.01624404825270176,0.005010392051190138,-0.004806755110621452,-0.007547909859567881,-0.008977940306067467,-0.008909923024475574,-0.006487577222287655,-0.002356156939640641,-0.0014574340311810374,-0.0007369861705228686,-0.0018066182965412736,-0.001772258197888732,-0.004273420665413141,-0.007300632540136576,-0.011012724600732327,-0.01373775489628315,-0.013872681185603142,-0.012633586302399635,-0.01045770850032568
-0.018520787358283997,-0.018520787358283997,-0.019436776638031006,-0.021405354142189026,-0.02381506934762001,-0.024683456867933273,-0.02289166860282421,-0.01567627675831318,-0.003853070782497525,0.008754303678870201,0.014641075395047665,0.013979003764688969,0.012568056583404541,0.009896599687635899,0.007906725630164146,0.007648303173482418,0.006957351695746183,0.006768917199224234,0.009362731128931046,0.012761574238538742,0.017986848950386047,0.01868079975247383,0.016601096838712692,-0.0007118962239474058,-0.008818003349006176,-0.010656376369297504,-0.010443822480738163,-0.009008392691612244,-0.005558043718338013,-0.006103900261223316,-0.0014823416713625193,0.0008562449947930872,-0.0008119755075313151,-0.002818991895765066,-0.005752450320869684,-0.00987255573272705,-0.013635005801916122,-0.015946192666888237,-0.015772823244333267,-0.014153169468045235,-0.011642016470432281
