dougfraga/big_18.json
{"header": {"parameterUnit": "m.s-1", "parameterNumber": 3, "dx": 0.016666000000000736, "dy": 0.016666000000000736, "parameterNumberName": "Northward current", "la1": -22.891645999999998, "la2": -24.0416, "parameterCategory": 2, "lo2": -43.225054, "nx": 95, "ny": 70, "refTime": "2022-12-18 18:00:00", "lo1": -44.79166}, "data":
[rows 0 to 17 of 70, columns 40 to 79 of 95]
0.0,0.0,0.0,0.0,0.0,0.0,0.0,0.0,0.0,0.0,0.0,0.0,0.0,0.0,0.0,0.0,0.0,0.0,0.0,0.0,0.0,0.0,0.0,0.0,0.0,0.0,0.0,0.0,0.0,0.0,0.0,0.0,0.0,0.0,0.0,0.0,0.0,0.0,0.0,0.0
0.0,0.0,0.0,0.0,0.0,0.0,0.0,0.0,0.0,0.0,0.0,0.0,0.0,0.0,0.0,0.0,0.0,0.0,0.0,0.0,0.0,0.0,0.0,0.0,0.0,0.0,0.0,0.0,0.0,0.0,0.0,0.0,0.0,0.0,0.0,0.0,0.0,0.0,0.0,0.0
0.0,0.0,0.0,0.0,0.0,0.0,0.0,0.0,0.0,0.0,0.0,0.0,0.0,0.0,0.0,0.0024776565842330456,0.0,0.0,0.0,0.0,0.0,0.0,0.0,0.0,0.0,0.0,0.0,0.0,0.0,0.0,0.0,0.0,0.0,0.0,0.0,0.0,0.0,0.0,0.0,0.0
0.0,0.0,0.0,0.0,0.0,0.0,0.0,0.0,0.0,0.0,0.00190730020403862,0.0,0.0,0.0,0.0,0.005125078372657299,0.004069630987942219,0.0,-0.0027273320592939854,0.001908936188556254,0.0,0.0,0.0,0.0,0.0,0.0,0.0,0.0,0.0,0.0,0.0,0.0,0.0,0.0,0.0,0.0,0.0,0.0,0.0,0.0
0.0,0.0,0.0,0.000411142420489341,-0.0013700793497264385,0.0,0.0,0.0074769072234630585,0.004921345505863428,0.0025965990498661995,0.002685293322429061,-0.001867695595137775,-0.00354758370667696,0.0,0.0,0.0011636915151029825,0.004086940083652735,-0.0008383788517676294,-0.004743433557450771,0.0007210993207991123,-0.0007612748886458576,0.00110165576916188,0.0046395193785429,0.0,0.0,0.0,0.0,0.0,0.0,0.0,0.0,0.0,0.0,0.0,0.0,0.0,0.0,0.0,0.0,0.0
0.0,0.0,0.0,0.004094960168004036,-0.0014022303512319922,0.0,0.015099920332431793,0.020325463265180588,0.014538425020873547,0.00841725617647171,0.004183050245046616,0.0022859086748212576,-0.0016236890805885196,0.0031901230104267597,0.0022610165178775787,-0.0026769377291202545,-0.0011963231954723597,-0.002692722948268056,-0.004316860809922218,-0.0029950710013508797,-0.0014799835626035929,0.002304594963788986,0.00864352472126484,0.006867758464068174,0.0,0.0,0.0,0.0,0.0,0.0,0.0,0.0,0.0,0.0,0.0,0.0,0.0,0.0,0.0,0.0
0.0,0.0,0.0,0.01390009094029665,0.008173533715307713,0.0102308364585042,0.027657566592097282,0.024575764313340187,0.019891509786248207,0.015207748860120773,0.01088913343846798,0.009375320747494698,0.0065183332189917564,0.003948970232158899,0.0003970733960159123,-0.004884473979473114,-0.00542065454646945,-0.006334553472697735,-0.0063034105114638805,-0.004915079101920128,-0.0026683672331273556,0.000822398578748107,0.005763760302215815,0.010989449918270111,0.007445823401212692,0.0,0.0,0.0,0.0,0.0,0.0,0.0,0.0,0.0,0.0,0.0,0.0,0.0,0.0,0.0
0.0,0.0,0.009191662073135376,0.021514927968382835,0.02065283991396427,0.024414464831352234,0.02835756167769432,0.028265586122870445,0.024534646421670914,0.01888849586248398,0.01126086711883545,0.005067385733127594,0.003457469865679741,-0.0008545246091671288,-0.005074257496744394,-0.009334336034953594,-0.010748677887022495,-0.010900752618908882,-0.009696373715996742,-0.008137103170156479,-0.006122503895312548,-0.003650498576462269,-0.0003240100049879402,0.002990364097058773,0.007027046754956245,-0.0004919606144540012,0.001241772435605526,0.005262724123895168,0.0,0.0,0.0,0.0,0.0,0.0,0.0,0.0,0.0,0.0,0.0,0.0
0.0,0.004217524081468582,0.02088991552591324,0.027855616062879562,0.03151864930987358,0.03451501950621605,0.036001794040203094,0.03303325176239014,0.02937455289065838,0.01752597652375698,0.007965637370944023,-0.0008065163274295628,-0.004491186700761318,-0.006607832852751017,-0.008631777949631214,-0.010755486786365509,-0.012574911117553711,-0.01296082604676485,-0.012705815955996513,-0.012372360564768314,-0.011816794984042645,-0.010988570749759674,-0.009723426774144173,-0.008997637778520584,-0.007656595669686794,-0.0060183205641806126,-0.0030055164825171232,0.0019261606503278017,-0.0037443814799189568,-0.0032283414620906115,-0.0027689358685165644,-0.0013366679195314646,0.007259484380483627,0.0,0.0,0.0,0.0,0.0,0.0,0.0
-0.007127759046852589,0.01145007275044918,0.025863733142614365,0.03285842388868332,0.03587374836206436,0.0414334200322628,0.040899608284235,0.0350252129137516,0.03395150601863861,0.00802457146346569,0.004188846331089735,-0.008073629811406136,-0.009741183370351791,-0.011688901111483574,-0.011145523749291897,-0.005112416576594114,-0.006033255252987146,-0.006540282629430294,-0.014162926003336906,-0.01525657344609499,-0.016201352700591087,-0.017102818936109543,-0.01860474981367588,-0.021999606862664223,-0.0072378190234303474,-0.005526360124349594,-0.0042472886852920055,-0.0033365637063980103,-0.0037443814799189568,-0.0032283414620906115,-0.0027689358685165644,-0.0013366679195314646,0.030806200578808784,0.012798622250556946,0.0,0.0,0.0,0.0,0.0,0.0
-0.010554083622992039,0.014147669076919556,0.026136763393878937,0.02838987298309803,0.03465445339679718,0.04097412899136543,0.04501188173890114,0.04046111926436424,0.01883716695010662,0.0,0.0,-0.007421444170176983,-0.00638696551322937,-0.006694439798593521,-0.005724059883505106,0.0,0.0,0.0,-0.0071508320979774,-0.007913470268249512,-0.008557402528822422,-0.009384207427501678,-0.010965087451040745,-0.014133295975625515,0.0,0.0,0.0,0.0,0.0,0.0,0.0,0.0,0.052257418632507324,0.03585866466164589,0.0,0.0,0.0,-0.02064305730164051,-0.01982629857957363,-0.019504956901073456
-0.0027459135744720697,0.013839151710271835,0.023702291771769524,0.027055524289608,0.03819011524319649,0.04116633161902428,0.050767600536346436,0.02193077839910984,0.0,0.0,0.0,0.0,0.0,0.0,0.0,0.0,0.0,0.0,0.0,0.0,0.0,0.0,0.0,0.0,-0.01237296313047409,-0.008959994651377201,-0.013775015249848366,-0.01438944973051548,-0.011158867739140987,-0.011857652105391026,-0.013052292168140411,-0.014615322463214397,0.0324295349419117,0.03460831567645073,0.0,-0.024748966097831726,-0.02307000197470188,-0.034810733050107956,-0.032481104135513306,-0.03358607366681099
0.0028146260883659124,0.016739780083298683,0.02724371664226055,0.030056940391659737,0.03767399489879608,0.044691819697618484,0.05136987194418907,0.0,0.0,0.0,0.0,0.0,0.0,-0.01471485011279583,-0.01419578492641449,-0.014478377997875214,-0.014640738256275654,-0.013766015879809856,-0.009936018846929073,-0.01181190274655819,-0.012800971046090126,-0.012654856778681278,-0.011425583623349667,-0.01165835466235876,-0.024121377617120743,-0.02029554918408394,-0.02168811671435833,-0.021319514140486717,-0.016935866326093674,-0.021860109642148018,-0.022089658305048943,-0.0164191834628582,0.009660942479968071,0.013842860236763954,-0.00725387642160058,-0.04105551913380623,-0.04178576171398163,-0.03204929083585739,-0.026855487376451492,-0.017240798100829124
0.011554505676031113,0.023042861372232437,0.034501224756240845,0.03444291278719902,0.03965144604444504,0.050372421741485596,0.05282275751233101,0.0,0.0,-0.02013712003827095,-0.01189121138304472,-0.011479777283966541,-0.013404518365859985,-0.022281918674707413,-0.020868267863988876,-0.020363476127386093,-0.019803417846560478,-0.018773145973682404,-0.014532366767525673,-0.017601078376173973,-0.019666319712996483,-0.019767440855503082,-0.017549043521285057,-0.016320906579494476,-0.007961810566484928,-0.007648457773029804,-0.005956022068858147,-0.0050809187814593315,-0.005578744225203991,-0.004586011171340942,-0.00413768133148551,0.00632348982617259,0.017844585701823235,0.014195732772350311,-0.003936085384339094,-0.02210322767496109,-0.029850907623767853,-0.030580302700400352,-0.026325581595301628,-0.013087507337331772
0.038737621158361435,0.03781074658036232,0.043145425617694855,0.0372367687523365,0.04120388999581337,0.052527330815792084,0.05111907050013542,0.00656407093629241,-0.004712263122200966,-0.026598118245601654,-0.016911780461668968,-0.015801452100276947,-0.012784752063453197,-0.006790751125663519,-0.005379475653171539,-0.003333544824272394,-0.0028828701470047235,-0.0024081210140138865,-0.0013504428789019585,-0.004251209087669849,-0.006119471043348312,-0.007607098203152418,-0.007849778048694134,-0.006423293612897396,0.0027778809890151024,0.0024624306242913008,0.009159132838249207,0.009140919893980026,0.0037319278344511986,0.009172270074486732,0.007629566825926304,0.010390804149210453,0.01423235796391964,0.015213191509246826,0.01063412893563509,-0.0036773381289094687,-0.012387758120894432,-0.015307917259633541,-0.015693938359618187,-0.01637044921517372
0.05352828651666641,0.050105731934309006,0.04515445604920387,0.03900483250617981,0.03769591823220253,0.048862311989068985,0.04485425353050232,0.016189107671380043,-0.004194261506199837,-0.002640451304614544,-0.000876125181093812,2.209251579188276e-05,0.005183737259358168,0.00047162731061689556,-0.00043032996472902596,-7.643729622941464e-05,-0.0022476704325526953,-0.0028082234784960747,-0.003151565557345748,0.007461278699338436,0.007507871370762587,0.0057641612365841866,0.0009414447704330087,0.0005393186584115028,0.0009139536996372044,0.00014473558985628188,0.00894201546907425,0.009035351686179638,0.010307439602911472,0.010260680690407753,0.009624533355236053,0.00944587867707014,0.005660010036081076,0.0058800047263503075,0.009176827035844326,0.0011010050075128675,-0.005069282837212086,-0.007833246141672134,-0.00855831429362297,-0.0068188863806426525
0.024210955947637558,0.0607328899204731,0.043903980404138565,0.04181518778204918,0.035313304513692856,0.03584730625152588,0.03049946390092373,0.021417664363980293,0.009208654053509235,0.0059967925772070885,0.0036274881567806005,0.0019355003023520112,0.0016773231327533722,0.0018083149334415793,0.0008694417192600667,-0.0003461917513050139,-0.0049973842687904835,-0.0065070753917098045,-0.00840702559798956,0.006619974505156279,0.007038896903395653,0.006861912086606026,0.007884027436375618,0.006837411317974329,0.006334385368973017,0.006272942293435335,0.007849610410630703,0.008113819174468517,0.010968191549181938,0.009734387509524822,0.008924756199121475,0.008984713815152645,0.008325825445353985,0.005944096017628908,0.003811711212620139,-0.0003755972720682621,-0.004134499933570623,-0.005621660500764847,-0.004190096631646156,0.0019137169001623988
0.0,0.05281924456357956,0.04294857382774353,0.033847130835056305,0.032323360443115234,0.0259964931756258,0.01541477907449007,0.01502214651554823,0.009869378991425037,0.00667669577524066,0.0029160480480641127,0.0012562150368466973,0.0005596433766186237,0.001612829277291894,0.0009012346854433417,9.449281787965447e-05,0.0011806284310296178,-0.00018919011927209795,-0.0008686943911015987,0.003400645684450865,0.004521483555436134,0.004878878593444824,0.007770346477627754,0.006512102670967579,0.00572802871465683,0.005546565633267164,0.006544988136738539,0.007156744133681059,0.008382612839341164,0.006530337501317263,0.00459663663059473,0.004325356800109148,0.00765516422688961,0.005680205300450325,0.0038224351592361927,0.0026045870035886765,0.0016085345996543765,0.0003058924921788275,0.002202200936153531,0.0045735593885183334
