dougfraga/big_20.json
{"header": {"parameterUnit": "m.s-1", "parameterNumber": 3, "dx": 0.016666000000000736, "dy": 0.016666000000000736, "parameterNumberName": "Northward current", "la1": -22.891645999999998, "la2": -24.0416, "parameterCategory": 2, "lo2": -43.225054, "nx": 95, "ny": 70, "refTime": "2022-12-18 20:00:00", "lo1": -44.79166}, "data":
[rows 18 to 35 of 70, columns 41 to 81 of 95]
0.014789105392992496,0.023425741121172905,0.017756067216396332,0.0225302092730999,0.02424624375998974,0.028895944356918335,0.02361043356359005,0.01261121779680252,0.010457238182425499,0.006213590502738953,0.00438327994197607,0.0036955876275897026,0.0036223477218300104,0.0005925197037868202,-0.0009918888099491596,0.001773352618329227,0.0011532537173479795,0.0006341965636238456,0.0019154709298163652,0.0032964276615530252,0.00441592326387763,0.006877086125314236,0.005178813822567463,0.0034295262303203344,0.0019518880872055888,0.0010016228770837188,0.0012823694851249456,0.006396966055035591,0.007107754237949848,0.007865168154239655,0.009796017780900002,0.01179276593029499,0.01201503723859787,0.009302543476223946,0.008332225494086742,0.008327444083988667,0.008520175702869892,0.00846660602837801,0.008596011437475681,0.008030164055526257,0.007871538400650024
0.01886661909520626,0.01970204897224903,0.020940884947776794,0.020068243145942688,0.01645779423415661,0.021555650979280472,0.020441889762878418,0.015249994583427906,0.010305486619472504,0.006029163487255573,0.004223921801894903,0.004148744512349367,0.007679078262299299,0.00232453690841794,0.0013504046946763992,0.0023265043273568153,0.0014721846673637629,0.0009424171876162291,0.000712891633156687,0.0011157175758853555,0.0026186604518443346,0.007472019176930189,0.00678878603503108,0.005694835912436247,0.0052118198946118355,0.005168534815311432,0.006065095774829388,0.008107565343379974,0.0073407799936831,0.00763537734746933,0.0090647516772151,0.0113920783624053,0.012537023052573204,0.01148813497275114,0.010302756913006306,0.010517966002225876,0.012454899959266186,0.011996621266007423,0.011422524228692055,0.010980174876749516,0.01138930395245552
-0.0010815178975462914,0.004243066068738699,0.014824210666120052,0.015507333911955357,0.014860408380627632,0.014322272501885891,0.014202922582626343,0.016225138679146767,0.014629818499088287,0.011839808896183968,0.007099200040102005,0.005146349780261517,0.004669784102588892,0.0021504962351173162,0.000571928801946342,0.002782610012218356,0.0019490839913487434,0.002394341630861163,0.0030448278412222862,0.00477262306958437,0.007539399433881044,0.010937098413705826,0.011346847750246525,0.008852855302393436,0.008166657760739326,0.008163494057953358,0.00874420441687107,0.009752928279340267,0.009844096377491951,0.009560836479067802,0.01006506197154522,0.01169396098703146,0.013197421096265316,0.01508454792201519,0.014370078220963478,0.013760865665972233,0.0134571623057127,0.012932716868817806,0.012858645990490913,0.01330237090587616,0.014588920399546623
0.00201162276789546,0.003132742363959551,0.007427883800119162,0.010226594284176826,0.015687810257077217,0.016484102234244347,0.014955276623368263,0.015708062797784805,0.014701099134981632,0.012112479656934738,0.008242410607635975,0.0031067708041518927,0.001043594558723271,0.003197058103978634,0.0024910513311624527,0.002913285279646516,0.0036542373709380627,0.0049908775836229324,0.006969974841922522,0.009346576407551765,0.010340243577957153,0.012076733633875847,0.01192349661141634,0.010630637407302856,0.009336561895906925,0.008758882991969585,0.008889978751540184,0.009610818699002266,0.011740736663341522,0.01210927963256836,0.012380316853523254,0.013319918885827065,0.014661937020719051,0.0160603616386652,0.015827395021915436,0.014962445013225079,0.014348311349749565,0.014453962445259094,0.015615629963576794,0.01703808829188347,0.01896222122013569
0.006800954230129719,0.005510386545211077,0.0079366909340024,0.009686822071671486,0.012699772603809834,0.014841408468782902,0.01643788069486618,0.015285979025065899,0.013163807801902294,0.01091774832457304,0.010840143077075481,0.006541209761053324,0.0045059905387461185,0.005045558791607618,0.005154522601515055,0.0055628507398068905,0.006817246321588755,0.008529040031135082,0.010648472234606743,0.010811437852680683,0.010986603796482086,0.010058139450848103,0.008957833051681519,0.009486285969614983,0.008615239523351192,0.00819326750934124,0.00864500179886818,0.009483257308602333,0.010691492818295956,0.01161228958517313,0.012324207462370396,0.013298734091222286,0.014750679023563862,0.01658957451581955,0.017101118341088295,0.017160572111606598,0.01730302907526493,0.017916159704327583,0.016960274428129196,0.017398832365870476,0.018549758940935135
0.0030913478694856167,0.006268311757594347,0.007638685405254364,0.008230500854551792,0.009160658344626427,0.011101547628641129,0.015426329337060452,0.014806446619331837,0.013621799647808075,0.012447741813957691,0.011605115607380867,0.009178830310702324,0.006047843024134636,0.005461636930704117,0.005319096613675356,0.005254356190562248,0.0057485937140882015,0.006766714621335268,0.008769107982516289,0.010134844109416008,0.011060562916100025,0.009950248524546623,0.008724004961550236,0.007963866926729679,0.0071121579967439175,0.006947649177163839,0.007464568130671978,0.008454211056232452,0.009633944369852543,0.010852272622287273,0.0124025484547019,0.013864832930266857,0.015621723607182503,0.017667075619101524,0.019271237775683403,0.018736792728304863,0.01850448176264763,0.018692342564463615,0.017692480236291885,0.01730923354625702,0.017962822690606117
0.0019595695193856955,0.007887921296060085,0.00928267277777195,0.009694446809589863,0.009999275207519531,0.010711259208619595,0.012418175116181374,0.012997097335755825,0.012237309478223324,0.009679445996880531,0.008909854106605053,0.007821505889296532,0.0063012707978487015,0.004903188906610012,0.004189169965684414,0.0038617588579654694,0.004275264218449593,0.004983287770301104,0.006673087831586599,0.009843540377914906,0.010302760638296604,0.009719897992908955,0.008890779688954353,0.008031140081584454,0.007337586488574743,0.007151708006858826,0.007762000430375338,0.008880876004695892,0.01008698996156454,0.011686418205499649,0.013814853504300117,0.016062239184975624,0.018343888223171234,0.020894523710012436,0.023797987028956413,0.024655921384692192,0.02039671689271927,0.019784435629844666,0.02076367847621441,0.02102161943912506,0.02211638167500496
0.005667299497872591,0.008418862707912922,0.00973326712846756,0.010381294414401054,0.01092609390616417,0.010747401975095272,0.009367657825350761,0.009260165505111217,0.008212140761315823,0.006295803934335709,0.004924015607684851,0.0041581676341593266,0.005112261977046728,0.0042584603652358055,0.004162350203841925,0.004433982074260712,0.005693625658750534,0.007027631625533104,0.008069819770753384,0.009110775776207447,0.00955725833773613,0.009092060849070549,0.007942765951156616,0.007667320314794779,0.007775501348078251,0.00807423610240221,0.00897738616913557,0.01037395279854536,0.011802294291555882,0.01341042947024107,0.015309847891330719,0.01764538697898388,0.020283082500100136,0.02348589152097702,0.026223361492156982,0.025184988975524902,0.02359497733414173,0.022759074345231056,0.023455727845430374,0.024931207299232483,0.027190309017896652
0.008551836013793945,0.010515007190406322,0.010872810147702694,0.009761921130120754,0.009713546372950077,0.008806190453469753,0.0070805978029966354,0.005370661616325378,0.003938321024179459,0.003558005904778838,0.0019181488314643502,0.000662628619465977,0.0005548029439523816,0.001012695487588644,0.0013186836149543524,0.0017211918020620942,0.0025787942577153444,0.004879896994680166,0.0062072062864899635,0.007193333934992552,0.007627429906278849,0.0073592280969023705,0.006668461486697197,0.006560209207236767,0.007164918817579746,0.008340357802808285,0.009616132825613022,0.011229466646909714,0.012311975471675396,0.010339249856770039,0.010529705323278904,0.011122445575892925,0.012835103087127209,0.016262687742710114,0.01957429200410843,0.021313555538654327,0.0243474543094635,0.025162046775221825,0.023995861411094666,0.024372361600399017,0.025930631905794144
0.009194951504468918,0.010258302092552185,0.010539759881794453,0.009838025085628033,0.008527918718755245,0.007083497941493988,0.006288433913141489,0.0036753215827047825,0.0020107540767639875,0.00046500860480591655,-0.0013382903998717666,-0.0029560986440628767,-0.003939691931009293,-0.0037846886552870274,-0.0037791316863149405,-0.0033551095984876156,-0.0034159007482230663,-0.0017316853627562523,0.00017702224431559443,0.0026772157289087772,0.004106349311769009,0.004941478371620178,0.005700618959963322,0.003571042325347662,0.0035384169314056635,0.006940782070159912,0.008601678535342216,0.007646357640624046,0.008260161615908146,0.007867922075092793,0.006745912134647369,0.006495899520814419,0.007655586116015911,0.010661192238330841,0.015804341062903404,0.02340814098715782,0.02310234308242798,0.024251632392406464,0.02368747815489769,0.022835994139313698,0.022718409076333046
0.010634766891598701,0.011077920906245708,0.01163286529481411,0.012588019482791424,0.010788883082568645,0.008314243517816067,0.005631706677377224,0.002239158609881997,-0.0005076088709756732,-0.0024294573813676834,-0.003809119574725628,-0.0049821739085018635,-0.006464662961661816,-0.007948549464344978,-0.008286155760288239,-0.008030365221202374,-0.007916687056422234,-0.006546855438500643,-0.003955342341214418,-0.0010623896960169077,0.0014921142719686031,0.0032335768919438124,0.0020584638696163893,0.0005199996521696448,-0.0008176896371878684,0.00022318222909234464,0.0030545250046998262,0.004813095089048147,0.006127433851361275,0.009621482342481613,0.010374955832958221,0.0121052460744977,0.0135741475969553,0.013302850537002087,0.016760554164648056,0.020769670605659485,0.021751727908849716,0.022550154477357864,0.024442853406071663,0.02510853111743927,0.025751475244760513
0.016316229477524757,0.016571324318647385,0.016381219029426575,0.015563971363008022,0.013216661289334297,0.009451848454773426,0.005135839805006981,0.0009507754584774375,-0.0031934508588165045,-0.00550313713029027,-0.006280244328081608,-0.006156309973448515,-0.007029696833342314,-0.008570936508476734,-0.00945897027850151,-0.009774851612746716,-0.009110582992434502,-0.007079105358570814,-0.004731098189949989,-0.0051042186096310616,-0.0032850876450538635,-0.0016884070355445147,-0.001330278697423637,-0.0006053858087398112,-0.0013721785508096218,-0.002624684711918235,0.0006389484624378383,0.006566470488905907,0.009844228625297546,0.012792589142918587,0.012519209645688534,0.013560504652559757,0.014552334323525429,0.014868512749671936,0.016212472692131996,0.01865384168922901,0.02220216952264309,0.02438010834157467,0.026646319776773453,0.028191858902573586,0.027172720059752464
0.022475512698292732,0.023700794205069542,0.02272026427090168,0.01974572241306305,0.016138557344675064,0.011273379437625408,0.005397006869316101,-8.002858521649614e-06,-0.004317181184887886,-0.006886682473123074,-0.007144222501665354,-0.006067229900509119,-0.008359050378203392,-0.010126377455890179,-0.011603857390582561,-0.012482957914471626,-0.01219208911061287,-0.011031437665224075,-0.009469211101531982,-0.009124893695116043,-0.008602038957178593,-0.007202555425465107,-0.00396194402128458,-0.0020513534545898438,-0.0006907866918481886,0.0007513451855629683,0.004388775210827589,0.009541469626128674,0.011760354042053223,0.014002029784023762,0.014231821522116661,0.013491821475327015,0.014059166423976421,0.016551226377487183,0.018325552344322205,0.021308256313204765,0.02389393001794815,0.024126043543219566,0.025494001805782318,0.026972366496920586,0.02699362114071846
0.027247142046689987,0.028434038162231445,0.028401685878634453,0.026714053004980087,0.024066153913736343,0.0156461950391531,0.007674221880733967,0.0007796784630045295,-0.0058064768090844154,-0.010158713907003403,-0.011143914423882961,-0.009924028068780899,-0.010610814206302166,-0.012144769541919231,-0.013327030465006828,-0.013893785886466503,-0.014034794643521309,-0.014232011511921883,-0.013370759785175323,-0.011057797819375992,-0.01036527007818222,-0.009076738730072975,-0.0067275697365403175,-0.0035922504030168056,-0.0004665640590246767,0.0008904036367312074,0.004619823768734932,0.009602704085409641,0.012864711694419384,0.014773602597415447,0.017407597973942757,0.017403699457645416,0.01786820776760578,0.01706770248711109,0.017988257110118866,0.0194363035261631,0.021402815356850624,0.022288670763373375,0.022298801690340042,0.023413756862282753,0.02591630071401596
0.03642374277114868,0.03378321975469589,0.03471740335226059,0.03352576121687889,0.032058488577604294,0.02230336144566536,0.01163424737751484,0.0023061498068273067,-0.0062426114454865456,-0.012947149574756622,-0.01604057289659977,-0.015339035540819168,-0.013157290406525135,-0.013266187161207199,-0.013360756449401379,-0.012678282335400581,-0.011902082711458206,-0.011893784627318382,-0.011550668627023697,-0.011017593555152416,-0.0102293211966753,-0.009508946910500526,-0.010478348471224308,-0.008453048765659332,-0.004728076513856649,-0.0007129264995455742,0.003582619596272707,0.008954309858381748,0.015300499275326729,0.018766697496175766,0.020536236464977264,0.018729975447058678,0.01787469908595085,0.016680415719747543,0.015778983011841774,0.015588807873427868,0.016750801354646683,0.019448675215244293,0.020186342298984528,0.0215038750320673,0.02294442057609558
0.03700204938650131,0.03811221569776535,0.039777230471372604,0.0379149429500103,0.03673063591122627,0.02911446988582611,0.01753058284521103,0.006109675858169794,-0.0029307284858077765,-0.011133511550724506,-0.016110356897115707,-0.016513841226696968,-0.015610172413289547,-0.015085263177752495,-0.014170272275805473,-0.01245184987783432,-0.010359776206314564,-0.009302878752350807,-0.011332388035953045,-0.012748390436172485,-0.013456369750201702,-0.013313830830156803,-0.013556813821196556,-0.012380016036331654,-0.008913714438676834,-0.002148621715605259,0.004459497518837452,0.011293011717498302,0.017548495903611183,0.022140314802527428,0.021761877462267876,0.018744589760899544,0.016073055565357208,0.014999577775597572,0.013578780926764011,0.013507254421710968,0.014418873004615307,0.015210073441267014,0.016355980187654495,0.018019992858171463,0.02005310170352459
0.030307503417134285,0.036131277680397034,0.03978246450424194,0.040690429508686066,0.04196065664291382,0.03496060147881508,0.023989668115973473,0.012131642550230026,0.0013948066625744104,-0.0077004581689834595,-0.013200598768889904,-0.014564313925802708,-0.01649487391114235,-0.017132923007011414,-0.016702327877283096,-0.015304772183299065,-0.013146772049367428,-0.01150480005890131,-0.012119830586016178,-0.014274106360971928,-0.015943340957164764,-0.01580926589667797,-0.01318651344627142,-0.011107566766440868,-0.007481519598513842,-0.0017556166276335716,0.005675147753208876,0.013522936031222343,0.020000910386443138,0.02223762683570385,0.021318314597010612,0.019176138564944267,0.01605762168765068,0.013510947115719318,0.01211130153387785,0.012192056514322758,0.0128464475274086,0.013372841291129589,0.01477156300097704,0.01706230267882347,0.01986631564795971
0.02920956164598465,0.031933777034282684,0.03782947361469269,0.04321242496371269,0.04222837835550308,0.03839936479926109,0.02623586356639862,0.015658102929592133,0.0055342609994113445,-0.0034548097755759954,-0.01109536923468113,-0.013986481353640556,-0.01644177734851837,-0.0179271437227726,-0.017974944785237312,-0.017172833904623985,-0.015580814331769943,-0.013742800801992416,-0.011611506342887878,-0.011995208449661732,-0.012559416703879833,-0.014009405858814716,-0.013576864264905453,-0.011919536627829075,-0.00849901232868433,-0.0025392959360033274,0.006747031584382057,0.01462187897413969,0.020541004836559296,0.020409321412444115,0.020787307992577553,0.018818186596035957,0.016599981114268303,0.014962979592382908,0.011893413960933685,0.01022961176931858,0.009291956201195717,0.00927629042416811,0.010690167546272278,0.01423134095966816,0.020950280129909515
