dougfraga/big_4.json
{"header": {"parameterUnit": "m.s-1", "parameterNumber": 3, "dx": 0.016666000000000736, "dy": 0.016666000000000736, "parameterNumberName": "Northward current", "la1": -22.891645999999998, "la2": -24.0416, "parameterCategory": 2, "lo2": -43.225054, "nx": 95, "ny": 70, "refTime": "2022-12-18 04:00:00", "lo1": -44.79166}, "data":
[rows 0 to 17 of 70, columns 41 to 81 of 95]
0.0,0.0,0.0,0.0,0.0,0.0,0.0,0.0,0.0,0.0,0.0,0.0,0.0,0.0,0.0,0.0,0.0,0.0,0.0,0.0,0.0,0.0,0.0,0.0,0.0,0.0,0.0,0.0,0.0,0.0,0.0,0.0,0.0,0.0,0.0,0.0,0.0,0.0,0.0,0.0,0.0
0.0,0.0,0.0,0.0,0.0,0.0,0.0,0.0,0.0,0.0,0.0,0.0,0.0,0.0,0.0,0.0,0.0,0.0,0.0,0.0,0.0,0.0,0.0,0.0,0.0,0.0,0.0,0.0,0.0,0.0,0.0,0.0,0.0,0.0,0.0,0.0,0.0,0.0,0.0,0.0,0.0
0.0,0.0,0.0,0.0,0.0,0.0,0.0,0.0,0.0,0.0,0.0,0.0,0.0,0.0,-0.0017267178045585752,0.0,0.0,0.0,0.0,0.0,0.0,0.0,0.0,0.0,0.0,0.0,0.0,0.0,0.0,0.0,0.0,0.0,0.0,0.0,0.0,0.0,0.0,0.0,0.0,0.0,0.0
0.0,0.0,0.0,0.0,0.0,0.0,0.0,0.0,0.0,-0.008143703453242779,0.0,0.0,0.0,0.0,-0.0065786452032625675,-0.004173922352492809,0.0,-0.004745058249682188,-0.005155069287866354,0.0,0.0,0.0,0.0,0.0,0.0,0.0,0.0,0.0,0.0,0.0,0.0,0.0,0.0,0.0,0.0,0.0,0.0,0.0,0.0,0.0,0.0
0.0,0.0,-0.006463083438575268,-0.007429617922753096,0.0,0.0,-0.005735096521675587,-0.002586385002359748,-0.0038722562603652477,-0.016639484092593193,-0.0036029850598424673,-0.0018587514059618115,0.0,0.0,-0.011823772452771664,-0.009827760979533195,-0.003777823643758893,-0.010456024669110775,-0.010616770945489407,-0.0038539355155080557,-0.004281628876924515,-0.0066679492592811584,0.0,0.0,0.0,0.0,0.0,0.0,0.0,0.0,0.0,0.0,0.0,0.0,0.0,0.0,0.0,0.0,0.0,0.0,0.0
0.0,0.0,-0.014112748205661774,-0.01611873134970665,0.0,-0.013837755657732487,-0.01838390715420246,-0.006521505303680897,-0.014816012233495712,-0.012313584797084332,-0.0035635516978800297,-0.00030143960611894727,0.0033558234572410583,0.0004304646863602102,-0.011658202856779099,-0.009927297942340374,-0.007575165946036577,-0.010307305492460728,-0.011564663611352444,-0.01001650094985962,-0.01062731258571148,-0.01413155160844326,-0.010024463757872581,0.0,0.0,0.0,0.0,0.0,0.0,0.0,0.0,0.0,0.0,0.0,0.0,0.0,0.0,0.0,0.0,0.0,0.0
0.0,0.0,-0.015385055914521217,-0.014254222624003887,-0.0015283580869436264,-0.028224384412169456,-0.028152871876955032,-0.018735917285084724,-0.020418690517544746,-0.010184855200350285,-0.004004852846264839,0.0004588656884152442,0.00242600217461586,-0.004845471121370792,-0.010140092112123966,-0.010196372866630554,-0.008931349962949753,-0.011038366705179214,-0.012619593180716038,-0.012962724082171917,-0.01334289088845253,-0.015256043523550034,-0.021062243729829788,-0.019075097516179085,0.0,0.0,0.0,0.0,0.0,0.0,0.0,0.0,0.0,0.0,0.0,0.0,0.0,0.0,0.0,0.0,0.0
0.0,-0.004125311970710754,-0.012925551272928715,-0.009275776334106922,-0.003650134662166238,-0.022297488525509834,-0.02514548972249031,-0.02399730309844017,-0.015442346222698689,-0.014846633188426495,-0.012247804552316666,-0.007725900504738092,-0.005872199311852455,-0.010664541274309158,-0.012029984965920448,-0.012992080301046371,-0.01210671104490757,-0.013925536535680294,-0.014425859786570072,-0.014573665335774422,-0.014631489291787148,-0.01517962571233511,-0.01999114826321602,-0.03234370797872543,-0.006370167713612318,-0.008219870738685131,-0.020854895934462547,0.0,0.0,0.0,0.0,0.0,0.0,0.0,0.0,0.0,0.0,0.0,0.0,0.0,0.0
-0.006753225810825825,-0.00823170319199562,-0.0062925200909376144,-0.0018258261261507869,-0.0013389793457463384,-0.01747284270823002,-0.021350586786866188,-0.022857947275042534,-0.011861708015203476,-0.012317018583416939,-0.011663934215903282,-0.011149178259074688,-0.010047676041722298,-0.01021328754723072,-0.01189901027828455,-0.013091702945530415,-0.013734240084886551,-0.016060443595051765,-0.017040438950061798,-0.01713397726416588,-0.014637302607297897,-0.012909803539514542,-0.012271929532289505,-0.023078348487615585,-0.01378687098622322,-0.015671970322728157,-0.03062732145190239,-0.0030457046814262867,-0.003844232065603137,-0.007329597603529692,-0.01542951911687851,-0.033773962408304214,0.0,0.0,0.0,0.0,0.0,0.0,0.0,0.0,0.0
-0.01158570684492588,-0.0070310612209141254,-0.0034654263872653246,-0.0017524594441056252,-0.0046746511943638325,-0.02409660816192627,-0.025344839319586754,-0.03081943280994892,-0.005894296802580357,-0.003837435971945524,-0.005536088719964027,-0.009604712948203087,-0.010838137939572334,-0.008541013114154339,-0.005322760436683893,-0.0060225361958146095,-0.006761537399142981,-0.020374730229377747,-0.0182701013982296,-0.01724223978817463,-0.012951395474374294,-0.008606292307376862,0.005230708513408899,-0.009809738025069237,-0.0074167028069496155,-0.007452098652720451,-0.009772426448762417,-0.0030457046814262867,-0.003844232065603137,-0.007329597603529692,-0.01542951911687851,-0.06590045988559723,-0.03150058910250664,0.0,0.0,0.0,0.0,0.0,0.0,-0.002766611520200968,-0.008126677945256233
-0.009845094755291939,-0.0070809368044137955,-0.007446860428899527,-0.006600003223866224,-0.014097562059760094,-0.029189061373472214,-0.024098441004753113,-0.017157992348074913,0.0,0.0,-0.0020756726153194904,-0.005082989577203989,-0.005732839927077293,-0.0037163300439715385,0.0,0.0,0.0,-0.011797796003520489,-0.009138890542089939,-0.00788176991045475,-0.005948374047875404,-0.003083673072978854,0.00854927022010088,0.0,0.0,0.0,0.0,0.0,0.0,0.0,0.0,-0.013879664242267609,-0.036198750138282776,0.0,0.0,0.0,-0.006300459150224924,-0.00851271953433752,-0.00962250679731369,-0.006272781640291214,-0.015547888353466988
-0.010645999573171139,-0.009498815052211285,-0.008331245742738247,-0.0052203345112502575,-0.015275559388101101,-0.036033112555742264,-0.010462762787938118,0.0,0.0,0.0,0.0,0.0,0.0,0.0,0.0,0.0,0.0,0.0,0.0,0.0,0.0,0.0,0.0,-0.004900327883660793,-0.004657832905650139,-0.011348014697432518,-0.013445861637592316,-0.012030456215143204,-0.013409982435405254,-0.014540531672537327,-0.01703258603811264,0.010757552459836006,-0.015152903273701668,0.0,-0.008088316768407822,-0.008049407042562962,-0.0065470547415316105,-0.01005468238145113,-0.016102459281682968,-0.010882074944674969,-0.008897140622138977
-0.01039198413491249,-0.009438461624085903,-0.008845090866088867,-0.0064545851200819016,-0.011506839655339718,-0.03906293958425522,0.0,0.0,0.0,0.0,0.0,0.0,-0.0026895927730947733,-0.005386297591030598,-0.007727007381618023,-0.009243614971637726,-0.009225031360983849,-0.005291379056870937,-0.0073243677616119385,-0.00851360522210598,-0.008736977353692055,-0.008496666327118874,-0.008352542296051979,-0.01304528396576643,-0.012854496948421001,-0.017591362819075584,-0.02153717167675495,-0.02156837284564972,-0.02701699361205101,-0.028075674548745155,-0.025870338082313538,-0.012665772810578346,-0.020331427454948425,-0.0053518060594797134,-0.012649128213524818,-0.008660485967993736,-0.002727259648963809,-0.005519349128007889,-0.004622241482138634,-0.006804833188652992,-0.007751668803393841
-0.011315650306642056,-0.007108781486749649,-0.007489016279578209,-0.004222675692290068,-0.006391053553670645,-0.02210346981883049,0.0,0.0,-0.007846723310649395,-0.004073002841323614,-0.0051313177682459354,-0.006695885676890612,-0.0008223649929277599,-0.002757264534011483,-0.005541107151657343,-0.0071226912550628185,-0.008267656899988651,-0.005098006688058376,-0.009587437845766544,-0.012247716076672077,-0.013297428376972675,-0.013471975922584534,-0.011963470838963985,-0.0041356380097568035,-0.002698946511372924,-0.004134608432650566,-0.009556282311677933,-0.013726618140935898,-0.014020798727869987,-0.0157623328268528,-0.010409004054963589,-0.005677743814885616,-0.010386589914560318,-0.007448005490005016,-0.006210484076291323,0.00031468705856241286,-0.0036397988442331553,-0.007209383882582188,-0.0015492393868044019,-0.003068322315812111,-0.005419203545898199
-0.0064184097573161125,-0.0018784867133945227,-0.005833386443555355,-0.004706587642431259,-0.00042258278699591756,-0.0012101534521207213,0.0007510365103371441,-0.005136295687407255,-0.008760171011090279,-0.003893231274560094,-0.004979792051017284,-0.0010140797821804881,0.01017055381089449,0.01239362545311451,0.012780294753611088,0.01290547288954258,0.012089812196791172,0.01092778891324997,0.003241865197196603,-0.0003376779204700142,-0.0029325869400054216,-0.005013857502490282,-0.004386488813906908,0.0034279017709195614,0.006001547444611788,0.008188867941498756,0.0035993342753499746,-0.00320717366412282,-0.001015611458569765,-0.005701147019863129,-0.007778735365718603,-0.008285324089229107,-0.007040827069431543,-0.0014202836900949478,0.0001150070020230487,0.004283807706087828,0.002917312318459153,0.0005145020550116897,-0.0028149234130978584,-0.0035315221175551414,0.0011096539674326777
0.006067400332540274,0.000891491596121341,-0.0027728250715881586,-0.006280812434852123,0.0036145425401628017,0.0065131280571222305,0.0001956303749466315,-0.007526166271418333,0.0029999802354723215,0.0062347534112632275,0.007477493491023779,0.014688964933156967,0.015151702798902988,0.016214879229664803,0.016197292134165764,0.014817013405263424,0.014898763038218021,0.014445493929088116,0.013935955241322517,0.011903151869773865,0.010088038630783558,0.005690526217222214,0.0042927986942231655,0.003604001132771373,0.0038649665657430887,0.008294079452753067,0.006409510504454374,0.00653087580576539,0.0038564528804272413,-3.516582728479989e-05,-0.0038274372927844524,-0.009306591935455799,-0.00802571140229702,0.00022072061256039888,0.00194190361071378,0.004090066999197006,0.005144740454852581,0.0051049720495939255,0.00556947523728013,0.005189321003854275,0.0049972860142588615
0.025861769914627075,0.006451109889894724,0.007159299682825804,0.0006269763689488173,0.0015937193529680371,0.0007067867554724216,0.002884679241105914,0.0026394843589514494,0.006657719612121582,0.008408280089497566,0.00885211955755949,0.010648568160831928,0.014101867564022541,0.015766691416502,0.015732213854789734,0.012019137851893902,0.011074521578848362,0.010156985372304916,0.01374470628798008,0.012169436551630497,0.011881768703460693,0.013786209747195244,0.013001316227018833,0.011854204349219799,0.010880909860134125,0.009998219087719917,0.008967490866780281,0.010477045550942421,0.00762439239770174,0.004194503650069237,0.0017704025376588106,0.0009237804915755987,0.0005811938899569213,0.0019168492872267962,0.0033829896710813046,0.005387997254729271,0.006751434411853552,0.00809483788907528,0.012150985188782215,0.012366303242743015,0.012509582564234734
0.0275286752730608,0.01814769208431244,0.01083366572856903,0.009360766038298607,0.005634772591292858,0.0001248438929906115,0.0050405776128172874,0.005593453999608755,0.007748703937977552,0.008122733794152737,0.008341893553733826,0.009486180730164051,0.01291058212518692,0.014395080506801605,0.014651869423687458,0.01614818349480629,0.015508744865655899,0.01420843880623579,0.013271564617753029,0.011976038105785847,0.011752909980714321,0.014384170062839985,0.013318043202161789,0.011990034952759743,0.010476448573172092,0.00973462499678135,0.009234174154698849,0.009551950730383396,0.006978041026741266,0.0035290508531033993,0.0015026364708319306,0.004171263892203569,0.0041067590937018394,0.004982340149581432,0.006977132987231016,0.009589691646397114,0.010170812718570232,0.011768374592065811,0.012292956933379173,0.012476482428610325,0.013150044716894627
