dougfraga/big_21.json
{"header": {"parameterUnit": "m.s-1", "parameterNumber": 2, "dx": 0.016666000000000736, "dy": 0.016666000000000736, "parameterNumberName": "Eastward current", "la1": -22.891645999999998, "la2": -24.0416, "parameterCategory": 2, "lo2": -43.225054, "nx": 95, "ny": 70, "refTime": "2022-12-18 21:00:00", "lo1": -44.79166}, "data":
[rows 36 to 53 of 70, columns 42 to 83 of 95]
0.061853326857089996,0.05824196711182594,0.057321250438690186,0.053253237158060074,0.04591896012425423,0.04166628420352936,0.03993205726146698,0.03996938467025757,0.04259280115365982,0.04453510418534279,0.04459760710597038,0.045482102781534195,0.04677187651395798,0.04824038967490196,0.049029167741537094,0.04979005828499794,0.05190199241042137,0.05439756438136101,0.05717134848237038,0.06198122724890709,0.06446424126625061,0.06455696374177933,0.06593581289052963,0.06688715517520905,0.06623803079128265,0.06771233677864075,0.07215817272663116,0.0788462683558464,0.08316481113433838,0.0829300507903099,0.08249139785766602,0.08220117539167404,0.08454697579145432,0.08629488199949265,0.08648662269115448,0.08783937990665436,0.08937864005565643,0.09051837027072906,0.0899711325764656,0.09308787435293198,0.10242827236652374,0.10632649064064026
0.06332474201917648,0.06120336428284645,0.05478272587060928,0.048442889004945755,0.044654976576566696,0.03951914235949516,0.03505208343267441,0.03590536117553711,0.037623804062604904,0.03992438688874245,0.04143894836306572,0.04261130839586258,0.0440409779548645,0.04574993997812271,0.04748144745826721,0.04977107048034668,0.05525776743888855,0.06040790304541588,0.06309790909290314,0.0655902549624443,0.06711377948522568,0.06845307350158691,0.06984520703554153,0.0709257498383522,0.07155806571245193,0.07313775271177292,0.07716664671897888,0.08207891881465912,0.0846840962767601,0.08431614190340042,0.08220981061458588,0.0836026668548584,0.08622290194034576,0.08604910969734192,0.08647340536117554,0.08775845915079117,0.08915365487337112,0.09061703830957413,0.09378513693809509,0.09944187104701996,0.10338462144136429,0.10262825340032578
0.05818186700344086,0.05492283031344414,0.05222819373011589,0.0446295328438282,0.03506378456950188,0.031987354159355164,0.03177901357412338,0.032177504152059555,0.034038785845041275,0.03670371323823929,0.03880409896373749,0.040209777653217316,0.041687820106744766,0.04406889155507088,0.04898755997419357,0.053426384925842285,0.057022083550691605,0.06148441880941391,0.06495153158903122,0.06735710054636002,0.0691782608628273,0.07111166417598724,0.07287205755710602,0.07419434189796448,0.07417465001344681,0.07229631394147873,0.07562695443630219,0.08132527023553848,0.08829393982887268,0.08965419232845306,0.08558367937803268,0.08590434491634369,0.08550235629081726,0.08501990884542465,0.08487356454133987,0.08568280935287476,0.08714371174573898,0.08836524188518524,0.09196668863296509,0.09703568369150162,0.09849894046783447,0.09667439758777618
0.05573565885424614,0.04927599057555199,0.04284312203526497,0.03516199067234993,0.03120012953877449,0.030352437868714333,0.029514051973819733,0.030142081901431084,0.031514476984739304,0.03376901522278786,0.03591066971421242,0.037563033401966095,0.04148905351758003,0.045293983072042465,0.04774073511362076,0.05110093578696251,0.05507015809416771,0.059318482875823975,0.06285367906093597,0.06561417132616043,0.06806202977895737,0.07051878422498703,0.07297082990407944,0.07541689276695251,0.07820796966552734,0.0823894515633583,0.0880390927195549,0.09272383898496628,0.09446557611227036,0.09173846989870071,0.09088579565286636,0.08999578654766083,0.08581126481294632,0.08372010290622711,0.08260146528482437,0.0832107663154602,0.08374010026454926,0.08458492904901505,0.08841583132743835,0.09093932062387466,0.0900784432888031,0.08825083076953888
0.04696587100625038,0.04105158522725105,0.03760330006480217,0.03396210819482803,0.02987205982208252,0.028133155778050423,0.02778455801308155,0.028175679966807365,0.029126662760972977,0.031182503327727318,0.0350077785551548,0.03792225569486618,0.03966125473380089,0.04211131110787392,0.044798266142606735,0.048577528446912766,0.05341361463069916,0.05815460532903671,0.06213477998971939,0.06545185297727585,0.06838408857584,0.07108379900455475,0.07408423721790314,0.07800070941448212,0.08252870291471481,0.08736282587051392,0.09194725006818771,0.09453999996185303,0.09512441605329514,0.09731755405664444,0.0961335152387619,0.09004539996385574,0.08514784276485443,0.08120647817850113,0.07877356559038162,0.0777120366692543,0.07629465311765671,0.07723141461610794,0.07976604998111725,0.07927951961755753,0.07724261283874512,0.07536344975233078
0.045230135321617126,0.041283752769231796,0.036677777767181396,0.032797958701848984,0.028873112052679062,0.02599623240530491,0.025159526616334915,0.025643138214945793,0.027375806123018265,0.03152558207511902,0.03493182733654976,0.036055780947208405,0.03763559088110924,0.03966760262846947,0.04278039559721947,0.04740435630083084,0.05217853933572769,0.05675854906439781,0.06168093532323837,0.06653064489364624,0.07003673166036606,0.0725594162940979,0.07617749273777008,0.08280922472476959,0.08768872171640396,0.09043432027101517,0.09476124495267868,0.09806155413389206,0.09862871468067169,0.09732569009065628,0.09455791115760803,0.0892997458577156,0.08284534513950348,0.07733596116304398,0.07382195442914963,0.07129364460706711,0.06962525844573975,0.07107463479042053,0.0722716674208641,0.07118238508701324,0.06993179023265839,0.06872976571321487
0.04478127509355545,0.04072153568267822,0.03641389310359955,0.032231930643320084,0.02768460102379322,0.024265464395284653,0.02358705922961235,0.025013014674186707,0.029262056574225426,0.03238612413406372,0.033148642629384995,0.03471324220299721,0.036862291395664215,0.0394120030105114,0.042284946888685226,0.045742034912109375,0.050144243985414505,0.05632363632321358,0.06284412741661072,0.06765127927064896,0.0728747621178627,0.07740218192338943,0.08024348318576813,0.08395455032587051,0.08801811188459396,0.09204031527042389,0.0956229716539383,0.09731100499629974,0.09639102220535278,0.09322236478328705,0.08853969722986221,0.0829857662320137,0.07793913036584854,0.07443072646856308,0.07163366675376892,0.06972216069698334,0.0689673125743866,0.07017312198877335,0.07030564546585083,0.0683976411819458,0.06710460782051086,0.0655776858329773
0.04158792272210121,0.03789696469902992,0.03387963026762009,0.02983863838016987,0.026116959750652313,0.024674072861671448,0.02747003734111786,0.03015398234128952,0.030889315530657768,0.032080065459012985,0.0335732065141201,0.03561391308903694,0.03820148482918739,0.04029282554984093,0.04187114164233208,0.04529770463705063,0.05188882723450661,0.05960113927721977,0.06531823426485062,0.07081707566976547,0.07456817477941513,0.0759793147444725,0.07873547822237015,0.08262548595666885,0.0868147760629654,0.09053781628608704,0.09266482293605804,0.09251783788204193,0.09032326936721802,0.08695776760578156,0.08260677754878998,0.0776035338640213,0.07464893162250519,0.07282819598913193,0.07090744376182556,0.06979332119226456,0.06873566657304764,0.0696047767996788,0.0698951929807663,0.06749308109283447,0.06523405760526657,0.06279824674129486
0.03747362643480301,0.03428321331739426,0.030573541298508644,0.027483338490128517,0.027770504355430603,0.02862134762108326,0.029016001150012016,0.030936244875192642,0.032695405185222626,0.034029990434646606,0.03560077026486397,0.03755706176161766,0.03958921507000923,0.04045071825385094,0.0410933718085289,0.04618963226675987,0.05438299477100372,0.060891292989254,0.06711079180240631,0.07103618234395981,0.07169540226459503,0.07308165729045868,0.07572773098945618,0.07950859516859055,0.08323483169078827,0.08559558540582657,0.08608550578355789,0.08494838327169418,0.08196599781513214,0.07817032933235168,0.07558297365903854,0.07387217879295349,0.07287850230932236,0.07136058062314987,0.06926864385604858,0.06839951127767563,0.06884374469518661,0.06956996768712997,0.06885925680398941,0.06648685038089752,0.06346038728952408,0.05986984074115753
0.03294691815972328,0.030310973525047302,0.0289425291121006,0.02820371650159359,0.027310162782669067,0.028233231976628304,0.030141791328787804,0.0323319248855114,0.034324053674936295,0.03591646999120712,0.03755413740873337,0.03925560787320137,0.04039790481328964,0.03994942456483841,0.03729579597711563,0.05047297850251198,0.06142626702785492,0.06149403005838394,0.06616588681936264,0.06669303774833679,0.06671908497810364,0.06752026826143265,0.06980191916227341,0.07272205501794815,0.0749836415052414,0.07582899183034897,0.0756022185087204,0.07497036457061768,0.07444342225790024,0.07362329214811325,0.07232290506362915,0.07180022448301315,0.0708020031452179,0.06879737973213196,0.06745690852403641,0.06759048998355865,0.06908582150936127,0.06982120126485825,0.06851185858249664,0.06548250466585159,0.06149826943874359,0.056819286197423935
0.02934414893388748,0.029360860586166382,0.02913903072476387,0.027546361088752747,0.02735854685306549,0.02854357473552227,0.030635744333267212,0.03287358209490776,0.034812409430742264,0.03659813106060028,0.03824780136346817,0.03953108191490173,0.04061251878738403,0.04379318654537201,0.050005290657281876,0.056259796023368835,0.061594706028699875,0.06384836882352829,0.0631679818034172,0.0619831308722496,0.060639090836048126,0.06110091879963875,0.06335024535655975,0.065980926156044,0.06835800409317017,0.07051560282707214,0.0717654600739479,0.07166536152362823,0.07174057513475418,0.07132280617952347,0.06997710466384888,0.06922245025634766,0.0681915208697319,0.06664793938398361,0.06631605327129364,0.06763492524623871,0.06962815672159195,0.0704587921500206,0.0685192346572876,0.06458020210266113,0.059748727828264236,0.05424796789884567
0.030886400490999222,0.03100394830107689,0.029079347848892212,0.028330227360129356,0.027877692133188248,0.02775588631629944,0.028868073597550392,0.030848484486341476,0.03294156491756439,0.03517235070466995,0.03743123635649681,0.03920898586511612,0.0411631278693676,0.046881623566150665,0.05376540869474411,0.05986250936985016,0.06301836669445038,0.06155190244317055,0.05949199199676514,0.05745397135615349,0.056258153170347214,0.057738687843084335,0.06141524389386177,0.06492459774017334,0.06771509349346161,0.06954094767570496,0.0702027752995491,0.07063190639019012,0.07066937536001205,0.06935662776231766,0.06757189333438873,0.06633065640926361,0.06532374024391174,0.06503484398126602,0.06613664329051971,0.06819592416286469,0.07019298523664474,0.07089294493198395,0.06906327605247498,0.063871368765831,0.057581447064876556,0.05181233584880829
0.031471483409404755,0.030369417741894722,0.029346851631999016,0.028789086267352104,0.02790915034711361,0.02745726890861988,0.02847694791853428,0.03049408085644245,0.0328093096613884,0.03548683226108551,0.03831639885902405,0.04039612039923668,0.04203670844435692,0.04684089124202728,0.05414857715368271,0.0577663891017437,0.05796380713582039,0.05743248388171196,0.05624864250421524,0.05508502572774887,0.05522164702415466,0.0578061006963253,0.062166325747966766,0.06566514074802399,0.06758886575698853,0.06887741386890411,0.06889847666025162,0.06868479400873184,0.06823176890611649,0.06651628017425537,0.06465074419975281,0.06349417567253113,0.06314899772405624,0.06402825564146042,0.06611250340938568,0.06869460642337799,0.07135521620512009,0.07224676758050919,0.06879042834043503,0.06223855912685394,0.055690329521894455,0.04970518499612808
0.030445385724306107,0.02968478389084339,0.028629686683416367,0.027478748932480812,0.026647845283150673,0.026991501450538635,0.028771666809916496,0.03093576617538929,0.03318014368414879,0.03581484407186508,0.03812414035201073,0.040160469710826874,0.04281051829457283,0.04589652270078659,0.05154348537325859,0.054967742413282394,0.05421905219554901,0.05353771895170212,0.05292700231075287,0.0535527840256691,0.055418189615011215,0.05857507884502411,0.06230039522051811,0.06463005393743515,0.06575844436883926,0.06667231768369675,0.06679870188236237,0.06602109968662262,0.06453438103199005,0.06304226070642471,0.061519622802734375,0.060744211077690125,0.061178117990493774,0.06283536553382874,0.06614759564399719,0.06988516449928284,0.07253071665763855,0.07244167476892471,0.06804481148719788,0.06184426322579384,0.056203581392765045,0.05007984861731529
0.026290616020560265,0.025844000279903412,0.025043729692697525,0.024703804403543472,0.025175053626298904,0.026692159473896027,0.02872803620994091,0.03097105212509632,0.03381239250302315,0.03623613342642784,0.03770811855792999,0.03951813280582428,0.0444917269051075,0.04816451668739319,0.049544479697942734,0.051229216158390045,0.05104472488164902,0.05057334527373314,0.051214247941970825,0.052971001714468,0.05563068389892578,0.058538585901260376,0.06093243137001991,0.06217528507113457,0.062369454652071,0.0632389560341835,0.06354104727506638,0.06196942552924156,0.06034137308597565,0.059478845447301865,0.05879747122526169,0.0584334172308445,0.05907093733549118,0.061669643968343735,0.06600692868232727,0.07110194116830826,0.07346781343221664,0.07097718119621277,0.06715645641088486,0.06718074530363083,0.06279423832893372,0.05217154324054718
0.018629565834999084,0.019162988290190697,0.02003549225628376,0.021602613851428032,0.023625291883945465,0.02559470199048519,0.02787458710372448,0.031538765877485275,0.03801886737346649,0.040748342871665955,0.03966581076383591,0.04075116664171219,0.042718589305877686,0.045494019985198975,0.048025112599134445,0.049381058663129807,0.049612194299697876,0.04987344518303871,0.050898730754852295,0.052925385534763336,0.05550402030348778,0.05768163874745369,0.058358147740364075,0.05806802585721016,0.05844970420002937,0.05953655391931534,0.05914127454161644,0.05733953416347504,0.056467264890670776,0.056385450065135956,0.05640605837106705,0.05603771656751633,0.05660591647028923,0.05984807014465332,0.06523872166872025,0.07083220779895782,0.07252661138772964,0.0702267661690712,0.07195363193750381,0.07026303559541702,0.061453916132450104,0.05240948498249054
0.013039261102676392,0.013933799229562283,0.01567993126809597,0.018270930275321007,0.021254850551486015,0.02435741014778614,0.028158685192465782,0.0364251434803009,0.041455596685409546,0.03965160995721817,0.038944415748119354,0.04027274250984192,0.04339899495244026,0.04678195342421532,0.048782408237457275,0.049536559730768204,0.04986046254634857,0.050242483615875244,0.051319725811481476,0.053070567548274994,0.054665252566337585,0.055718760937452316,0.054930005222558975,0.05402565747499466,0.0547357015311718,0.055253300815820694,0.054511915892362595,0.05344541743397713,0.05324379354715347,0.05355745926499367,0.053889743983745575,0.05363773554563522,0.05447817221283913,0.05849812924861908,0.06451204419136047,0.06986897438764572,0.07054156064987183,0.0739283487200737,0.06903249025344849,0.06927935034036636,0.06904006004333496,0.052345748990774155
0.009733947925269604,0.011677931994199753,0.014679111540317535,0.018123265355825424,0.021905098110437393,0.02522011660039425,0.029437873512506485,0.03940824046730995,0.04335077106952667,0.03898096829652786,0.0386907160282135,0.04140738397836685,0.045584648847579956,0.04856758937239647,0.04970710724592209,0.049928367137908936,0.0497749000787735,0.05046429485082626,0.05203605815768242,0.05316293612122536,0.05329931154847145,0.05290503054857254,0.05230879783630371,0.05173557624220848,0.05162571370601654,0.05149178206920624,0.05086663365364075,0.05049312114715576,0.05052289739251137,0.05104440450668335,0.051582179963588715,0.05148886516690254,0.05258667469024658,0.05709806829690933,0.06346729397773743,0.06751485168933868,0.07263127714395523,0.07615996152162552,0.07291332632303238,0.06834276765584946,0.06037203222513199,0.048962436616420746
