dougfraga/big_12.json
{"header": {"parameterUnit": "m.s-1", "parameterNumber": 2, "dx": 0.016666000000000736, "dy": 0.016666000000000736, "parameterNumberName": "Eastward current", "la1": -22.891645999999998, "la2": -24.0416, "parameterCategory": 2, "lo2": -43.225054, "nx": 95, "ny": 70, "refTime": "2022-12-18 12:00:00", "lo1": -44.79166}, "data":
[rows 0 to 18 of 70, columns 42 to 83 of 95]
0.0,0.0,0.0,0.0,0.0,0.0,0.0,0.0,0.0,0.0,0.0,0.0,0.0,0.0,0.0,0.0,0.0,0.0,0.0,0.0,0.0,0.0,0.0,0.0,0.0,0.0,0.0,0.0,0.0,0.0,0.0,0.0,0.0,0.0,0.0,0.0,0.0,0.0,0.0,0.0,0.0,0.0
0.0,0.0,0.0,0.0,0.0,0.0,0.0,0.0,0.0,0.0,0.0,0.0,0.0,0.0,0.0,0.0,0.0,0.0,0.0,0.0,0.0,0.0,0.0,0.0,0.0,0.0,0.0,0.0,0.0,0.0,0.0,0.0,0.0,0.0,0.0,0.0,0.0,0.0,0.0,0.0,0.0,0.0
0.0,0.0,0.0,0.0,0.0,0.0,0.0,0.0,0.0,0.0,0.0,0.0,0.0,-3.029649806112619e-19,0.0,0.0,0.0,0.0,0.0,0.0,0.0,0.0,0.0,0.0,0.0,0.0,0.0,0.0,0.0,0.0,0.0,0.0,0.0,0.0,0.0,0.0,0.0,0.0,0.0,0.0,0.0,0.0
0.0,0.0,0.0,0.0,0.0,0.0,0.0,0.0,-6.944538481009714e-19,0.0,0.0,0.0,0.0,-0.00033083371818065643,-0.00033083371818065643,0.0,-0.0018726574489846826,-0.0018726574489846826,0.0,0.0,0.0,0.0,0.0,0.0,0.0,0.0,0.0,0.0,0.0,0.0,0.0,0.0,0.0,0.0,0.0,0.0,0.0,0.0,0.0,0.0,0.0,0.0
0.0,-0.0006699042860418558,-0.0006699042860418558,0.0,0.0,0.00573556125164032,0.009289048612117767,0.0038601949345320463,-0.000660610618069768,-0.008295145817101002,-0.007327827624976635,0.0,0.0,-0.002251856727525592,-0.0035484156105667353,-0.00150627875700593,0.0023845615796744823,0.007770213298499584,0.009490696713328362,0.005678172688931227,0.0013634075876325369,0.0,0.0,0.0,0.0,0.0,0.0,0.0,0.0,0.0,0.0,0.0,0.0,0.0,0.0,0.0,0.0,0.0,0.0,0.0,0.0,0.0
0.0,-0.001897944137454033,-0.001897944137454033,0.0,-0.0036166042555123568,-0.00749770924448967,-0.009683712385594845,-0.013223612681031227,-0.015054279938340187,-0.01866682805120945,-0.024030912667512894,-0.02777586318552494,-0.025353707373142242,-0.014173022471368313,-0.004054868593811989,0.0013236615341156721,0.005709443241357803,0.008993667550384998,0.010410331189632416,0.012286849319934845,0.015102298930287361,0.0081608472391963,0.0,0.0,0.0,0.0,0.0,0.0,0.0,0.0,0.0,0.0,0.0,0.0,0.0,0.0,0.0,0.0,0.0,0.0,0.0,0.0
0.0,-0.0030707786791026592,-0.005469264462590218,-0.004291835706681013,-0.002485025441274047,-0.0013289953349158168,-0.004805365577340126,-0.014467496424913406,-0.02323351800441742,-0.023823026567697525,-0.023312607780098915,-0.022373279556632042,-0.015655620023608208,-0.007324526086449623,-0.0006164946826174855,0.004298356827348471,0.008131265640258789,0.011576994322240353,0.014754205010831356,0.018665337935090065,0.024845045059919357,0.030384745448827744,0.016092874109745026,0.0,0.0,0.0,0.0,0.0,0.0,0.0,0.0,0.0,0.0,0.0,0.0,0.0,0.0,0.0,0.0,0.0,0.0,0.0
-0.0006876644911244512,0.0016295484965667129,0.00593428174033761,0.004996863193809986,0.0014663881156593561,-0.003792985575273633,-0.013978332281112671,-0.023166509345173836,-0.02688971348106861,-0.027027025818824768,-0.02301093377172947,-0.01707645133137703,-0.010650889948010445,-0.0036743832752108574,0.0014659271109849215,0.005680027883499861,0.009866071864962578,0.01438687089830637,0.019474327564239502,0.025361260399222374,0.03348449245095253,0.04668852314352989,0.06718536466360092,0.07551011443138123,0.06180846691131592,0.025951936841011047,0.0,0.0,0.0,0.0,0.0,0.0,0.0,0.0,0.0,0.0,0.0,0.0,0.0,0.0,0.0,0.0
0.012322161346673965,0.014482887461781502,0.013623327948153019,0.0073636076413095,-0.0030520418658852577,-0.008837435394525528,-0.015491430647671223,-0.025218553841114044,-0.03101818636059761,-0.03288163244724274,-0.026271451264619827,-0.015487505123019218,-0.0063272747211158276,-0.0010272710351273417,0.002428937004879117,0.007361451629549265,0.012395241297781467,0.017246374860405922,0.023395711556077003,0.030371688306331635,0.04050866886973381,0.056619755923748016,0.0727820172905922,0.08092108368873596,0.08431179821491241,0.09569025039672852,0.10344742238521576,0.10074873268604279,0.09636004269123077,0.08076164871454239,0.034315090626478195,0.0,0.0,0.0,0.0,0.0,0.0,0.0,0.0,0.0,0.0,0.0
0.006120614241808653,0.0033525063190609217,0.00721539743244648,0.005452594719827175,-0.004365197382867336,-0.01056748442351818,-0.020863447338342667,-0.032630808651447296,-0.038071826100349426,-0.03413141146302223,-0.023590585216879845,-0.014543219469487667,-0.007226189598441124,-0.003544316627085209,0.0005905992584303021,0.00939115695655346,0.015341449528932571,0.017949499189853668,0.023048989474773407,0.0301893912255764,0.04080739617347717,0.061777785420417786,0.07957853376865387,0.08607027679681778,0.0932435691356659,0.10324354469776154,0.10959075391292572,0.10978840291500092,0.10837016254663467,0.10576597601175308,0.0795324295759201,0.027388237416744232,0.0,0.0,0.0,0.0,0.0,0.0,0.017980027943849564,0.044094789773225784,0.04899553209543228,0.04517205432057381
0.00828105490654707,0.005311609711498022,0.002549182390794158,0.0015623347135260701,0.0005944692529737949,-0.006162460893392563,-0.004492860287427902,0.0,0.0,-0.007761635351926088,-0.015380144119262695,-0.014133174903690815,-0.006514666136354208,0.0,0.0,0.0,0.0012984828790649772,0.006682263687252998,0.013864436186850071,0.02015089802443981,0.021438272669911385,0.009768029674887657,0.0,0.0,0.0,0.0,0.0,0.0,0.0,0.0,-0.0027451706118881702,-0.0027451706118881702,0.0,0.0,0.0,0.022852979600429535,0.04803552106022835,0.05888550356030464,0.06831806898117065,0.07151679694652557,0.07707948237657547,0.08632118254899979
0.01261256542056799,0.009062978439033031,0.004442790523171425,0.0008455286733806133,-0.0013155561173334718,-0.0018026457400992513,0.0,0.0,0.0,0.0,0.0,0.0,0.0,0.0,0.0,0.0,0.0,0.0,0.0,0.0,0.0,0.0,0.01881350390613079,0.03427360951900482,0.03367596119642258,0.04135661572217941,0.04135395586490631,0.03583512455224991,0.02955087088048458,0.023176217451691628,0.024664079770445824,0.013416801579296589,0.0,0.015567433089017868,0.04630360007286072,0.05718464404344559,0.06215624883770943,0.07202700525522232,0.08041404187679291,0.08434879034757614,0.08044922351837158,0.08402800559997559
0.014294362626969814,0.010938801802694798,0.011102763004601002,0.004248759243637323,-0.0007895500748418272,0.0,0.0,0.0,0.0,0.0,0.0,0.012073089368641376,0.0276330653578043,0.032808832824230194,0.03631800413131714,0.0424639992415905,0.04088587686419487,0.03604593127965927,0.03784523531794548,0.038873203098773956,0.038900647312402725,0.039610277861356735,0.03891782462596893,0.04164527356624603,0.05022811144590378,0.05609339103102684,0.0573144406080246,0.056535132229328156,0.05423573777079582,0.048016149550676346,0.051816657185554504,0.08090562373399734,0.09222277253866196,0.07468083500862122,0.062124401330947876,0.06098516285419464,0.07634060084819794,0.08615582436323166,0.08299382776021957,0.08085258305072784,0.08498044312000275,0.09520085155963898
0.017457792535424232,0.015469818376004696,0.01747191697359085,0.014301770366728306,0.005086972843855619,0.0,0.0,0.019799433648586273,0.035717517137527466,0.03413429856300354,0.04164187237620354,0.03985704481601715,0.03424172103404999,0.036750584840774536,0.03794391080737114,0.03821452707052231,0.03682009130716324,0.035621095448732376,0.03618328645825386,0.036239176988601685,0.03677182272076607,0.0414031483232975,0.04209323599934578,0.053828682750463486,0.06919775158166885,0.06341180205345154,0.06315986812114716,0.06459151208400726,0.05456075817346573,0.04691455513238907,0.047541216015815735,0.06628015637397766,0.08148753643035889,0.06992380321025848,0.06455432623624802,0.07563544809818268,0.08425721526145935,0.08888763189315796,0.09430710971355438,0.09086684137582779,0.08527408540248871,0.08957387506961823
0.01509951800107956,0.017921069636940956,0.02896413393318653,0.037657950073480606,0.046935200691223145,0.053704485297203064,0.05659674480557442,0.05168537423014641,0.04050309583544731,0.04218641668558121,0.0424167662858963,0.039184071123600006,0.04005255550146103,0.04121594876050949,0.04190864413976669,0.0418369397521019,0.040054306387901306,0.038518451154232025,0.038498107343912125,0.038549162447452545,0.03860729932785034,0.03970106691122055,0.04134565591812134,0.04663229361176491,0.046287331730127335,0.0424242801964283,0.04403137415647507,0.04403004050254822,0.042152345180511475,0.04124103859066963,0.04655388370156288,0.06823156028985977,0.08213463425636292,0.07699909806251526,0.07559546828269958,0.07818547636270523,0.08080960065126419,0.08287059515714645,0.08586268126964569,0.08877763897180557,0.09234382212162018,0.09963635355234146
0.020487019792199135,0.028582477942109108,0.035364191979169846,0.04391881823539734,0.05033235251903534,0.053737934678792953,0.055384326726198196,0.052469316869974136,0.04585553705692291,0.04455370083451271,0.043364979326725006,0.041940655559301376,0.04206027835607529,0.04282570257782936,0.0432678759098053,0.04398108273744583,0.04812947288155556,0.046737849712371826,0.0424521341919899,0.043293219059705734,0.04275031015276909,0.042581431567668915,0.043545350432395935,0.04444030672311783,0.04514345899224281,0.04886448010802269,0.04756440967321396,0.04351705685257912,0.045176174491643906,0.05542905628681183,0.07041675597429276,0.07739713042974472,0.07770044356584549,0.07587029784917831,0.07623528689146042,0.0796486958861351,0.08594825863838196,0.08722035586833954,0.08709955960512161,0.09216718375682831,0.09689664840698242,0.10081633180379868
0.02835768274962902,0.03496145084500313,0.04002244025468826,0.04680689424276352,0.05976428464055061,0.06392790377140045,0.05616116151213646,0.05080229789018631,0.04831424728035927,0.047721151262521744,0.05044316127896309,0.049281202256679535,0.04582570493221283,0.046736083924770355,0.046471863985061646,0.04615434259176254,0.04678313061594963,0.046349409967660904,0.04642646014690399,0.050321031361818314,0.04886133223772049,0.04535263031721115,0.04705541953444481,0.048234060406684875,0.04865546524524689,0.04838604852557182,0.04728681594133377,0.04643501341342926,0.04808160662651062,0.05463646352291107,0.0640372484922409,0.0717540755867958,0.07541368901729584,0.07637874782085419,0.07829205691814423,0.08127322047948837,0.0837811827659607,0.0854271948337555,0.08876367658376694,0.09342315047979355,0.09777888655662537,0.1025645062327385
0.03464934974908829,0.04123244807124138,0.05543607473373413,0.05972788482904434,0.06110304594039917,0.058457955718040466,0.06279326975345612,0.06613904982805252,0.06113079562783241,0.05539936199784279,0.050882115960121155,0.049055200070142746,0.048721734434366226,0.05220149829983711,0.05110673978924751,0.047908369451761246,0.049356959760189056,0.05009005591273308,0.04991777986288071,0.05023524537682533,0.05000666156411171,0.0496780090034008,0.0502123199403286,0.050657592713832855,0.05138259753584862,0.0539226271212101,0.052493803203105927,0.050625354051589966,0.05957067757844925,0.07016617804765701,0.07336199283599854,0.07357501983642578,0.07493645697832108,0.07711581140756607,0.07958053052425385,0.08222450315952301,0.084853395819664,0.08793097734451294,0.09179414063692093,0.09645256400108337,0.10356356203556061,0.1085633710026741
0.028546996414661407,0.04658423364162445,0.05889521911740303,0.06964458525180817,0.07363772392272949,0.07089066505432129,0.06947029381990433,0.06719107180833817,0.06328271329402924,0.058170199394226074,0.062134962528944016,0.06593651324510574,0.06176016107201576,0.057387787848711014,0.0525466650724411,0.051027484238147736,0.051355667412281036,0.051692236214876175,0.05294938012957573,0.06051206216216087,0.06567750126123428,0.06484902650117874,0.06557519733905792,0.06626928597688675,0.06554044038057327,0.060292139649391174,0.05888873338699341,0.06514020264148712,0.0700511783361435,0.07214357703924179,0.073512963950634,0.0746205747127533,0.07616245001554489,0.0790635421872139,0.08415870368480682,0.08734773099422455,0.08966133743524551,0.09443856030702591,0.09927254170179367,0.10349153727293015,0.10718564689159393,0.11050423234701157
