dougfraga/big_15.json
{"header": {"parameterUnit": "m.s-1", "parameterNumber": 3, "dx": 0.016666000000000736, "dy": 0.016666000000000736, "parameterNumberName": "Northward current", "la1": -22.891645999999998, "la2": -24.0416, "parameterCategory": 2, "lo2": -43.225054, "nx": 95, "ny": 70, "refTime": "2022-12-18 15:00:00", "lo1": -44.79166}, "data":
[rows 36 to 53 of 70, columns 0 to 39 of 95]
-0.035664789378643036,-0.035664789378643036,-0.03563902527093887,-0.03577958792448044,-0.03498557582497597,-0.03396954387426376,-0.03229745104908943,-0.030220860615372658,-0.029248006641864777,-0.026843009516596794,-0.024034136906266212,-0.021807357668876648,-0.023049887269735336,-0.02570270001888275,-0.029435085132718086,-0.033661674708127975,-0.03802214190363884,-0.04194111004471779,-0.04530379921197891,-0.049316029995679855,-0.046895790845155716,-0.042019955813884735,-0.034591324627399445,-0.02405494637787342,-0.012508561834692955,-0.00436387537047267,-0.004219327587634325,-0.00708064716309309,-0.014018059708178043,-0.022085735574364662,-0.02940698154270649,-0.03398622199892998,-0.03582238778471947,-0.03305342420935631,-0.027263598516583443,-0.019810153171420097,-0.014530811458826065,-0.010898604989051819,-0.015157453715801239,-0.02147272601723671
-0.031751420348882675,-0.031751420348882675,-0.032302189618349075,-0.032765913754701614,-0.03226274624466896,-0.03160852566361427,-0.03087466210126877,-0.03100023977458477,-0.029935305938124657,-0.027074214071035385,-0.022702202200889587,-0.02139383740723133,-0.02195284701883793,-0.024079062044620514,-0.026978543028235435,-0.029875045642256737,-0.03335344418883324,-0.03629235923290253,-0.04240436851978302,-0.04663078859448433,-0.0466800332069397,-0.04403121396899223,-0.04017253592610359,-0.03064907342195511,-0.01975683867931366,-0.011147810146212578,-0.0056233941577374935,-0.0077650719322264194,-0.012604591436684132,-0.020369283854961395,-0.02900770865380764,-0.03530358523130417,-0.038648203015327454,-0.03623291850090027,-0.03209102526307106,-0.022984188050031662,-0.013513799756765366,-0.009513921104371548,-0.010794177651405334,-0.019221682101488113
-0.027860434725880623,-0.027860434725880623,-0.027816079556941986,-0.028231844305992126,-0.02889879420399666,-0.02984132617712021,-0.03144808113574982,-0.03168049454689026,-0.02957669086754322,-0.026634659618139267,-0.022595737129449844,-0.01972474716603756,-0.01959899440407753,-0.022145742550492287,-0.024595309048891068,-0.025373466312885284,-0.026421748101711273,-0.02876555174589157,-0.036019355058670044,-0.037707652896642685,-0.042352598160505295,-0.040650323033332825,-0.0371888168156147,-0.03301567956805229,-0.025720734149217606,-0.015394593589007854,-0.006715770810842514,-0.009561941958963871,-0.012315354309976101,-0.0191176850348711,-0.02886527217924595,-0.037504952400922775,-0.04285930469632149,-0.04126023128628731,-0.035944513976573944,-0.029148662462830544,-0.018937669694423676,-0.014254185371100903,-0.014611676335334778,-0.0162374097853899
-0.02431233413517475,-0.02431233413517475,-0.02352539822459221,-0.023530032485723495,-0.024680567905306816,-0.027122069150209427,-0.030354339629411697,-0.03088393434882164,-0.030704954639077187,-0.02792614884674549,-0.02084760181605816,-0.01955573447048664,-0.01557217724621296,-0.015986749902367592,-0.021278230473399162,-0.02040843851864338,-0.01905861496925354,-0.019767988473176956,-0.023688536137342453,-0.027602428570389748,-0.03566410765051842,-0.03793037310242653,-0.037033561617136,-0.037223100662231445,-0.03346170857548714,-0.02288212813436985,-0.012011398561298847,-0.010281440801918507,-0.008012520149350166,-0.016766760498285294,-0.026656510308384895,-0.03876757249236107,-0.04853469505906105,-0.048997312784194946,-0.04216624051332474,-0.037682242691516876,-0.029932420700788498,-0.021445875987410545,-0.01693604700267315,-0.010352970100939274
-0.022173985838890076,-0.022173985838890076,-0.02086654119193554,-0.02026786468923092,-0.021104497835040092,-0.022572491317987442,-0.02546711452305317,-0.028528960421681404,-0.031034283339977264,-0.031528204679489136,-0.027973800897598267,-0.020809656009078026,-0.017684338614344597,-0.015139942057430744,-0.014327584765851498,-0.014146767556667328,-0.012827296741306782,-0.01169607974588871,-0.012233136221766472,-0.016775984317064285,-0.025208517909049988,-0.033284615725278854,-0.0383153036236763,-0.04025658220052719,-0.03913690894842148,-0.0327543206512928,-0.022483231499791145,-0.014424830675125122,-0.009935807436704636,-0.01307122316211462,-0.02208675630390644,-0.039480626583099365,-0.05239410698413849,-0.0552418977022171,-0.048481278121471405,-0.04135537147521973,-0.03392745926976204,-0.023893382400274277,-0.00989152304828167,-0.006050575524568558
-0.021937252953648567,-0.021937252953648567,-0.019645286723971367,-0.01688707061111927,-0.017058443278074265,-0.01807931251823902,-0.018846124410629272,-0.02290828339755535,-0.028685782104730606,-0.03414449840784073,-0.03738728165626526,-0.03102201409637928,-0.02673107013106346,-0.01908128336071968,-0.010771213099360466,-0.010545477271080017,-0.00887997169047594,-0.0053893765434622765,-0.004741083364933729,-0.008891100063920021,-0.01769103854894638,-0.028134489431977272,-0.037061017006635666,-0.043735116720199585,-0.04265553504228592,-0.041547294706106186,-0.03381691500544548,-0.02082959935069084,-0.0162239708006382,-0.012192157097160816,-0.019822416827082634,-0.03773989900946617,-0.052535466849803925,-0.05786290392279625,-0.053317856043577194,-0.04335739091038704,-0.03260540962219238,-0.01782013103365898,-0.008019265718758106,-0.004699320066720247
-0.023800861090421677,-0.023800861090421677,-0.021275103092193604,-0.016831813380122185,-0.014539757743477821,-0.013147941790521145,-0.011077901348471642,-0.017000524327158928,-0.024005495011806488,-0.03139585256576538,-0.036757346242666245,-0.038963574916124344,-0.03218882903456688,-0.021985521540045738,-0.014651762321591377,-0.011018606834113598,-0.007020832505077124,-0.001893250155262649,-0.0011944143334403634,-0.004593270365148783,-0.013716919347643852,-0.026519421488046646,-0.04002418741583824,-0.048595573753118515,-0.04784928634762764,-0.046572260558605194,-0.04059083014726639,-0.027613868936896324,-0.01998702809214592,-0.01582157053053379,-0.021478289738297462,-0.036010339856147766,-0.050662051886320114,-0.05609880015254021,-0.05385430157184601,-0.042361434549093246,-0.032267726957798004,-0.01705215312540531,-0.00863567367196083,-0.004234788473695517
-0.027356529608368874,-0.027356529608368874,-0.026455070823431015,-0.021978938952088356,-0.015566310845315456,-0.011324391700327396,-0.007985415868461132,-0.01306135207414627,-0.01953674480319023,-0.026682572439312935,-0.03240066021680832,-0.034231264144182205,-0.031592171639204025,-0.026409203186631203,-0.019989069551229477,-0.015318315476179123,-0.011095781810581684,-0.00553905637934804,7.592989277327433e-05,-0.003174549201503396,-0.009903969243168831,-0.024591831490397453,-0.042220767587423325,-0.05160681903362274,-0.05498659610748291,-0.04965902492403984,-0.041787534952163696,-0.03193684294819832,-0.024183887988328934,-0.022009961307048798,-0.02491872012615204,-0.03467399254441261,-0.048307936638593674,-0.05455037206411362,-0.05052937939763069,-0.03952590748667717,-0.028018565848469734,-0.01857936941087246,-0.010926928371191025,-0.008930198848247528
-0.03076089546084404,-0.03076089546084404,-0.030758081004023552,-0.027998922392725945,-0.02005142718553543,-0.013070928864181042,-0.009194559417665005,-0.010651909746229649,-0.016451815143227577,-0.02426092140376568,-0.02903648465871811,-0.03328029438853264,-0.031044358387589455,-0.026622498407959938,-0.021792331710457802,-0.017970258370041847,-0.01441805437207222,-0.00951171200722456,-0.003083476796746254,-0.006156860385090113,-0.011388792656362057,-0.022965138778090477,-0.03863653913140297,-0.04967913404107094,-0.05450988933444023,-0.05065347999334335,-0.04399506375193596,-0.03599793463945389,-0.028437908738851547,-0.025566937401890755,-0.027546098455786705,-0.033060088753700256,-0.04357834905385971,-0.04988345503807068,-0.04519491270184517,-0.03567948192358017,-0.02565406635403633,-0.018838027492165565,-0.015015922486782074,-0.013991906307637691
-0.03399242088198662,-0.03399242088198662,-0.03345908224582672,-0.031081832945346832,-0.023896627128124237,-0.01457278523594141,-0.009297363460063934,-0.008265119045972824,-0.013059529475867748,-0.023242389783263206,-0.029811175540089607,-0.032083798199892044,-0.030309539288282394,-0.02493726648390293,-0.02013862505555153,-0.01623867265880108,-0.013070200569927692,-0.01013229601085186,-0.008746503852307796,-0.0114676458761096,-0.016907554119825363,-0.025255970656871796,-0.03325481712818146,-0.042747192084789276,-0.04712477698922157,-0.04628675803542137,-0.043498650193214417,-0.03913317620754242,-0.03200298547744751,-0.026301926001906395,-0.027210215106606483,-0.030595092102885246,-0.0360901765525341,-0.040766675025224686,-0.03823947161436081,-0.0319884717464447,-0.025639990344643593,-0.021429631859064102,-0.018463175743818283,-0.01848425716161728
-0.0361594632267952,-0.0361594632267952,-0.03511029854416847,-0.031722959131002426,-0.025036364793777466,-0.015589047223329544,-0.00839297566562891,-0.004406682215631008,-0.008749091066420078,-0.019112171605229378,-0.028171585872769356,-0.029520118609070778,-0.02890501357614994,-0.025184672325849533,-0.020222045481204987,-0.01635485328733921,-0.014037149026989937,-0.013025622814893723,-0.0131140798330307,-0.015172367915511131,-0.019133061170578003,-0.023584162816405296,-0.028294160962104797,-0.03541086986660957,-0.039500705897808075,-0.04019508883357048,-0.0393565371632576,-0.03616124391555786,-0.03123616613447666,-0.027576174587011337,-0.028444437310099602,-0.02973834238946438,-0.031647324562072754,-0.03360222652554512,-0.0333588570356369,-0.030879050493240356,-0.026662975549697876,-0.02476845309138298,-0.02439247816801071,-0.02529560588300228
-0.03662244603037834,-0.03662244603037834,-0.03541100025177002,-0.03207745403051376,-0.025541776791214943,-0.015951938927173615,-0.006075218785554171,0.0026954354252666235,-0.0035740456078201532,-0.012327605858445168,-0.0215513464063406,-0.0275634303689003,-0.029178328812122345,-0.02684723399579525,-0.022449076175689697,-0.018806643784046173,-0.016932299360632896,-0.016676874831318855,-0.016401167958974838,-0.01693115569651127,-0.019300734624266624,-0.020391147583723068,-0.02406722493469715,-0.028891028836369514,-0.03264883905649185,-0.0342402383685112,-0.034730251878499985,-0.03517945483326912,-0.032631807029247284,-0.029956044629216194,-0.028985505923628807,-0.029432028532028198,-0.029814641922712326,-0.029406074434518814,-0.03025125525891781,-0.030481822788715363,-0.030178846791386604,-0.030603395774960518,-0.03137487173080444,-0.03228657692670822
-0.03682871535420418,-0.03682871535420418,-0.0352080762386322,-0.03132724389433861,-0.024802278727293015,-0.017125967890024185,-0.005093518644571304,0.006096309050917625,0.006309460382908583,-0.0007273559458553791,-0.014887478202581406,-0.025781385600566864,-0.031032990664243698,-0.03019016794860363,-0.025437043979763985,-0.022295307368040085,-0.020466916263103485,-0.019440606236457825,-0.017968209460377693,-0.017008043825626373,-0.018744366243481636,-0.01943822018802166,-0.02097132056951523,-0.02352851815521717,-0.02683224342763424,-0.029391689226031303,-0.032322511076927185,-0.03407915681600571,-0.03405488654971123,-0.03239729255437851,-0.02953922376036644,-0.028981368988752365,-0.028644517064094543,-0.02892928197979927,-0.030032392591238022,-0.03171340748667717,-0.03366560861468315,-0.035277508199214935,-0.03646276891231537,-0.03859616070985794
-0.03800317645072937,-0.03800317645072937,-0.03641041740775108,-0.032819248735904694,-0.027030928060412407,-0.020326297730207443,-0.0089951166883111,0.002068197587504983,0.010298237204551697,0.007715891115367413,-0.0057594249956309795,-0.019747506827116013,-0.02934599108994007,-0.03315865248441696,-0.031014911830425262,-0.025774559006094933,-0.022781994193792343,-0.02057642675936222,-0.01783040538430214,-0.015700113028287888,-0.01764756068587303,-0.018379930406808853,-0.019331682473421097,-0.020888064056634903,-0.024348236620426178,-0.028564801439642906,-0.03115195780992508,-0.03231367468833923,-0.03337027505040169,-0.03297627717256546,-0.0319875068962574,-0.03132240101695061,-0.030626561492681503,-0.03100409545004368,-0.03198906406760216,-0.0340581089258194,-0.03801301494240761,-0.040154241025447845,-0.041183434426784515,-0.04187019541859627
-0.040350597351789474,-0.040350597351789474,-0.039821818470954895,-0.038441043347120285,-0.034937817603349686,-0.026370419189333916,-0.016873780637979507,-0.004286568611860275,0.004838511347770691,0.007924892008304596,0.0022718540858477354,-0.01012435182929039,-0.02275688573718071,-0.0319061204791069,-0.035259563475847244,-0.032040148973464966,-0.027757553383708,-0.024171195924282074,-0.017760340124368668,-0.01364972349256277,-0.015029501169919968,-0.016932494938373566,-0.019033661112189293,-0.022659610956907272,-0.026243675500154495,-0.028956972062587738,-0.029981771484017372,-0.031818900257349014,-0.03334547206759453,-0.03391769155859947,-0.03390508517622948,-0.03376658633351326,-0.03390468657016754,-0.03638061136007309,-0.03764073923230171,-0.03915254771709442,-0.04161854833364487,-0.04416372627019882,-0.04498162493109703,-0.04349572956562042
-0.042785752564668655,-0.042785752564668655,-0.04358948394656181,-0.04441102594137192,-0.04389619454741478,-0.03924103081226349,-0.03149918094277382,-0.018433893099427223,-0.003794955788180232,-4.374988566269167e-05,0.0023926084395498037,-0.0042854007333517075,-0.015993624925613403,-0.027153460308909416,-0.033303577452898026,-0.034958548843860626,-0.032585300505161285,-0.030332334339618683,-0.025630014017224312,-0.019490232691168785,-0.014155814424157143,-0.016129521653056145,-0.020060177892446518,-0.02411944791674614,-0.02721954882144928,-0.028041483834385872,-0.02959672547876835,-0.03119947388768196,-0.03273198753595352,-0.03345616161823273,-0.03436818718910217,-0.037080127745866776,-0.03839775174856186,-0.03997147083282471,-0.041661325842142105,-0.04281706362962723,-0.04393550381064415,-0.04726726934313774,-0.04902011156082153,-0.04894114285707474
-0.04488106444478035,-0.04488106444478035,-0.046298589557409286,-0.04814416915178299,-0.04960643872618675,-0.049335625022649765,-0.04315370321273804,-0.02953948639333248,-0.01656031236052513,-0.006894857622683048,-0.00200001266784966,-0.004874575417488813,-0.013482204638421535,-0.023038433864712715,-0.029357226565480232,-0.031750477850437164,-0.032507140189409256,-0.032740429043769836,-0.03162074089050293,-0.025199612602591515,-0.016165396198630333,-0.01825038716197014,-0.02102186717092991,-0.023405393585562706,-0.025746358558535576,-0.02746817097067833,-0.028860190883278847,-0.030347557738423347,-0.031105630099773407,-0.0322575643658638,-0.03567434847354889,-0.03787985444068909,-0.039832983165979385,-0.03998950868844986,-0.041897084563970566,-0.044060494750738144,-0.04805723577737808,-0.05245953053236008,-0.054517269134521484,-0.05495142191648483
-0.04583927243947983,-0.04583927243947983,-0.04679591581225395,-0.04864615574479103,-0.05035692825913429,-0.04993528500199318,-0.04651134833693504,-0.037211570888757706,-0.024165574461221695,-0.011565661989152431,-0.008165162988007069,-0.011535607278347015,-0.01743202656507492,-0.023044360801577568,-0.02692548930644989,-0.02809739112854004,-0.02909369207918644,-0.02976616472005844,-0.02786010317504406,-0.02532525174319744,-0.0211689043790102,-0.020987719297409058,-0.021729934960603714,-0.02353925071656704,-0.025127125903964043,-0.026622911915183067,-0.027189048007130623,-0.028890984132885933,-0.03183390200138092,-0.033775389194488525,-0.034938011318445206,-0.0352405346930027,-0.037605565041303635,-0.039910368621349335,-0.042662590742111206,-0.04685628041625023,-0.05237920582294464,-0.05663338303565979,-0.05798069015145302,-0.057810284197330475
