dougfraga/big_16.json
{"header": {"parameterUnit": "m.s-1", "parameterNumber": 3, "dx": 0.016666000000000736, "dy": 0.016666000000000736, "parameterNumberName": "Northward current", "la1": -22.891645999999998, "la2": -24.0416, "parameterCategory": 2, "lo2": -43.225054, "nx": 95, "ny": 70, "refTime": "2022-12-18 16:00:00", "lo1": -44.79166}, "data":
[rows 36 to 53 of 70, columns 0 to 39 of 95]
-0.03631620109081268,-0.03631620109081268,-0.03628622367978096,-0.036394987255334854,-0.03551926463842392,-0.03431777283549309,-0.032424040138721466,-0.03013204038143158,-0.029077215120196342,-0.02677096799015999,-0.02414827048778534,-0.02207530476152897,-0.02350551262497902,-0.026344290003180504,-0.0303169097751379,-0.034808944910764694,-0.0394112654030323,-0.04350629448890686,-0.04691460356116295,-0.05082517862319946,-0.04842536896467209,-0.04353945329785347,-0.03612045571208,-0.025536727160215378,-0.01381733175367117,-0.005340497475117445,-0.004587400238960981,-0.006666756235063076,-0.013047395274043083,-0.021095307543873787,-0.028719434514641762,-0.033745016902685165,-0.03578804433345795,-0.03296268358826637,-0.026752248406410217,-0.018808728083968163,-0.01306300051510334,-0.009148542769253254,-0.01334508415311575,-0.01968998834490776
-0.03236255794763565,-0.03236255794763565,-0.032848481088876724,-0.033214692026376724,-0.032606348395347595,-0.03177203610539436,-0.03079073689877987,-0.03071623668074608,-0.029599882662296295,-0.026754405349493027,-0.022392790764570236,-0.02110825479030609,-0.021839749068021774,-0.024162426590919495,-0.02735002525150776,-0.030548306182026863,-0.034290023148059845,-0.03727232664823532,-0.04326571524143219,-0.04731519892811775,-0.04743834584951401,-0.04486576467752457,-0.04134191572666168,-0.03206419572234154,-0.021172145381569862,-0.012259735725820065,-0.005867274012416601,-0.007188882678747177,-0.011512809433043003,-0.01925828866660595,-0.02823452651500702,-0.03504234179854393,-0.038810089230537415,-0.03646305203437805,-0.03210924193263054,-0.02265210822224617,-0.012649052776396275,-0.00839558057487011,-0.009434488601982594,-0.01766655407845974
-0.028509052470326424,-0.028509052470326424,-0.028380800038576126,-0.028617626056075096,-0.029085934162139893,-0.029805252328515053,-0.031193435192108154,-0.031284723430871964,-0.02909083105623722,-0.026045242324471474,-0.021859843283891678,-0.018902810290455818,-0.018901696428656578,-0.021657243371009827,-0.024414200335741043,-0.025506069883704185,-0.026796746999025345,-0.02904721535742283,-0.0360160730779171,-0.037528008222579956,-0.04235324636101723,-0.04098067805171013,-0.03813624382019043,-0.03448348492383957,-0.027313686907291412,-0.016603145748376846,-0.006947603076696396,-0.009097490459680557,-0.01138755027204752,-0.01806986704468727,-0.028107676655054092,-0.03729000315070152,-0.04321468994021416,-0.04188347980380058,-0.03648499399423599,-0.02941843867301941,-0.018715830519795418,-0.01371929980814457,-0.013647693209350109,-0.01495605893433094
-0.024978794157505035,-0.024978794157505035,-0.0241328664124012,-0.023919207975268364,-0.024770762771368027,-0.02690814435482025,-0.02994370646774769,-0.0303387138992548,-0.029970770701766014,-0.027028357610106468,-0.019624503329396248,-0.018264252692461014,-0.01434177067130804,-0.014958027750253677,-0.020606674253940582,-0.020020484924316406,-0.018793731927871704,-0.01935015805065632,-0.022919192910194397,-0.02667226828634739,-0.03505605086684227,-0.03791303560137749,-0.037750810384750366,-0.038677748292684555,-0.03516368195414543,-0.02426696941256523,-0.012657473795115948,-0.010392521508038044,-0.007611450273543596,-0.016026286408305168,-0.02587657980620861,-0.038411349058151245,-0.04877977818250656,-0.04979037493467331,-0.043015431612730026,-0.03830974921584129,-0.030310722067952156,-0.02138136513531208,-0.016415288671851158,-0.009548020549118519
-0.022823916748166084,-0.022823916748166084,-0.021479275077581406,-0.020656051114201546,-0.02113533206284046,-0.02225678227841854,-0.02486453577876091,-0.027724672108888626,-0.02995128743350506,-0.030174709856510162,-0.02629150077700615,-0.01900193654000759,-0.01596936210989952,-0.013747395016252995,-0.013305014930665493,-0.013352515175938606,-0.01206069253385067,-0.010774891823530197,-0.010941477492451668,-0.01529633067548275,-0.02401253767311573,-0.03282643482089043,-0.03875269368290901,-0.04156447574496269,-0.0408182218670845,-0.03425132483243942,-0.023652222007513046,-0.015206115320324898,-0.010180975310504436,-0.012803630903363228,-0.02154814451932907,-0.0391397587954998,-0.05250254273414612,-0.05602608621120453,-0.04963230714201927,-0.04236912354826927,-0.03469419479370117,-0.024245640262961388,-0.009693017229437828,-0.005508562549948692
-0.022497376427054405,-0.022497376427054405,-0.0202261321246624,-0.017327124252915382,-0.017045307904481888,-0.017654040828347206,-0.018040291965007782,-0.021777959540486336,-0.02721424028277397,-0.03231353312730789,-0.035299718379974365,-0.0288234893232584,-0.024719396606087685,-0.017479443922638893,-0.009520478546619415,-0.009553859941661358,-0.007897776551544666,-0.004167457111179829,-0.0031619041692465544,-0.007137260865420103,-0.016165368258953094,-0.02741285227239132,-0.03724195435643196,-0.04480510950088501,-0.04423622786998749,-0.04299450293183327,-0.035264406353235245,-0.02204575575888157,-0.016993243247270584,-0.01252656802535057,-0.019974054768681526,-0.03781504929065704,-0.0526900440454483,-0.05858178064227104,-0.05460285022854805,-0.04462088271975517,-0.03340987116098404,-0.018358474597334862,-0.008045157417654991,-0.00425316346809268
-0.024164389818906784,-0.024164389818906784,-0.02169830910861492,-0.017229219898581505,-0.014558028429746628,-0.012730567716062069,-0.010124951601028442,-0.015567945316433907,-0.0221713837236166,-0.02919096127152443,-0.03429865464568138,-0.03658335283398628,-0.03005656599998474,-0.020225198939442635,-0.01323565375059843,-0.009860631078481674,-0.0058708819560706615,-0.0004850977275054902,0.00042664227657951415,-0.002866751980036497,-0.012151326052844524,-0.02556558884680271,-0.03979695215821266,-0.049210723489522934,-0.04922645539045334,-0.047978416085243225,-0.04216080531477928,-0.029142454266548157,-0.02129736728966236,-0.01696881838142872,-0.02244485728442669,-0.03657010570168495,-0.05093199387192726,-0.056783948093652725,-0.05490858107805252,-0.04345523566007614,-0.03298459202051163,-0.017620110884308815,-0.00882991123944521,-0.004005210008472204
-0.0274980328977108,-0.0274980328977108,-0.02659299038350582,-0.022211233153939247,-0.015701623633503914,-0.011009229347109795,-0.006989302579313517,-0.011479174718260765,-0.017462417483329773,-0.024220159277319908,-0.029692402109503746,-0.031654149293899536,-0.029303617775440216,-0.024533841758966446,-0.01843610405921936,-0.013921081088483334,-0.009726453572511673,-0.004104469902813435,0.0016193108167499304,-0.0015858137048780918,-0.008381199091672897,-0.02340121567249298,-0.04157818853855133,-0.05172183737158775,-0.05604856461286545,-0.0510619692504406,-0.04344720020890236,-0.03378624841570854,-0.026020489633083344,-0.02368927001953125,-0.026277877390384674,-0.03548618033528328,-0.048670437186956406,-0.05508928745985031,-0.05118740350008011,-0.040257420390844345,-0.0286778062582016,-0.019140221178531647,-0.011224271729588509,-0.009016149677336216
-0.03071533516049385,-0.03071533516049385,-0.03069598786532879,-0.02804192341864109,-0.020213579759001732,-0.012866034172475338,-0.008280472829937935,-0.009031705558300018,-0.014224464073777199,-0.021620851010084152,-0.02611684799194336,-0.030549241229891777,-0.028664713725447655,-0.024643132463097572,-0.02007562294602394,-0.016338929533958435,-0.012801477685570717,-0.007949554361402988,-0.0014580744318664074,-0.004504718817770481,-0.009825204499065876,-0.021767761558294296,-0.037905581295490265,-0.04954109713435173,-0.05518074706196785,-0.05180852487683296,-0.04554849490523338,-0.037836361676454544,-0.030298398807644844,-0.027204887941479683,-0.02887006476521492,-0.03389286249876022,-0.0439358688890934,-0.05016861855983734,-0.04552551731467247,-0.0361206941306591,-0.026143360882997513,-0.01924753375351429,-0.015295104123651981,-0.01419241726398468
-0.03380744904279709,-0.03380744904279709,-0.033323440700769424,-0.03106038272380829,-0.024029335007071495,-0.014426814392209053,-0.008461485616862774,-0.006625832058489323,-0.010756898671388626,-0.020421745255589485,-0.02674753963947296,-0.029208630323410034,-0.027843205258250237,-0.02286292053759098,-0.01824827492237091,-0.014417247846722603,-0.011217581108212471,-0.008258918300271034,-0.006805045064538717,-0.00950333010405302,-0.015152725391089916,-0.024008410051465034,-0.03249362111091614,-0.04253443330526352,-0.047554586082696915,-0.04715721309185028,-0.044634632766246796,-0.04048379883170128,-0.03339231759309769,-0.02761823683977127,-0.028310932219028473,-0.03133872523903847,-0.0365121103823185,-0.041062530130147934,-0.03853694722056389,-0.03231602907180786,-0.025923363864421844,-0.02161172777414322,-0.018582819029688835,-0.018537141382694244
-0.03588126227259636,-0.03588126227259636,-0.034926507622003555,-0.03170279413461685,-0.025122009217739105,-0.015404682606458664,-0.007582077290862799,-0.0027819587849080563,-0.006433409173041582,-0.01616029255092144,-0.024996442720294,-0.026491109281778336,-0.02627466805279255,-0.022997593507170677,-0.01823384501039982,-0.014423389919102192,-0.012039023451507092,-0.010872144252061844,-0.010824345052242279,-0.012810081243515015,-0.01707695983350277,-0.022048769518733025,-0.027430329471826553,-0.03520764410495758,-0.03983275964856148,-0.04085978865623474,-0.04011140763759613,-0.03701140359044075,-0.032163556665182114,-0.028500035405158997,-0.02922908402979374,-0.03041767328977585,-0.03227831795811653,-0.03413153067231178,-0.03378015384078026,-0.031190313398838043,-0.026825806125998497,-0.024665161967277527,-0.024213604629039764,-0.025063758715987206
-0.0362393893301487,-0.0362393893301487,-0.035132188349962234,-0.03194818273186684,-0.025503860786557198,-0.015687057748436928,-0.005282259546220303,0.00431802636012435,-0.0012526354985311627,-0.00936842616647482,-0.018246255815029144,-0.02437015436589718,-0.02645588107407093,-0.024608924984931946,-0.02051679603755474,-0.0169032271951437,-0.014854620210826397,-0.014262152835726738,-0.013782255351543427,-0.014281079173088074,-0.017040539532899857,-0.01859579235315323,-0.023090505972504616,-0.028630562126636505,-0.032875269651412964,-0.034744005650281906,-0.03530091792345047,-0.035729359835386276,-0.03323257714509964,-0.03059644065797329,-0.029661403968930244,-0.0302007794380188,-0.030662383884191513,-0.03016568534076214,-0.030809208750724792,-0.0308128222823143,-0.030283242464065552,-0.030340641736984253,-0.03102741204202175,-0.03202187269926071
-0.036298006772994995,-0.036298006772994995,-0.03478508070111275,-0.03105253539979458,-0.02453346736729145,-0.016621094197034836,-0.004190447274595499,0.007678458467125893,0.008567014709115028,0.002182471565902233,-0.01150710042566061,-0.02253609150648117,-0.028321316465735435,-0.028021663427352905,-0.02364284358918667,-0.02055422030389309,-0.018460379913449287,-0.017026636749505997,-0.015341253951191902,-0.014371457509696484,-0.016445530578494072,-0.01765400916337967,-0.01999044604599476,-0.023276055231690407,-0.02700497955083847,-0.02984354831278324,-0.032708339393138885,-0.03444838523864746,-0.03451015055179596,-0.03298180550336838,-0.030277995392680168,-0.029892228543758392,-0.02965892292559147,-0.029871905222535133,-0.030782895162701607,-0.03220302611589432,-0.03392556309700012,-0.03529277443885803,-0.036432210355997086,-0.038749001920223236
-0.03726645186543465,-0.03726645186543465,-0.035752344876527786,-0.03225785493850708,-0.026431648060679436,-0.01953846961259842,-0.007892963476479053,0.0036318302154541016,0.012414750643074512,0.010466893203556538,-0.002530780155211687,-0.016666341572999954,-0.026708098128437996,-0.031039735302329063,-0.029368121176958084,-0.024257419630885124,-0.021121446043252945,-0.018566466867923737,-0.015613989904522896,-0.013416765257716179,-0.015605025924742222,-0.016972482204437256,-0.01855701021850109,-0.020611008629202843,-0.024305371567606926,-0.028728976845741272,-0.031307402998209,-0.03261903300881386,-0.03381429985165596,-0.033514976501464844,-0.03264341503381729,-0.032148152589797974,-0.03164450451731682,-0.03205906227231026,-0.03298471122980118,-0.034873656928539276,-0.03860839083790779,-0.04054732620716095,-0.0415898859500885,-0.042505163699388504
-0.039341967552900314,-0.039341967552900314,-0.03881841152906418,-0.037415761500597,-0.03395720198750496,-0.02536308765411377,-0.015636667609214783,-0.0027285718824714422,0.006790638901293278,0.010424116626381874,0.005141009110957384,-0.007272935006767511,-0.020205523818731308,-0.02974088490009308,-0.03355426713824272,-0.030595194548368454,-0.0263760257512331,-0.022566279396414757,-0.01602857932448387,-0.011953908018767834,-0.013497015461325645,-0.015835130587220192,-0.018223410472273827,-0.021968670189380646,-0.02569638378918171,-0.028604967519640923,-0.02983667328953743,-0.03186497837305069,-0.03347700834274292,-0.034076135605573654,-0.03417845070362091,-0.034284818917512894,-0.034696582704782486,-0.037327006459236145,-0.03867092356085777,-0.04012710601091385,-0.04232321307063103,-0.04448438063263893,-0.04537486284971237,-0.044221412390470505
-0.04147479683160782,-0.04147479683160782,-0.042212750762701035,-0.04296642169356346,-0.04250863194465637,-0.0379488505423069,-0.030224604532122612,-0.01709219440817833,-0.002069598762318492,0.0021456230897456408,0.00488802557811141,-0.0016946319956332445,-0.013603776693344116,-0.02498733066022396,-0.03141043335199356,-0.03325455263257027,-0.030939675867557526,-0.02861950360238552,-0.02396702766418457,-0.017987845465540886,-0.012807744555175304,-0.01492069661617279,-0.018885763362050056,-0.022876989096403122,-0.02615644969046116,-0.027166249230504036,-0.02894997037947178,-0.030640386044979095,-0.032287728041410446,-0.03316498547792435,-0.03431447595357895,-0.0373787060379982,-0.03899254649877548,-0.040760986506938934,-0.04257237911224365,-0.04370175302028656,-0.044359494000673294,-0.04711327329277992,-0.049035053700208664,-0.049435410648584366
-0.043294716626405716,-0.043294716626405716,-0.04462140053510666,-0.04642069339752197,-0.04792918264865875,-0.04782402887940407,-0.04184132441878319,-0.0282595194876194,-0.015021726489067078,-0.0049091726541519165,0.00021228785044513643,-0.0025614493060857058,-0.011304610408842564,-0.02096872217953205,-0.027390506118535995,-0.02977588400244713,-0.030487818643450737,-0.030668364837765694,-0.029650259763002396,-0.023430222645401955,-0.014641247689723969,-0.016749491915106773,-0.019496796652674675,-0.021845219656825066,-0.0243621077388525,-0.02618923969566822,-0.027790844440460205,-0.02926812134683132,-0.03037031553685665,-0.03180726245045662,-0.03564022481441498,-0.038252219557762146,-0.040465548634529114,-0.04084280505776405,-0.042849112302064896,-0.04479476436972618,-0.04809840768575668,-0.05222051590681076,-0.05474786087870598,-0.055712636560201645
-0.0440310500562191,-0.0440310500562191,-0.044940657913684845,-0.046755678951740265,-0.048534367233514786,-0.048250388354063034,-0.04495050013065338,-0.03577335923910141,-0.02267945185303688,-0.009650761261582375,-0.00609248224645853,-0.009430596604943275,-0.015410403721034527,-0.021090440452098846,-0.024979058653116226,-0.026094073429703712,-0.027022583410143852,-0.027578700333833694,-0.025718169286847115,-0.02330888994038105,-0.019329437986016273,-0.019180666655302048,-0.019900595769286156,-0.021788712590932846,-0.023507360368967056,-0.025103595107793808,-0.025962842628359795,-0.027644198387861252,-0.031042253598570824,-0.03334065526723862,-0.035162050276994705,-0.035917460918426514,-0.03853856027126312,-0.04097503051161766,-0.043647632002830505,-0.04726719856262207,-0.052356284111738205,-0.05692977085709572,-0.05903896316885948,-0.05929592251777649
