dougfraga/big_19.json
{"header": {"parameterUnit": "m.s-1", "parameterNumber": 2, "dx": 0.016666000000000736, "dy": 0.016666000000000736, "parameterNumberName": "Eastward current", "la1": -22.891645999999998, "la2": -24.0416, "parameterCategory": 2, "lo2": -43.225054, "nx": 95, "ny": 70, "refTime": "2022-12-18 19:00:00", "lo1": -44.79166}, "data":
[rows 36 to 53 of 70, columns 42 to 83 of 95]
0.06126399710774422,0.05841792747378349,0.05822189897298813,0.05432065948843956,0.04614223167300224,0.04048839583992958,0.0382869578897953,0.039045728743076324,0.04270724207162857,0.04523235559463501,0.04523929953575134,0.04582315683364868,0.046798527240753174,0.04794235900044441,0.04841626435518265,0.04906336963176727,0.05130134895443916,0.05397588387131691,0.05691680312156677,0.06179189309477806,0.06424005329608917,0.06421449035406113,0.06526724249124527,0.06568778306245804,0.06455304473638535,0.06570125371217728,0.06988061219453812,0.07643164694309235,0.08066791296005249,0.08052760362625122,0.08029000461101532,0.0797574445605278,0.0818057432770729,0.0836569219827652,0.08407270908355713,0.08570662885904312,0.08759138733148575,0.08908972889184952,0.08894727379083633,0.09277651458978653,0.1028769388794899,0.10701506584882736
0.06417212635278702,0.06295950710773468,0.056798070669174194,0.05022871866822243,0.04538658261299133,0.0384397953748703,0.03353125974535942,0.035681407898664474,0.03868458792567253,0.0417235866189003,0.04327432066202164,0.044127143919467926,0.04519551247358322,0.04647155851125717,0.04765927419066429,0.049642935395240784,0.05516057088971138,0.060494646430015564,0.06349675357341766,0.06611806899309158,0.06739763170480728,0.0682605430483818,0.0690736472606659,0.06948253512382507,0.06947559118270874,0.07064993679523468,0.07455983012914658,0.07985547184944153,0.08291606605052948,0.08263066411018372,0.08036413788795471,0.08142383396625519,0.08391942828893661,0.08380426466464996,0.0843503326177597,0.08590756356716156,0.08763021975755692,0.08942455053329468,0.0929097980260849,0.09903958439826965,0.10360237210988998,0.10319690406322479
0.059112630784511566,0.05703303590416908,0.05420875549316406,0.04511364549398422,0.03415263071656227,0.030955441296100616,0.03156394511461258,0.033290162682533264,0.03632299229502678,0.039619605988264084,0.041629716753959656,0.04257544130086899,0.04352210462093353,0.045262660831213,0.04951643571257591,0.053682293742895126,0.057504262775182724,0.06219593808054924,0.06568703800439835,0.06792342662811279,0.06929639726877213,0.07054819166660309,0.07157296687364578,0.07215424627065659,0.0715256929397583,0.06948082894086838,0.07346434891223907,0.08042287081480026,0.08819632232189178,0.08956735581159592,0.0848766639828682,0.08447003364562988,0.08372247219085693,0.08304741233587265,0.08285005390644073,0.08376970142126083,0.08549430221319199,0.0870320200920105,0.09095076471567154,0.09650759398937225,0.09852145612239838,0.09708279371261597
0.0567428320646286,0.05057545006275177,0.04367930442094803,0.034935902804136276,0.03060036525130272,0.030592452734708786,0.030869988724589348,0.03275340795516968,0.035039350390434265,0.037509847432374954,0.03927677124738693,0.04026416689157486,0.04345069080591202,0.04660886526107788,0.04868052527308464,0.051828090101480484,0.05579812824726105,0.06010064482688904,0.06353877484798431,0.06601870059967041,0.0679689347743988,0.06979823112487793,0.0716155543923378,0.07345683127641678,0.07577497512102127,0.07982073724269867,0.08595479279756546,0.09162712842226028,0.09431647509336472,0.09176287800073624,0.09047290682792664,0.08908086270093918,0.08433136343955994,0.08180192112922668,0.08038888871669769,0.08091545850038528,0.08158697187900543,0.08267498016357422,0.08686108887195587,0.08988980948925018,0.08955536782741547,0.08811590075492859
0.04740791767835617,0.04122672230005264,0.037539128214120865,0.03408735990524292,0.03077339008450508,0.029972389340400696,0.030466968193650246,0.03175291046500206,0.033172473311424255,0.03511577844619751,0.03840084746479988,0.04061911627650261,0.041736193001270294,0.04358376935124397,0.04590838775038719,0.04968313127756119,0.05472879484295845,0.05965753644704819,0.06356588006019592,0.06655079871416092,0.06897445768117905,0.07110568881034851,0.07355299592018127,0.07691881060600281,0.08108846098184586,0.08592623472213745,0.09079961478710175,0.09397877752780914,0.09540420025587082,0.0980391576886177,0.09653329849243164,0.08961489051580429,0.08371526002883911,0.07901499420404434,0.07608961313962936,0.07476497441530228,0.0732947438955307,0.07435595989227295,0.07723475247621536,0.07722339779138565,0.07579813152551651,0.07448570430278778
0.04559093341231346,0.04176386073231697,0.037676382809877396,0.034503042697906494,0.031176794320344925,0.028782451525330544,0.028348572552204132,0.02915060520172119,0.030916733667254448,0.03487787023186684,0.037991512566804886,0.03861730173230171,0.03956231102347374,0.04117866978049278,0.044298842549324036,0.049203865230083466,0.05438124015927315,0.05923834815621376,0.06409252434968948,0.06857401877641678,0.07147060334682465,0.07331813126802444,0.07640738785266876,0.08266006410121918,0.08737064152956009,0.09020166099071503,0.0947459489107132,0.09835807979106903,0.09926749020814896,0.09808338433504105,0.09488900005817413,0.0885746031999588,0.08051091432571411,0.07330227643251419,0.06873460114002228,0.06587128341197968,0.06428638100624084,0.06606464833021164,0.06777632981538773,0.06729628145694733,0.06661954522132874,0.06585889309644699
0.04642033204436302,0.04288436472415924,0.039204370230436325,0.035495609045028687,0.03106965869665146,0.027641622349619865,0.026928197592496872,0.028255289420485497,0.03226351737976074,0.03526605665683746,0.03594351187348366,0.03712655231356621,0.038879260420799255,0.041361480951309204,0.04459161311388016,0.04866631701588631,0.05354545637965202,0.05978791043162346,0.066093310713768,0.07046632468700409,0.07495635747909546,0.07870125770568848,0.08104685693979263,0.0845521092414856,0.08851297944784164,0.09252382814884186,0.09624667465686798,0.09817741066217422,0.09751730412244797,0.09437936544418335,0.08874516189098358,0.08107299357652664,0.07383957505226135,0.06901684403419495,0.06585440784692764,0.06405128538608551,0.06358588486909866,0.06518377363681793,0.06579545140266418,0.06451328098773956,0.06376887112855911,0.06253155320882797
0.04411526024341583,0.04105175659060478,0.03757055848836899,0.0337320901453495,0.029822614043951035,0.028237929567694664,0.0310092531144619,0.033741243183612823,0.03453177213668823,0.03555024042725563,0.036678247153759,0.038331080228090286,0.0406947135925293,0.04292137175798416,0.044989585876464844,0.04878300800919533,0.05543391779065132,0.06312930583953857,0.068731889128685,0.0737888440489769,0.07695174962282181,0.07788651436567307,0.080221027135849,0.08379244804382324,0.08781512081623077,0.09150473773479462,0.09371577948331833,0.09360407292842865,0.09110929816961288,0.08676405996084213,0.08043181896209717,0.07318060100078583,0.06912387162446976,0.0672343447804451,0.06554081290960312,0.06471654027700424,0.06387937068939209,0.06504836678504944,0.065760537981987,0.06384792923927307,0.06202974170446396,0.05983198434114456
0.04058163985610008,0.03786124289035797,0.03438998758792877,0.03129817545413971,0.031452056020498276,0.03242582082748413,0.03314904123544693,0.03514173626899719,0.03673557937145233,0.037843007594347,0.039105456322431564,0.040764857083559036,0.04269728809595108,0.0437411330640316,0.044419288635253906,0.048734117299318314,0.056865863502025604,0.06430673599243164,0.07077844440937042,0.0743616446852684,0.07459694147109985,0.07560509443283081,0.07782508432865143,0.08116831630468369,0.0845409482717514,0.08665938675403595,0.0869327187538147,0.08505817502737045,0.08020411431789398,0.07430613785982132,0.07060632109642029,0.06858464330434799,0.06770026683807373,0.06650906056165695,0.06475476920604706,0.06416162848472595,0.06473943591117859,0.06561962515115738,0.06519509106874466,0.06315267086029053,0.06046467274427414,0.057137466967105865
0.036072906106710434,0.033666059374809265,0.032404378056526184,0.03187122195959091,0.031340502202510834,0.03255503997206688,0.034594349563121796,0.03674880042672157,0.038557812571525574,0.03999171406030655,0.041481565684080124,0.04306884855031967,0.044300343841314316,0.043605875223875046,0.039453133940696716,0.05037565156817436,0.06146415323019028,0.06387072056531906,0.06988166272640228,0.0705273449420929,0.07017188519239426,0.0704381912946701,0.07199151813983917,0.07389041036367416,0.07476922869682312,0.07404473423957825,0.07249878346920013,0.07101395726203918,0.06993529945611954,0.06875286251306534,0.06743855774402618,0.06717368960380554,0.06655540317296982,0.06501645594835281,0.0641312375664711,0.06448311358690262,0.06594353169202805,0.06664308905601501,0.06542392075061798,0.06260383874177933,0.058943089097738266,0.054567623883485794
0.03242919221520424,0.03274525701999664,0.03291881084442139,0.03176582604646683,0.03188389539718628,0.03323871269822121,0.03541018068790436,0.037632860243320465,0.03948809206485748,0.04122215509414673,0.042913611978292465,0.044358979910612106,0.045561809092760086,0.04841326177120209,0.05374523252248764,0.059209007769823074,0.06474771350622177,0.0678320825099945,0.0675124078989029,0.06577485799789429,0.06287502497434616,0.061359159648418427,0.06180691719055176,0.06315792351961136,0.06485997140407562,0.06658357381820679,0.06747766584157944,0.06716851145029068,0.0672207772731781,0.06693697720766068,0.06590094417333603,0.06560812890529633,0.06514670699834824,0.06419890373945236,0.06433749198913574,0.06584551185369492,0.06765484809875488,0.06818350404500961,0.06608832627534866,0.062239550054073334,0.057773251086473465,0.0526520237326622
0.03448169305920601,0.03509408235549927,0.03371434658765793,0.03327449411153793,0.03293377533555031,0.032885365188121796,0.0342053659260273,0.03643341362476349,0.03865901008248329,0.041014816612005234,0.04335147514939308,0.0450817234814167,0.046648722141981125,0.051754727959632874,0.058502599596977234,0.06466680020093918,0.06779409945011139,0.06632474809885025,0.06362583488225937,0.059583134949207306,0.055828943848609924,0.05564984679222107,0.058530863374471664,0.061591241508722305,0.0641254335641861,0.06574510782957077,0.06624870002269745,0.06662283092737198,0.0667751282453537,0.06581480801105499,0.06458640843629837,0.0640464723110199,0.06376657634973526,0.0640883520245552,0.06564881652593613,0.06782759726047516,0.06938240677118301,0.06947846710681915,0.06730804592370987,0.06213032454252243,0.05619843304157257,0.050864607095718384
0.035830315202474594,0.035215456038713455,0.034489959478378296,0.034143172204494476,0.033416587859392166,0.03292160481214523,0.034084174782037735,0.03657683730125427,0.03926052153110504,0.04209629446268082,0.044874630868434906,0.04673432931303978,0.04766950011253357,0.05143727362155914,0.05855313688516617,0.06269680708646774,0.0629967525601387,0.061917345970869064,0.05924553796648979,0.055625077337026596,0.05377801135182381,0.05547554790973663,0.05943574011325836,0.06272099167108536,0.06448333710432053,0.06562947481870651,0.06558116525411606,0.0654832199215889,0.06538420170545578,0.06428348273038864,0.06323632597923279,0.06296680867671967,0.0633871927857399,0.06480998545885086,0.06708040088415146,0.06944137066602707,0.07151352614164352,0.07165340334177017,0.06760591268539429,0.06086545065045357,0.05464208498597145,0.04919424280524254
0.035291559994220734,0.03479356691241264,0.03404451161623001,0.03331318870186806,0.03260199353098869,0.032817158848047256,0.034887269139289856,0.03754831477999687,0.039896558970212936,0.042263880372047424,0.04410071671009064,0.04542318731546402,0.04705554246902466,0.04901186004281044,0.05422599986195564,0.05834898352622986,0.0580495148897171,0.056421324610710144,0.05391112342476845,0.0528683215379715,0.05387188121676445,0.05663254112005234,0.060150183737277985,0.06230621412396431,0.06333371251821518,0.06423439085483551,0.06452421844005585,0.06420911848545074,0.06339915841817856,0.06272242218255997,0.062125276774168015,0.062218379229307175,0.06325072795152664,0.06510405242443085,0.06816753000020981,0.07135207951068878,0.07312415540218353,0.07220640033483505,0.06728874146938324,0.060661282390356064,0.05517848581075668,0.04980325326323509
0.03154773265123367,0.03130623698234558,0.030760187655687332,0.030677851289510727,0.031315747648477554,0.03306284919381142,0.03546319529414177,0.037667762488126755,0.03980774059891701,0.04105604812502861,0.040840357542037964,0.0409901961684227,0.04522041976451874,0.04921068251132965,0.05125049874186516,0.05306367576122284,0.052327945828437805,0.050973039120435715,0.05089674890041351,0.05226067453622818,0.05466029420495033,0.057327862828969955,0.05951569601893425,0.060633838176727295,0.0608527772128582,0.06201580911874771,0.06291817128658295,0.062196698039770126,0.06149620562791824,0.0614679791033268,0.06149134784936905,0.061673734337091446,0.06253253668546677,0.06491457670927048,0.0686071589589119,0.07288817316293716,0.07435904443264008,0.07103724777698517,0.06682313233613968,0.06692566722631454,0.0626029521226883,0.0522143729031086
0.020808212459087372,0.022156529128551483,0.024120839312672615,0.02682321146130562,0.029714353382587433,0.03222877159714699,0.03443414717912674,0.037036292254924774,0.042489856481552124,0.04488665983080864,0.04259342700242996,0.041773129254579544,0.04261952266097069,0.04498979449272156,0.04745394363999367,0.04885711148381233,0.04919900372624397,0.049617744982242584,0.050774458795785904,0.05283541977405548,0.05531655624508858,0.05723137408494949,0.0576382577419281,0.05730697512626648,0.058017272502183914,0.059949830174446106,0.060704611241817474,0.06002981588244438,0.05999857559800148,0.06038415804505348,0.06064540892839432,0.06036663427948952,0.06078832596540451,0.06357711553573608,0.06819035112857819,0.07286243140697479,0.07379405200481415,0.07097015529870987,0.07287850230932236,0.07121600210666656,0.06208086013793945,0.053246572613716125
0.01404064241796732,0.015494026243686676,0.018318084999918938,0.022390805184841156,0.026642873883247375,0.03030754067003727,0.03368237242102623,0.04149884358048439,0.04674291983246803,0.04383436217904091,0.04070669412612915,0.04057035595178604,0.043259453028440475,0.04640992730855942,0.048283014446496964,0.049133412539958954,0.049721602350473404,0.05041506886482239,0.051727473735809326,0.0535743311047554,0.055095233023166656,0.05585706606507301,0.054770857095718384,0.05398629233241081,0.0555124431848526,0.05751108005642891,0.05825728178024292,0.058150023221969604,0.05841740593314171,0.05881797894835472,0.05898156017065048,0.058448076248168945,0.05892912298440933,0.0624232143163681,0.06762664020061493,0.07214479148387909,0.0721670612692833,0.0750143975019455,0.0697527676820755,0.0707341730594635,0.07090020179748535,0.05389698967337608
0.011370372027158737,0.013355960138142109,0.016576841473579407,0.020872652530670166,0.02576129510998726,0.02953076921403408,0.03334597870707512,0.0433923564851284,0.04799097776412964,0.04279732331633568,0.04058532044291496,0.04210764169692993,0.0458231084048748,0.04855355620384216,0.0496092215180397,0.05000312253832817,0.05014307051897049,0.05110586807131767,0.052822042256593704,0.053939808160066605,0.053939659148454666,0.05334879457950592,0.05268224701285362,0.05256884545087814,0.05370320379734039,0.05534433200955391,0.05614864081144333,0.05638905242085457,0.056545570492744446,0.05685603618621826,0.056921668350696564,0.05634921416640282,0.057099729776382446,0.06118243187665939,0.06681060791015625,0.07040449231863022,0.07542276382446289,0.07814332842826843,0.07374840974807739,0.06929349154233932,0.062310367822647095,0.051510900259017944
