dougfraga/big_23.json
{"header": {"parameterUnit": "m.s-1", "parameterNumber": 2, "dx": 0.016666000000000736, "dy": 0.016666000000000736, "parameterNumberName": "Eastward current", "la1": -22.891645999999998, "la2": -24.0416, "parameterCategory": 2, "lo2": -43.225054, "nx": 95, "ny": 70, "refTime": "2022-12-18 23:00:00", "lo1": -44.79166}, "data":
[rows 38 to 56 of 70, columns 0 to 40 of 95]
0.06747311353683472,0.06741215288639069,0.06723613291978836,0.06678846478462219,0.06578606367111206,0.06448450684547424,0.06395760178565979,0.06223037838935852,0.059021081775426865,0.05639391019940376,0.053156379610300064,0.04997110366821289,0.04806908220052719,0.04724204167723656,0.04747000336647034,0.04858117923140526,0.04928071051836014,0.053018681704998016,0.05749396234750748,0.05631067976355553,0.052225224673748016,0.048912279307842255,0.0408838652074337,0.02697242610156536,0.01673586666584015,0.009963296353816986,0.006586049683392048,0.006999748758971691,0.008407744579017162,0.010946722701191902,0.011479991488158703,0.00813492201268673,0.0024555320851504803,0.0007508262060582638,0.0021852341014891863,0.006425040308386087,0.018315806984901428,0.03145571053028107,0.0446835458278656,0.04925001785159111,0.04909709095954895
0.06111124902963638,0.06095249950885773,0.06093110144138336,0.061199888586997986,0.06143742427229881,0.06164580211043358,0.059597618877887726,0.05555511638522148,0.05238424241542816,0.049223266541957855,0.045107487589120865,0.04262383282184601,0.04284347966313362,0.042782459408044815,0.041890233755111694,0.04163755103945732,0.04177512973546982,0.04659182205796242,0.04994784668087959,0.04792481288313866,0.04369315132498741,0.036442071199417114,0.028176406398415565,0.01822715625166893,0.008469526655972004,6.9352108766906895e-06,0.0034346901811659336,0.009448381140828133,0.00929980631917715,0.012152080424129963,0.011892443522810936,0.007461793255060911,0.002625696826726198,0.00132091308478266,0.008534974418580532,0.017236007377505302,0.0298122838139534,0.04929845780134201,0.05798235908150673,0.05408244952559471,0.04826420918107033
0.05480021983385086,0.05441608652472496,0.05453875660896301,0.05591600388288498,0.05765840783715248,0.05895989015698433,0.055961329489946365,0.049784641712903976,0.04541410505771637,0.039841338992118835,0.039064835757017136,0.03806251659989357,0.03511032089591026,0.03969983011484146,0.03903711959719658,0.03395776450634003,0.03305884078145027,0.03743571415543556,0.038648273795843124,0.035172171890735626,0.03032809868454933,0.022413121536374092,0.013720626942813396,0.005893418565392494,0.0012420869898051023,-0.002544321585446596,0.0038855161983519793,0.008738407865166664,0.012943246401846409,0.01828225515782833,0.013866645283997059,0.009394070133566856,0.0058215307071805,0.006301216781139374,0.017080288380384445,0.032691728323698044,0.046315643936395645,0.058181196451187134,0.05994347482919693,0.05512743070721626,0.04830969497561455
0.04666248336434364,0.046626705676317215,0.04755530133843422,0.05030412971973419,0.053641658276319504,0.055829454213380814,0.052526265382766724,0.045182351022958755,0.0405106395483017,0.03892144560813904,0.03475659340620041,0.03354465588927269,0.03791596367955208,0.03820277005434036,0.033394746482372284,0.028218653053045273,0.025859270244836807,0.028311152011156082,0.02763279341161251,0.02293402887880802,0.01714428700506687,0.006971388123929501,-0.0012676757760345936,-0.0024802188854664564,0.0004242993309162557,0.00153472856618464,0.009830469265580177,0.017106574028730392,0.018161552026867867,0.018232811242341995,0.017624979838728905,0.01576823741197586,0.011889149434864521,0.013729413039982319,0.02686411701142788,0.044451333582401276,0.05741771683096886,0.062068648636341095,0.06026310846209526,0.05481834337115288,0.04476303979754448
0.03962242975831032,0.0395946130156517,0.040558844804763794,0.0444733090698719,0.0509394146502018,0.053622838109731674,0.049516063183546066,0.042969610542058945,0.03830774873495102,0.03705481439828873,0.03724048286676407,0.037212323397397995,0.03697657585144043,0.034998342394828796,0.03001704253256321,0.02445737086236477,0.02032674290239811,0.021531930193305016,0.01972075179219246,0.013808181509375572,0.006825810763984919,-0.003151403274387121,-0.005616949871182442,-0.0037926763761788607,0.004247315693646669,0.01470961794257164,0.017890362069010735,0.020822083577513695,0.024464739486575127,0.024613792076706886,0.024092087522149086,0.020711224526166916,0.01720746047794819,0.023938646540045738,0.03875298798084259,0.053744662553071976,0.05968179926276207,0.06169329583644867,0.0596100278198719,0.05032823979854584,0.042352329939603806
0.03610047698020935,0.03558077663183212,0.035605255514383316,0.039056967943906784,0.04599454253911972,0.04884706810116768,0.048847295343875885,0.04482075572013855,0.03738481551408768,0.035210102796554565,0.03558884188532829,0.035813577473163605,0.0346013605594635,0.031165823340415955,0.025989223271608353,0.02080494351685047,0.017174197360873222,0.01883232407271862,0.015709830448031425,0.008093559183180332,0.002093741437420249,-0.002956619020551443,-0.0017234417609870434,0.0022878076415508986,0.011897905729711056,0.02262812852859497,0.026933448389172554,0.028820348903536797,0.0299281794577837,0.029860936105251312,0.030427148565649986,0.026898935437202454,0.02436370588839054,0.03470191732048988,0.048422809690237045,0.05919306352734566,0.06342701613903046,0.05956190451979637,0.05269524082541466,0.045596491545438766,0.0383882001042366
0.03290729969739914,0.03229426220059395,0.03166130930185318,0.033240191638469696,0.039761342108249664,0.04408658668398857,0.04631706327199936,0.0441896952688694,0.036158427596092224,0.03304702416062355,0.03333436697721481,0.03325048089027405,0.03251776099205017,0.029172249138355255,0.023853497579693794,0.019837139174342155,0.01677514612674713,0.013976453803479671,0.009087314829230309,0.0029972095508128405,-0.00026397130568511784,0.003939078655093908,0.009836405515670776,0.014496413059532642,0.021806582808494568,0.027645165100693703,0.029599139466881752,0.03234459087252617,0.03728903457522392,0.03650128096342087,0.03169017285108566,0.028896035626530647,0.031601596623659134,0.04036501795053482,0.049600549042224884,0.05590958520770073,0.05687357112765312,0.05375373736023903,0.0472935251891613,0.03845905885100365,0.03112383373081684
0.029867377132177353,0.029159875586628914,0.02835487760603428,0.028762225061655045,0.0323072113096714,0.03666236996650696,0.04230612516403198,0.04209205508232117,0.03549894690513611,0.03148766607046127,0.03247242793440819,0.03280329331755638,0.028074031695723534,0.02361263893544674,0.019355174154043198,0.01545020379126072,0.011791047640144825,0.00882741715759039,0.0059072584845125675,0.003782964078709483,0.004773230291903019,0.011270609684288502,0.017760425806045532,0.02214060351252556,0.02739618718624115,0.031231604516506195,0.033691346645355225,0.035389725118875504,0.03563884645700455,0.033757224678993225,0.03132900968194008,0.03132225200533867,0.035436712205410004,0.041248004883527756,0.046375520527362823,0.05069975554943085,0.05009722337126732,0.04398993030190468,0.03639007359743118,0.028785767033696175,0.023189706727862358
0.02745126560330391,0.026604674756526947,0.02498761937022209,0.023857316002249718,0.025304585695266724,0.02968541905283928,0.037493977695703506,0.038740236312150955,0.03451527655124664,0.032800592482089996,0.0302595105022192,0.027208665385842323,0.02267191745340824,0.017848191782832146,0.013794591650366783,0.010066407732665539,0.006480413489043713,0.00428251177072525,0.003988373093307018,0.005754940211772919,0.011364147998392582,0.01710863597691059,0.021047543734312057,0.02500971406698227,0.02846914529800415,0.03155091777443886,0.03282357379794121,0.032825253903865814,0.03317837789654732,0.03385557234287262,0.034249283373355865,0.03574978560209274,0.040358155965805054,0.04315046966075897,0.04294145479798317,0.04189242050051689,0.037376027554273605,0.03014214336872101,0.023557737469673157,0.018950996920466423,0.01644560694694519
0.025527214631438255,0.024461742490530014,0.022221243008971214,0.019930781796574593,0.01920376531779766,0.023107387125492096,0.032102812081575394,0.03577139228582382,0.03338376432657242,0.03053630329668522,0.026177359744906425,0.021736448630690575,0.01689816825091839,0.012288455851376057,0.00841639842838049,0.004989644978195429,0.0023375183809548616,0.0015681191580370069,0.003144166897982359,0.008499776013195515,0.014417283236980438,0.01824241317808628,0.02220495417714119,0.024981316179037094,0.02703390270471573,0.029955120757222176,0.03192787244915962,0.032517626881599426,0.03368254378437996,0.03738108277320862,0.03961640223860741,0.03939536586403847,0.03978860750794411,0.03922631964087486,0.03719979152083397,0.033224765211343765,0.027053063735365868,0.020821623504161835,0.016706813126802444,0.01480171550065279,0.014169956557452679
0.02475913055241108,0.023387428373098373,0.020376568660140038,0.016847029328346252,0.01494485605508089,0.018482554703950882,0.02595033124089241,0.035191815346479416,0.03621475026011467,0.027581581845879555,0.021443486213684082,0.01767990179359913,0.012954258359968662,0.00770456250756979,0.0038435428868979216,0.001565673272125423,0.0003623043594416231,0.0007007172680459917,0.003174788784235716,0.010035340674221516,0.016273126006126404,0.018704088404774666,0.021114779636263847,0.022371534258127213,0.02335447631776333,0.02589803747832775,0.030282078310847282,0.03320876881480217,0.03426242247223854,0.035870183259248734,0.03631755709648132,0.03597106412053108,0.03515215963125229,0.03313443064689636,0.029909605160355568,0.025231171399354935,0.019795557484030724,0.015350685454905033,0.013260682113468647,0.013180116191506386,0.01569030061364174
0.024941813200712204,0.023047788068652153,0.01919378526508808,0.014559159055352211,0.013613790273666382,0.0177625622600317,0.025655774399638176,0.03479115292429924,0.03472161665558815,0.030083676800131798,0.025945570319890976,0.01756041869521141,0.008248168975114822,0.0002492071653250605,-0.002133122878149152,-0.00020841926743742079,0.0004191481857560575,0.00128604331985116,0.004097513854503632,0.01261685136705637,0.018909482285380363,0.018945202231407166,0.019363144412636757,0.019434338435530663,0.020413901656866074,0.024603858590126038,0.028613444417715073,0.030420148745179176,0.03178447112441063,0.032371919602155685,0.03183155879378319,0.030358584597706795,0.028188521042466164,0.02546614408493042,0.02215099148452282,0.018298722803592682,0.014634090475738049,0.012535235844552517,0.014043041504919529,0.01548296120017767,0.015370543114840984
0.024703338742256165,0.022815704345703125,0.018663180992007256,0.013858212158083916,0.013086450286209583,0.018078366294503212,0.026696758344769478,0.036758292466402054,0.03658166155219078,0.031138982623815536,0.025665493682026863,0.013927606865763664,0.0027541916351765394,-0.0031820491421967745,-0.005804143846035004,-0.0030554630793631077,0.0017583881272003055,0.0035121901892125607,0.006633914541453123,0.01652202010154724,0.02267296425998211,0.020613504573702812,0.019390711560845375,0.01876792125403881,0.021022403612732887,0.02340935915708542,0.024479899555444717,0.02643897570669651,0.027483249083161354,0.027454787865281105,0.02657894790172577,0.024915670976042747,0.022973787039518356,0.020546739920973778,0.017586346715688705,0.01627766713500023,0.014081736095249653,0.011218119412660599,0.010749656707048416,0.011013593524694443,0.011194946244359016
0.02482324279844761,0.02304842509329319,0.019075725227594376,0.01515889447182417,0.012967484071850777,0.01712452992796898,0.026712706312537193,0.037694670259952545,0.03808581829071045,0.031679775565862656,0.024466173723340034,0.008846628479659557,-0.004194703884422779,-0.008010989986360073,-0.005508314352482557,-0.0005798968486487865,0.003860883414745331,0.004493468441069126,0.00809816736727953,0.021138133481144905,0.026371492072939873,0.02157582715153694,0.02042471058666706,0.020332172513008118,0.02015768736600876,0.020970825105905533,0.02143057808279991,0.021760936826467514,0.02128984034061432,0.020517690107226372,0.020346537232398987,0.020713292062282562,0.022746646776795387,0.022164400666952133,0.01787579245865345,0.01381993480026722,0.010147755965590477,0.008035932667553425,0.007135387510061264,0.006814618594944477,0.006467250641435385
0.025410590693354607,0.02372264675796032,0.02018614299595356,0.01653696969151497,0.015556389465928078,0.018643591552972794,0.02362685836851597,0.02918139100074768,0.03292473033070564,0.02787897363305092,0.014520276337862015,-0.00025326028116978705,-0.009354394860565662,-0.010240386240184307,-0.006161301396787167,0.00038262925227172673,0.006561084650456905,0.011336312629282475,0.015965599566698074,0.020687876269221306,0.0220387764275074,0.022175008431077003,0.02189737558364868,0.02049148641526699,0.020328884944319725,0.020438751205801964,0.019799543544650078,0.018664462491869926,0.01693131774663925,0.016523806378245354,0.020726598799228668,0.023365754634141922,0.021837880834937096,0.019932633265852928,0.01674523949623108,0.012048693373799324,0.007675064727663994,0.0053661903366446495,0.004511497914791107,0.00415787985548377,0.0035050061997026205
0.025397121906280518,0.02390761859714985,0.020908484235405922,0.01812060736119747,0.01679125614464283,0.01745571196079254,0.017062876373529434,0.024454830214381218,0.027354221791028976,0.018607117235660553,0.008082879707217216,-0.005274969153106213,-0.01190089900046587,-0.010532152839004993,-0.0052970643155276775,0.001847061445005238,0.009131663478910923,0.014318365603685379,0.01794447749853134,0.020329369232058525,0.023263348266482353,0.023992741480469704,0.021734042093157768,0.02073053829371929,0.020456984639167786,0.01990221068263054,0.018214087933301926,0.0158980842679739,0.014580103568732738,0.017573203891515732,0.019972246140241623,0.01937635987997055,0.018636541441082954,0.01666007936000824,0.013162925839424133,0.008927037939429283,0.005548423156142235,0.0033941292203962803,0.0025499523617327213,0.002253269776701927,0.0013827006332576275
0.025462253019213676,0.023958712816238403,0.021049926057457924,0.018661152571439743,0.017559831961989403,0.01779002510011196,0.018192395567893982,0.018603317439556122,0.018770216032862663,0.012647399678826332,0.00136820029001683,-0.007910792715847492,-0.011561071500182152,-0.008970294147729874,-0.0037914111744612455,0.003219411475583911,0.0109492726624012,0.01546937320381403,0.019986437633633614,0.02317790500819683,0.022745084017515182,0.022103318944573402,0.021031036972999573,0.020122068002820015,0.019274519756436348,0.01753184013068676,0.015258803963661194,0.01620175875723362,0.01619529351592064,0.013921455480158329,0.01329993549734354,0.012930305674672127,0.012295735999941826,0.010942177847027779,0.008716710843145847,0.005996679421514273,0.003899063216522336,0.0025077785830944777,0.001234840601682663,0.00015685356629546732,-0.0001563981204526499
0.024384649470448494,0.023120887577533722,0.020570941269397736,0.01827358268201351,0.017865147441625595,0.018432743847370148,0.017348887398838997,0.014170867390930653,0.008866715244948864,0.0015332986367866397,-0.005542735103517771,-0.009824334643781185,-0.009735901840031147,-0.005326582118868828,0.00022116920445114374,0.006089359521865845,0.011121323332190514,0.01664280891418457,0.02047492004930973,0.020832598209381104,0.020742909982800484,0.019893132150173187,0.018867166712880135,0.017390713095664978,0.015585320070385933,0.016152096912264824,0.015880709514021873,0.013215921819210052,0.011414365842938423,0.009946665726602077,0.008828089572489262,0.008150252513587475,0.007973060011863708,0.007489344105124474,0.006081868894398212,0.00438480032607913,0.002872823504731059,0.0014541115378960967,-0.00019263084686826915,-0.00046232121530920267,0.0024799397215247154
0.02495085820555687,0.02317100577056408,0.019932078197598457,0.01691143587231636,0.01748267002403736,0.018536914139986038,0.013777052983641624,0.006725689861923456,-0.00022122931841295213,-0.006709581706672907,-0.010860067792236805,-0.011373385787010193,-0.007802912034094334,-0.0013888044049963355,0.004066890105605125,0.007078023627400398,0.012743635103106499,0.017112428322434425,0.017090030014514923,0.01736062951385975,0.017468290403485298,0.016748739406466484,0.01498695183545351,0.013271567411720753,0.015309076756238937,0.01531281229108572,0.011693333275616169,0.009984578005969524,0.008502038195729256,0.007144765462726355,0.006349058821797371,0.006207718979567289,0.00656129140406847,0.006470500957220793,0.005442256573587656,0.004340247251093388,0.003085198812186718,0.0012916988926008344,-4.8184847400989383e-05,0.00246402807533741,0.0028879186138510704
