dougfraga/big_19.json
{"header": {"parameterUnit": "m.s-1", "parameterNumber": 2, "dx": 0.016666000000000736, "dy": 0.016666000000000736, "parameterNumberName": "Eastward current", "la1": -22.891645999999998, "la2": -24.0416, "parameterCategory": 2, "lo2": -43.225054, "nx": 95, "ny": 70, "refTime": "2022-12-18 19:00:00", "lo1": -44.79166}, "data":
[rows 36 to 53 of 70, columns 0 to 41 of 95]
0.09003698825836182,0.09121360629796982,0.09342102706432343,0.095534548163414,0.09642265737056732,0.09610996395349503,0.09503120929002762,0.09320604056119919,0.09290670603513718,0.0946909561753273,0.0934133529663086,0.08898832648992538,0.0851123109459877,0.08157956600189209,0.07906943559646606,0.07748215645551682,0.07711629569530487,0.07792097330093384,0.07831209897994995,0.0776975229382515,0.0758792981505394,0.07148795574903488,0.06441313773393631,0.05624503642320633,0.04830070212483406,0.042557984590530396,0.03785959631204605,0.03453397750854492,0.03357194736599922,0.03289666771888733,0.03214453533291817,0.03059188649058342,0.028237124904990196,0.02523007243871689,0.022530507296323776,0.024526868015527725,0.029554614797234535,0.034654274582862854,0.04044649004936218,0.04501998424530029,0.051186978816986084,0.05940892919898033
0.08573412895202637,0.08658681809902191,0.08812041580677032,0.08930349349975586,0.09014153480529785,0.09014046937227249,0.08927270025014877,0.0896526426076889,0.08991947770118713,0.08876453340053558,0.08682802319526672,0.0840328261256218,0.08079215884208679,0.07780400663614273,0.07622372359037399,0.07543264329433441,0.07508625835180283,0.07578893005847931,0.08000190556049347,0.08054441958665848,0.07709408551454544,0.07329241931438446,0.06620972603559494,0.05802828446030617,0.04995513707399368,0.044718146324157715,0.04124799370765686,0.038404788821935654,0.03706837072968483,0.03614332526922226,0.03466882184147835,0.03292817249894142,0.028128402307629585,0.02241470292210579,0.02093895711004734,0.024328576400876045,0.030427003279328346,0.04035478085279465,0.04902740567922592,0.05290139466524124,0.056514184921979904,0.059952590614557266
0.0796261727809906,0.08090934157371521,0.08306489139795303,0.08417923003435135,0.08439810574054718,0.08446644991636276,0.0852360799908638,0.08467234671115875,0.08300737291574478,0.08233579993247986,0.08075518161058426,0.07827676087617874,0.07590661197900772,0.07367062568664551,0.07202308624982834,0.07160850614309311,0.07181193679571152,0.07535715401172638,0.07854253798723221,0.07576967030763626,0.07194405794143677,0.07011313736438751,0.06411168724298477,0.05386919155716896,0.04817592352628708,0.045116979628801346,0.0416712760925293,0.03957749158143997,0.038959454745054245,0.0389484204351902,0.03682234510779381,0.03109094314277172,0.023002617061138153,0.019864046946167946,0.02126167342066765,0.026482772082090378,0.03769543394446373,0.0472523458302021,0.05680767446756363,0.06025873124599457,0.062021803110837936,0.06310110539197922
0.07484176754951477,0.07605509459972382,0.07842753827571869,0.08007894456386566,0.08090484142303467,0.08143017441034317,0.08005199581384659,0.0771501287817955,0.07529811561107635,0.07414716482162476,0.07241912931203842,0.07178205251693726,0.07227989286184311,0.07026185840368271,0.06669028103351593,0.0652405321598053,0.06575579196214676,0.07096526771783829,0.07287124544382095,0.06944452971220016,0.06512133032083511,0.05907047539949417,0.05362134799361229,0.046652521938085556,0.04049878194928169,0.03665449470281601,0.040417227894067764,0.042829014360904694,0.039789795875549316,0.039206188172101974,0.035245079547166824,0.027954144403338432,0.020572947338223457,0.018592199310660362,0.02686837874352932,0.036557234823703766,0.04744898900389671,0.06250350177288055,0.06912679225206375,0.06540630012750626,0.06113247573375702,0.05998861789703369
0.07036244124174118,0.07127849757671356,0.0739622637629509,0.0767294317483902,0.07831986248493195,0.0789770856499672,0.07580212503671646,0.07016213983297348,0.06665386259555817,0.06344334036111832,0.06659893691539764,0.06814275681972504,0.0663166344165802,0.0699864849448204,0.06522179394960403,0.05827061086893082,0.05862092599272728,0.06382115930318832,0.06397585570812225,0.059354692697525024,0.054272931069135666,0.046811942011117935,0.04006796330213547,0.03454088047146797,0.032756686210632324,0.03276539966464043,0.039963264018297195,0.042055968195199966,0.043401725590229034,0.04444313794374466,0.03489011153578758,0.027001336216926575,0.021185051649808884,0.022153208032250404,0.03562677651643753,0.051464103162288666,0.06217879801988602,0.07117046415805817,0.07182864099740982,0.06697602570056915,0.06106537953019142,0.05373884737491608
0.06341729313135147,0.06479699909687042,0.06884978711605072,0.07332343608140945,0.07548698037862778,0.07608896493911743,0.07221954315900803,0.0647372379899025,0.06052875518798828,0.06075770780444145,0.06041673943400383,0.06395771354436874,0.07032425701618195,0.06880626082420349,0.061089374125003815,0.05476070195436478,0.05342093110084534,0.05680162087082863,0.05542900785803795,0.049720801413059235,0.04275684058666229,0.03167569637298584,0.02454630844295025,0.025813350453972816,0.030915644019842148,0.034195419400930405,0.043940719217061996,0.04908284917473793,0.04700533300638199,0.043850164860486984,0.03804323449730873,0.03142372891306877,0.02507566660642624,0.028322754427790642,0.04511578008532524,0.06164185702800751,0.07112559676170349,0.07473338395357132,0.07249603420495987,0.06689361482858658,0.05764676630496979,0.050202932208776474
0.057786498218774796,0.05882348120212555,0.06298057734966278,0.06999724358320236,0.07514020800590515,0.07473421096801758,0.0693739652633667,0.062327370047569275,0.057907771319150925,0.05831130966544151,0.061723798513412476,0.06530166417360306,0.06740086525678635,0.06569909304380417,0.059720948338508606,0.05336098000407219,0.04995843395590782,0.051985058933496475,0.049346450716257095,0.042228732258081436,0.03364074230194092,0.021465450525283813,0.017757805064320564,0.02188997156918049,0.034446410834789276,0.04612567275762558,0.048910629004240036,0.0511200986802578,0.052138492465019226,0.048639364540576935,0.043575506657361984,0.03662952035665512,0.03165416792035103,0.03840305656194687,0.05448415130376816,0.06911414116621017,0.07354776561260223,0.07503195852041245,0.0725841149687767,0.06359626352787018,0.05672626569867134,0.05113791674375534
0.054423850029706955,0.054818347096443176,0.05793946236371994,0.06575018167495728,0.0727158933877945,0.07241076976060867,0.07048014551401138,0.06481849402189255,0.05689070373773575,0.056318629533052444,0.059787359088659286,0.06313402950763702,0.06400293856859207,0.06145231053233147,0.05630055442452431,0.05096305161714554,0.04799783229827881,0.05022629722952843,0.046383585780858994,0.03826286271214485,0.031040586531162262,0.022998275235295296,0.0218939371407032,0.025793051347136497,0.03722308948636055,0.049180902540683746,0.05407942086458206,0.05602499470114708,0.05512174218893051,0.051702115684747696,0.04909900575876236,0.04368014633655548,0.03938973322510719,0.04850183054804802,0.06288011372089386,0.07395841181278229,0.07709518074989319,0.07279874384403229,0.06651636213064194,0.060310207307338715,0.05427125096321106,0.047918468713760376
0.05154646188020706,0.05191948637366295,0.05370582640171051,0.05959223955869675,0.06840555369853973,0.07049552351236343,0.07009056210517883,0.0655822679400444,0.05596783384680748,0.054154980927705765,0.057379238307476044,0.060244861990213394,0.062021248042583466,0.05982944369316101,0.05492628365755081,0.05130266398191452,0.048563066869974136,0.04615242779254913,0.04083335027098656,0.03414338082075119,0.030174018815159798,0.03162948042154312,0.03382096439599991,0.036711130291223526,0.04446116462349892,0.05100864917039871,0.053604550659656525,0.05675521492958069,0.06024668365716934,0.05717500299215317,0.05130244791507721,0.04724425822496414,0.047313857823610306,0.0542658194899559,0.06351338326931,0.06989531219005585,0.07052182406187057,0.06772854924201965,0.06213283911347389,0.05439428985118866,0.04824672266840935,0.04366017132997513
0.04814090207219124,0.048704907298088074,0.05079672858119011,0.054746322333812714,0.06113674119114876,0.06532454490661621,0.068417027592659,0.06510451436042786,0.0560075119137764,0.05263347178697586,0.05696825683116913,0.06013399735093117,0.05779574438929558,0.055329907685518265,0.05187823250889778,0.04802956059575081,0.044064320623874664,0.040818870067596436,0.037467461079359055,0.034773021936416626,0.03483102098107338,0.03916098177433014,0.0421929731965065,0.04422800615429878,0.04918798431754112,0.05317927896976471,0.05596325173974037,0.05814444646239281,0.05829833075404167,0.05552589148283005,0.051813796162605286,0.04977827146649361,0.05107969418168068,0.05507981777191162,0.06003184989094734,0.0648295134305954,0.06478960812091827,0.05959421396255493,0.05293708294630051,0.04595722630620003,0.04099380970001221,0.03807874768972397
0.045806463807821274,0.04593483358621597,0.046924106776714325,0.049433764070272446,0.05435068532824516,0.05969279259443283,0.06558109819889069,0.06369872391223907,0.0565195232629776,0.05413392186164856,0.05438856780529022,0.05508522689342499,0.05335542559623718,0.050614435225725174,0.0474044568836689,0.04315891116857529,0.03866427391767502,0.03601139038801193,0.03539282828569412,0.036597006022930145,0.040871232748031616,0.044430576264858246,0.04588819667696953,0.04805167019367218,0.050790026783943176,0.05348534882068634,0.05497268587350845,0.05572032555937767,0.05572448670864105,0.05427539348602295,0.05231623351573944,0.052144214510917664,0.055320024490356445,0.05721566826105118,0.05713053420186043,0.057150281965732574,0.05413319915533066,0.048070114105939865,0.0418105274438858,0.037122417241334915,0.03462737426161766,0.03359919786453247
0.044258929789066315,0.04397345706820488,0.04384692385792732,0.04477788880467415,0.04783349111676216,0.05387699604034424,0.062161218374967575,0.06280820071697235,0.05678411200642586,0.05246005579829216,0.050277452915906906,0.04984598606824875,0.048160675913095474,0.04540427029132843,0.04193633422255516,0.03771490231156349,0.03397966921329498,0.03255809471011162,0.034149009734392166,0.03865329548716545,0.04295673966407776,0.04550724849104881,0.047813039273023605,0.04910075664520264,0.04998749867081642,0.05171577259898186,0.0527225136756897,0.05254875123500824,0.053002774715423584,0.05554436519742012,0.05627746880054474,0.05505621060729027,0.05502628535032272,0.05415051430463791,0.05226893723011017,0.04923759400844574,0.044378988444805145,0.039178963750600815,0.0356893427670002,0.03401174023747444,0.03309551626443863,0.032744400203228
0.04317057132720947,0.042591240257024765,0.04140786454081535,0.041002992540597916,0.042728666216135025,0.048668768256902695,0.057008206844329834,0.06460675597190857,0.06155688315629959,0.04948733001947403,0.04395711049437523,0.043885737657547,0.04262217879295349,0.03968130424618721,0.03654446452856064,0.033615387976169586,0.03152899071574211,0.03118397668004036,0.03314107283949852,0.03829771652817726,0.04220401868224144,0.04365820437669754,0.04571517929434776,0.04614885523915291,0.045758940279483795,0.0468338243663311,0.049631550908088684,0.05078087002038956,0.050670307129621506,0.051692284643650055,0.051577094942331314,0.051000434905290604,0.0503806471824646,0.048553094267845154,0.045621685683727264,0.041678059846162796,0.03760607913136482,0.034498181194067,0.03304649144411087,0.03319573402404785,0.03542367368936539,0.03658751770853996
0.0436052642762661,0.042093295603990555,0.039607126265764236,0.038240790367126465,0.04092136397957802,0.046989962458610535,0.05551409721374512,0.06396250426769257,0.0614737831056118,0.05326713249087334,0.04730736091732979,0.04122810438275337,0.03561902791261673,0.03044169209897518,0.02985979989171028,0.03157064691185951,0.03109155409038067,0.031015614047646523,0.03286509960889816,0.03900054842233658,0.042155276983976364,0.04099222645163536,0.041140537708997726,0.04033035412430763,0.040076158940792084,0.042967382818460464,0.04547595605254173,0.04593043029308319,0.04660492390394211,0.04688532277941704,0.04615345224738121,0.044704582542181015,0.04273562878370285,0.04035813733935356,0.03782343864440918,0.03532470762729645,0.033226676285266876,0.03236902877688408,0.03464329242706299,0.0361793078482151,0.0357402004301548,0.03569755703210831
0.04233327880501747,0.040584784001111984,0.03770672157406807,0.03601185977458954,0.03980281203985214,0.047130927443504333,0.055738456547260284,0.06533501297235489,0.0634174644947052,0.05507821962237358,0.04712764546275139,0.03701057657599449,0.029432538896799088,0.02582099474966526,0.02513011172413826,0.02889890782535076,0.03301373869180679,0.033137205988168716,0.034713756293058395,0.04172781854867935,0.044064827263355255,0.04040110856294632,0.03893023729324341,0.03811729699373245,0.04020685702562332,0.04208788648247719,0.04233364760875702,0.04322904348373413,0.043572798371315,0.04327462241053581,0.042183272540569305,0.04038285091519356,0.03840784728527069,0.03648237884044647,0.034932076930999756,0.03529706597328186,0.03437986597418785,0.0323200523853302,0.03237686678767204,0.03248823061585426,0.03205552697181702,0.03159783408045769
0.041699208319187164,0.03992525115609169,0.03695366531610489,0.03559843450784683,0.0373704694211483,0.04499053955078125,0.05585625022649765,0.06645277142524719,0.06488882005214691,0.05572306737303734,0.04680601879954338,0.03352142125368118,0.024020040407776833,0.021732091903686523,0.024581357836723328,0.028551876544952393,0.03129732236266136,0.03124028444290161,0.03531043231487274,0.0467304065823555,0.048517800867557526,0.04188225418329239,0.04030771553516388,0.03992795571684837,0.03979484736919403,0.04052574560046196,0.04065490514039993,0.04059671610593796,0.0400070995092392,0.0392337292432785,0.038481518626213074,0.03826448693871498,0.04006844758987427,0.039657916873693466,0.036689404398202896,0.03462951257824898,0.03133726865053177,0.02746765874326229,0.024567309767007828,0.022532643750309944,0.02086813747882843,0.020133335143327713
0.041653718799352646,0.04006359726190567,0.03718893975019455,0.03581608086824417,0.03812867030501366,0.04416429251432419,0.05190296471118927,0.059178803116083145,0.062482237815856934,0.05454140529036522,0.03981442376971245,0.027873847633600235,0.021183636039495468,0.020452335476875305,0.023436401039361954,0.027928687632083893,0.03210868313908577,0.036220621317625046,0.041323866695165634,0.04591340944170952,0.045592132955789566,0.04375483840703964,0.042494941502809525,0.04068484157323837,0.04016886278986931,0.039897412061691284,0.03901796415448189,0.037818487733602524,0.03631655126810074,0.035752683877944946,0.0393209233880043,0.04182178154587746,0.04081525281071663,0.03948596119880676,0.037122637033462524,0.033079247921705246,0.026233593001961708,0.019494887441396713,0.01605549454689026,0.014821195974946022,0.013967127539217472,0.01349667552858591
0.04142533987760544,0.04015093296766281,0.037791766226291656,0.036424145102500916,0.0375492237508297,0.04077489674091339,0.04371408745646477,0.05438695847988129,0.05811312422156334,0.047515638172626495,0.0360085591673851,0.024607324972748756,0.019293611869215965,0.019877543672919273,0.02350274845957756,0.028793826699256897,0.034124914556741714,0.03840415179729462,0.04204756021499634,0.04462317004799843,0.04687102884054184,0.0462922565639019,0.0431145504117012,0.04139935225248337,0.04044964537024498,0.03926254063844681,0.037402745336294174,0.03478487208485603,0.03303198516368866,0.036332014948129654,0.03958262875676155,0.03941910341382027,0.03893856704235077,0.03748894855380058,0.034398335963487625,0.0284632109105587,0.020641574636101723,0.01483684778213501,0.012876555323600769,0.012477545998990536,0.011626353487372398,0.010898100212216377
