dougfraga/big_6.json
{"header": {"parameterUnit": "m.s-1", "parameterNumber": 2, "dx": 0.016666000000000736, "dy": 0.016666000000000736, "parameterNumberName": "Eastward current", "la1": -22.891645999999998, "la2": -24.0416, "parameterCategory": 2, "lo2": -43.225054, "nx": 95, "ny": 70, "refTime": "2022-12-18 06:00:00", "lo1": -44.79166}, "data":
[rows 19 to 37 of 70, columns 0 to 41 of 95]
0.0,0.0,0.0,0.0,0.0,0.0019148933934047818,0.004046723246574402,0.002131829969584942,0.0,0.0,-0.010876757092773914,-0.026744654402136803,-0.03315805643796921,-0.036270033568143845,-0.032810334116220474,-0.025705091655254364,-0.01878054067492485,-0.013866761699318886,-0.013395880348980427,-0.01343302708119154,-0.013676299713551998,-0.013199864886701107,-0.014332807622849941,-0.017998306080698967,-0.03496528044342995,-0.0247782152146101,0.0,0.0,0.010939141735434532,0.012393537908792496,-0.00032679070136509836,-0.0017811862053349614,0.0,0.0,-8.254759484069207e-19,0.0,0.012641395442187786,0.02834486961364746,0.033766910433769226,0.04221591725945473,0.05181938782334328,0.04451468959450722
0.0,0.0,0.0,0.0,0.0,0.0009821461280807853,0.0009821461280807853,0.0,0.0,0.0,0.0,-0.006904685869812965,-0.02616140991449356,-0.039117325097322464,-0.03397110849618912,-0.02688361145555973,-0.020492080599069595,-0.014954677782952785,-0.014863823540508747,-0.015232493169605732,-0.014686720445752144,-0.013957137241959572,-0.012541268952190876,-0.015939900651574135,-0.026416892185807228,-0.016143472865223885,0.0,0.0,0.0078068943694233894,0.01221275981515646,0.01023013424128294,0.014885856769979,0.021420186385512352,0.026028817519545555,0.028583956882357597,0.03307683765888214,0.029884370043873787,0.03136669471859932,0.04121886566281319,0.049877967685461044,0.05088990926742554,0.04148367419838905
0.0,0.0,0.0,0.0,0.0,0.0,0.0,0.0,0.0,0.0,0.0,-0.008635670877993107,-0.020297080278396606,-0.019040416926145554,-0.015056121163070202,-0.015476980246603489,-0.014768224209547043,-0.013706107623875141,-0.01427878811955452,-0.014461266808211803,-0.013077984564006329,-0.011813524179160595,-0.009308159351348877,-0.012811768800020218,-0.02419484220445156,-0.03758329525589943,-0.036031730473041534,-0.015577754937112331,0.0006422470323741436,0.007880277931690216,0.012819132767617702,0.020212829113006592,0.024903208017349243,0.02578616701066494,0.02898196317255497,0.03348906338214874,0.03378285467624664,0.036322738975286484,0.041786570101976395,0.04369271546602249,0.04685768485069275,0.04222096502780914
0.0,0.0,0.0,0.0,0.0,0.0,0.0,0.0,0.0,0.0,0.0,0.0,0.0,-0.002233172068372369,-0.010104416869580746,-0.01790911704301834,-0.016973169520497322,-0.012500781565904617,-0.010727668181061745,-0.009813845157623291,-0.008280630223453045,-0.006054979749023914,-0.0020564012229442596,-0.00321640120819211,-0.009258176200091839,-0.014913737773895264,-0.01618700660765171,-0.007734972517937422,0.00543564185500145,0.01426065992563963,0.01736380159854889,0.020862067118287086,0.02394811064004898,0.026447078213095665,0.02971838228404522,0.03317280113697052,0.03629183769226074,0.0385158397257328,0.03871569782495499,0.041027870029211044,0.042178768664598465,0.03878828510642052
0.0,0.0,0.0,0.0,0.0,0.0,0.0,0.0,0.0,0.0,0.0,0.0,0.0,-0.0031403449829667807,-0.012019583024084568,-0.02518603391945362,-0.021645016968250275,-0.008933148346841335,-0.005423744209110737,-0.001998824067413807,0.0005743459332734346,0.0031076637096703053,0.005934585351496935,0.006933984346687794,0.011392106302082539,0.009972776286303997,0.003911581821739674,0.009527022950351238,0.018257450312376022,0.023173658177256584,0.026044780388474464,0.027011994272470474,0.026920538395643234,0.02845050022006035,0.031110398471355438,0.03362052142620087,0.036262188106775284,0.037918902933597565,0.03921401873230934,0.04402249678969383,0.044721636921167374,0.045592740178108215
0.0,0.0,0.0,0.0,0.0,0.0,0.0,0.0,0.0,0.0,0.0,0.0,0.0,0.0,0.0,0.0,0.005570204928517342,0.01125397253781557,0.008322897367179394,0.006838764995336533,0.011155967600643635,0.01582864299416542,0.020915521308779716,0.02189812809228897,0.020690718665719032,0.020382925868034363,0.018732666969299316,0.023432644084095955,0.028683776035904884,0.030070854350924492,0.03224639222025871,0.03299405053257942,0.03248356282711029,0.034024324268102646,0.037553995847702026,0.04206043481826782,0.044737908989191055,0.04522877186536789,0.04645493999123573,0.047253381460905075,0.04736747592687607,0.047156333923339844
0.0,0.0,0.0,0.0,0.0,0.0,0.0,0.0,0.0,0.0,0.0,0.0,0.0,0.0,0.0,0.024023400619626045,0.04512637108564377,0.03516947105526924,0.019845450296998024,0.01348385214805603,0.018340548500418663,0.02590911276638508,0.03037226013839245,0.030683932825922966,0.030789021402597427,0.030189896002411842,0.030112596228718758,0.03450891375541687,0.03724515065550804,0.03593524172902107,0.03665751591324806,0.03665328025817871,0.036805566400289536,0.040789876133203506,0.04376529902219772,0.04413234442472458,0.04514198750257492,0.04551864415407181,0.045988135039806366,0.046643856912851334,0.046778470277786255,0.04663008823990822
0.0,0.0,0.0,0.0,0.0,0.0,0.0,0.0,0.0,0.0,0.0,0.0,0.0,0.0,0.02931816875934601,0.05099043250083923,0.043039850890636444,0.043709006160497665,0.03426186740398407,0.02427281066775322,0.027900250628590584,0.034125834703445435,0.038171786814928055,0.039540451020002365,0.03917447850108147,0.0390293225646019,0.04277963936328888,0.04445691406726837,0.04321569576859474,0.042743708938360214,0.04141530394554138,0.04012366011738777,0.040424004197120667,0.04475714638829231,0.04630697891116142,0.045071426779031754,0.0455392561852932,0.0454067587852478,0.04559845104813576,0.04642871022224426,0.046926479786634445,0.046797025948762894
0.0,0.0,0.0,0.0,0.0,0.0,0.0,0.0,0.0,0.0,0.0,0.0,0.0,0.0,0.01229090616106987,0.03488503769040108,0.044916167855262756,0.04643385484814644,0.0410337932407856,0.03759290650486946,0.043141886591911316,0.04439448565244675,0.04376542568206787,0.044762637466192245,0.04883553460240364,0.05007432773709297,0.04937954992055893,0.05060489475727081,0.05098338797688484,0.04994608461856842,0.047827981412410736,0.04766644537448883,0.04714561253786087,0.04713575541973114,0.04813338816165924,0.047372009605169296,0.046385664492845535,0.04556499421596527,0.045732323080301285,0.04692453891038895,0.047878850251436234,0.04832479730248451
0.0,0.0,0.0,0.0,0.0,0.014062316156923771,0.031007345765829086,0.03819550946354866,0.03713633120059967,0.01588585413992405,0.0,0.0,0.0,0.017376843839883804,0.05480257049202919,0.07707533240318298,0.07754073292016983,0.07231622189283371,0.06289518624544144,0.055801935493946075,0.05458296090364456,0.05271579697728157,0.053333863615989685,0.054595716297626495,0.05423109233379364,0.05562908574938774,0.05680755525827408,0.055811237543821335,0.0536724291741848,0.05366046354174614,0.05253664404153824,0.05028736963868141,0.049503497779369354,0.0497438982129097,0.05051542818546295,0.05015981197357178,0.04862472042441368,0.04775034636259079,0.04878850281238556,0.05202030390501022,0.05323391035199165,0.052255578339099884
0.0,0.0,0.0,0.0,0.020960427820682526,0.060356367379426956,0.07952744513750076,0.07693237066268921,0.0783664807677269,0.09212742000818253,0.09788235276937485,0.11086808890104294,0.09527669101953506,0.05820990726351738,0.055923331528902054,0.06848326325416565,0.07755027711391449,0.07243598997592926,0.06498973071575165,0.060497771948575974,0.05823851004242897,0.0593220554292202,0.06067381799221039,0.05959898233413696,0.059626467525959015,0.05995037406682968,0.06007153168320656,0.05602641776204109,0.0505334846675396,0.047900717705488205,0.051493313163518906,0.05319922789931297,0.04991152510046959,0.05097861960530281,0.05210055038332939,0.05184978246688843,0.05094050616025925,0.05235035717487335,0.05389944836497307,0.054073069244623184,0.053946271538734436,0.05315231904387474
0.10697144269943237,0.10830703377723694,0.11795126646757126,0.1306368112564087,0.12106114625930786,0.1065186932682991,0.10603338479995728,0.10285317152738571,0.10122828930616379,0.10709959268569946,0.10301483422517776,0.07931748032569885,0.060499127954244614,0.05572113022208214,0.054190974682569504,0.05279886722564697,0.05039455369114876,0.04861520230770111,0.0496629998087883,0.056999627500772476,0.062454044818878174,0.062993124127388,0.06789812445640564,0.06742441654205322,0.06451737135648727,0.06230200082063675,0.05213938280940056,0.042690157890319824,0.040939703583717346,0.044523365795612335,0.04817071557044983,0.05025867745280266,0.05115536227822304,0.05236981436610222,0.053321897983551025,0.05314208194613457,0.05410623550415039,0.05506874993443489,0.05466725677251816,0.05431099236011505,0.05355355888605118,0.052682362496852875
0.12447180598974228,0.1215832456946373,0.12149804085493088,0.12565229833126068,0.12321517616510391,0.12038632482290268,0.11707756668329239,0.11032814532518387,0.10588903725147247,0.10309664905071259,0.0905323475599289,0.06925218552350998,0.058314237743616104,0.055499594658613205,0.0534818060696125,0.05120990797877312,0.04804007336497307,0.048405569046735764,0.05150145664811134,0.06033655256032944,0.06769505143165588,0.06807717680931091,0.07279691100120544,0.07202696800231934,0.06710004061460495,0.06014036387205124,0.046800173819065094,0.03717680275440216,0.03645218908786774,0.040665142238140106,0.046534933149814606,0.051658160984516144,0.05307341739535332,0.05389321967959404,0.05486665666103363,0.05665561556816101,0.05690035596489906,0.05572694540023804,0.055168382823467255,0.05439559370279312,0.052996423095464706,0.05121094360947609
0.1296595335006714,0.12783248722553253,0.12466513365507126,0.12384264171123505,0.12342704087495804,0.12147774547338486,0.11783990263938904,0.11339002847671509,0.10562165081501007,0.09558970481157303,0.08890727907419205,0.08215498179197311,0.07553919404745102,0.07321415841579437,0.07183826714754105,0.06890789419412613,0.06476277858018875,0.06003348529338837,0.05514780431985855,0.061925314366817474,0.07216430455446243,0.07377249002456665,0.07131567597389221,0.0742703303694725,0.07394405454397202,0.058150846511125565,0.043309591710567474,0.03682681545615196,0.03969602286815643,0.04634398967027664,0.051308635622262955,0.05380311980843544,0.05400848016142845,0.055686142295598984,0.05954844132065773,0.06002140790224075,0.058046042919158936,0.05689122527837753,0.056041061878204346,0.055002640932798386,0.05321228876709938,0.05311661586165428
0.12051203846931458,0.12109541893005371,0.12148185074329376,0.1210133358836174,0.1207968220114708,0.12038331478834152,0.11613934487104416,0.10845495760440826,0.09867185354232788,0.08817724883556366,0.08103490620851517,0.0771695002913475,0.07618691772222519,0.07411141693592072,0.07080565392971039,0.06921123713254929,0.06698380410671234,0.06382854282855988,0.06299950927495956,0.06256359815597534,0.06997355818748474,0.0803162157535553,0.07702760398387909,0.07495097070932388,0.07464007288217545,0.06109374761581421,0.047541774809360504,0.044470518827438354,0.04747024178504944,0.05251780152320862,0.05577566847205162,0.05729389190673828,0.05829335004091263,0.05975443497300148,0.060995541512966156,0.06071844696998596,0.0593610443174839,0.05785607546567917,0.05620630085468292,0.05551472306251526,0.05363287776708603,0.060021236538887024
0.11473476141691208,0.11499571800231934,0.11641159653663635,0.11766111105680466,0.11651352047920227,0.11408903449773788,0.10964741557836533,0.1010083556175232,0.09053362905979156,0.08142311871051788,0.0759039893746376,0.07506620138883591,0.0739656314253807,0.0711311623454094,0.0697222575545311,0.06894424557685852,0.06785229593515396,0.06707996875047684,0.0662655159831047,0.07001771777868271,0.07548057287931442,0.07586074620485306,0.07430833578109741,0.0751265212893486,0.07644439488649368,0.06480316072702408,0.05376550927758217,0.05359627678990364,0.05507819727063179,0.05799588933587074,0.05974552035331726,0.060669559985399246,0.06118450686335564,0.061392273753881454,0.06111025810241699,0.06050460785627365,0.05979110300540924,0.05835046246647835,0.05867661163210869,0.059848833829164505,0.061243075877428055,0.06638304889202118
0.10846297442913055,0.1091361716389656,0.10997132956981659,0.11083075404167175,0.11073298007249832,0.1079448014497757,0.10210928320884705,0.0927533283829689,0.08278196305036545,0.0762123391032219,0.07468461245298386,0.07347491383552551,0.0715099349617958,0.07151378691196442,0.07179898768663406,0.0714893713593483,0.07079976797103882,0.07149264961481094,0.07362273335456848,0.07493628561496735,0.07439500838518143,0.07241653650999069,0.07164115458726883,0.07301762700080872,0.07129757851362228,0.0639108419418335,0.06054398790001869,0.061251722276210785,0.06156986206769943,0.06310038268566132,0.06394945830106735,0.06416928023099899,0.06337910145521164,0.062035705894231796,0.06047593057155609,0.05876363068819046,0.05922654643654823,0.06131695583462715,0.06281495094299316,0.06169102340936661,0.06873424351215363,0.07619868218898773
0.10168036073446274,0.10264880210161209,0.1044219434261322,0.1057581752538681,0.10486005991697311,0.10119025409221649,0.09458410739898682,0.08537153154611588,0.07753057777881622,0.07454845309257507,0.07259426265954971,0.07150658965110779,0.07332518696784973,0.07469683885574341,0.07531046867370605,0.07515985518693924,0.07492639869451523,0.07542826235294342,0.07653984427452087,0.07698625326156616,0.07620152831077576,0.07499030977487564,0.07365845888853073,0.07221869379281998,0.0703313797712326,0.06938431411981583,0.0681537464261055,0.0672961175441742,0.06825010478496552,0.06898719072341919,0.06889550387859344,0.06703071296215057,0.0639730840921402,0.06062862277030945,0.05798289179801941,0.05878105387091637,0.06076126918196678,0.06285137683153152,0.06637775152921677,0.06958525627851486,0.07428111135959625,0.08075043559074402
0.09797743707895279,0.09869471937417984,0.09975797683000565,0.09986461699008942,0.09860646724700928,0.09487639367580414,0.08823475986719131,0.08129341155290604,0.07442588359117508,0.06953375041484833,0.06905745714902878,0.07170737534761429,0.07459928095340729,0.07580795884132385,0.07658850401639938,0.07696259021759033,0.07676813006401062,0.07762878388166428,0.08223626017570496,0.08289036899805069,0.0807386264204979,0.08080221712589264,0.07913485914468765,0.07637383043766022,0.07353430241346359,0.07265929132699966,0.07261072844266891,0.07281262427568436,0.07387835532426834,0.07417380064725876,0.07258173823356628,0.06999453157186508,0.06441999226808548,0.05868551880121231,0.05710423365235329,0.05833499878644943,0.0619150847196579,0.07023151218891144,0.07569456845521927,0.07625540345907211,0.07911019027233124,0.08250903338193893
