dougfraga/big_9.json
{"header": {"parameterUnit": "m.s-1", "parameterNumber": 2, "dx": 0.016666000000000736, "dy": 0.016666000000000736, "parameterNumberName": "Eastward current", "la1": -22.891645999999998, "la2": -24.0416, "parameterCategory": 2, "lo2": -43.225054, "nx": 95, "ny": 70, "refTime": "2022-12-18 09:00:00", "lo1": -44.79166}, "data":
[rows 0 to 18 of 70, columns 42 to 83 of 95]
0.0,0.0,0.0,0.0,0.0,0.0,0.0,0.0,0.0,0.0,0.0,0.0,0.0,0.0,0.0,0.0,0.0,0.0,0.0,0.0,0.0,0.0,0.0,0.0,0.0,0.0,0.0,0.0,0.0,0.0,0.0,0.0,0.0,0.0,0.0,0.0,0.0,0.0,0.0,0.0,0.0,0.0
0.0,0.0,0.0,0.0,0.0,0.0,0.0,0.0,0.0,0.0,0.0,0.0,0.0,0.0,0.0,0.0,0.0,0.0,0.0,0.0,0.0,0.0,0.0,0.0,0.0,0.0,0.0,0.0,0.0,0.0,0.0,0.0,0.0,0.0,0.0,0.0,0.0,0.0,0.0,0.0,0.0,0.0
0.0,0.0,0.0,0.0,0.0,0.0,0.0,0.0,0.0,0.0,0.0,0.0,0.0,2.712719173328106e-19,0.0,0.0,0.0,0.0,0.0,0.0,0.0,0.0,0.0,0.0,0.0,0.0,0.0,0.0,0.0,0.0,0.0,0.0,0.0,0.0,0.0,0.0,0.0,0.0,0.0,0.0,0.0,0.0
0.0,0.0,0.0,0.0,0.0,0.0,0.0,0.0,-7.360338910485393e-19,0.0,0.0,0.0,0.0,-0.0037266637664288282,-0.0037266637664288282,0.0,-0.0005236186552792788,-0.0005236186552792788,0.0,0.0,0.0,0.0,0.0,0.0,0.0,0.0,0.0,0.0,0.0,0.0,0.0,0.0,0.0,0.0,0.0,0.0,0.0,0.0,0.0,0.0,0.0,0.0
0.0,-0.0006984442006796598,-0.0006984442006796598,0.0,0.0,-0.0014748787507414818,-0.0036271403077989817,-0.0028682034462690353,0.00041877941112034023,-0.0038544372655451298,-0.00498915882781148,0.0,0.0,-0.0035121478140354156,-0.005787792149931192,0.00106435630004853,0.00887626875191927,0.012847593054175377,0.014277089387178421,0.010827993042767048,0.003862228477373719,0.0,0.0,0.0,0.0,0.0,0.0,0.0,0.0,0.0,0.0,0.0,0.0,0.0,0.0,0.0,0.0,0.0,0.0,0.0,0.0,0.0
0.0,-0.002463499316945672,-0.002463499316945672,0.0,-0.005671465303748846,-0.010990508832037449,-0.011961371637880802,-0.013332484290003777,-0.01239545363932848,-0.013462871313095093,-0.014744271524250507,-0.01506899669766426,-0.008907895535230637,0.0005379050853662193,0.0038754460401833057,0.007269826717674732,0.011217894032597542,0.013700469397008419,0.014404143206775188,0.014008465223014355,0.013382983393967152,0.006538204848766327,0.0,0.0,0.0,0.0,0.0,0.0,0.0,0.0,0.0,0.0,0.0,0.0,0.0,0.0,0.0,0.0,0.0,0.0,0.0,0.0
0.0,-0.003585457568988204,-0.005954073276370764,-0.002038856502622366,-0.0006205367390066385,-0.0036259344778954983,-0.009687555022537708,-0.016632020473480225,-0.019167505204677582,-0.016966862604022026,-0.014701435342431068,-0.009688076563179493,-0.00010473152360646054,0.005463285371661186,0.007719177752733231,0.010568195022642612,0.012862875126302242,0.014574895612895489,0.015948841348290443,0.017161820083856583,0.01996363326907158,0.023666338995099068,0.012638639658689499,0.0,0.0,0.0,0.0,0.0,0.0,0.0,0.0,0.0,0.0,0.0,0.0,0.0,0.0,0.0,0.0,0.0,0.0,0.0
0.001478778780438006,0.0049312179908156395,0.006301778834313154,0.002957723569124937,0.0001257809781236574,-0.004807147663086653,-0.0137491999194026,-0.01844080537557602,-0.017797473818063736,-0.014988870359957218,-0.009797560051083565,-0.003709056880325079,0.0013363813050091267,0.005433360580354929,0.00818657223135233,0.010850167833268642,0.013423213735222816,0.015629006549715996,0.017553184181451797,0.020033977925777435,0.024856267496943474,0.03216962516307831,0.041915759444236755,0.04624639451503754,0.040889922529459,0.01841781847178936,0.0,0.0,0.0,0.0,0.0,0.0,0.0,0.0,0.0,0.0,0.0,0.0,0.0,0.0,0.0,0.0
0.01682954654097557,0.015504518523812294,0.014245729893445969,0.007318269461393356,-0.0023809599224478006,-0.005677130538970232,-0.008286292664706707,-0.016189461573958397,-0.0229311715811491,-0.02210838533937931,-0.012866598553955555,-0.003875498194247484,0.0013735855463892221,0.003958315588533878,0.0061139436438679695,0.010281212627887726,0.01448668073862791,0.01709754765033722,0.019300466403365135,0.02266734279692173,0.028312666341662407,0.03729276731610298,0.045864351093769073,0.049185823649168015,0.05005441606044769,0.05524565652012825,0.05938219651579857,0.05929291620850563,0.05913975462317467,0.05659069865942001,0.0272190161049366,0.0,0.0,0.0,0.0,0.0,0.0,0.0,0.0,0.0,0.0,0.0
0.016264718025922775,0.010103177279233932,0.009258040226995945,0.005233446601778269,-0.0019106640247628093,-0.002778134774416685,-0.008241791278123856,-0.024630336090922356,-0.03596213087439537,-0.029740802943706512,-0.01640082709491253,-0.007149555720388889,-0.00179571274202317,-0.0010325695620849729,0.0010980454972013831,0.009596176445484161,0.014828608371317387,0.016301792114973068,0.01933193765580654,0.02312983013689518,0.02935566008090973,0.04125580936670303,0.049980949610471725,0.0515228696167469,0.052990641444921494,0.05619755759835243,0.06001732498407364,0.06410415470600128,0.0694010928273201,0.07420606911182404,0.062105271965265274,0.023961378261446953,0.0,0.0,0.0,0.0,0.0,0.0,0.019278476014733315,0.045960262417793274,0.05091458931565285,0.04750249162316322
0.013362926431000233,0.0119973449036479,0.009648552164435387,0.006760565098375082,0.00896212924271822,0.0067613315768539906,0.0021205281373113394,0.0,0.0,-0.008995243348181248,-0.015809301286935806,-0.012404819019138813,-0.0055907610803842545,0.0,0.0,0.0,0.00041229563066735864,0.004364069551229477,0.010605020448565483,0.01511303149163723,0.015727154910564423,0.007267369423061609,0.0,0.0,0.0,0.0,0.0,0.0,0.0,0.0,0.010405425913631916,0.010405425913631916,0.0,0.0,0.0,0.023296071216464043,0.05008392781019211,0.07629160583019257,0.09228832274675369,0.06648550927639008,0.04874386265873909,0.05377509072422981
0.017435165122151375,0.0148446224629879,0.010274136438965797,0.006005570758134127,0.01161957811564207,0.008569808676838875,0.0,0.0,0.0,0.0,0.0,0.0,0.0,0.0,0.0,0.0,0.0,0.0,0.0,0.0,0.0,0.0,0.018441801890730858,0.034001823514699936,0.03369941562414169,0.04044795408844948,0.03983567655086517,0.03506116569042206,0.03567646071314812,0.032109055668115616,0.02864830754697323,0.014681663364171982,0.0,0.017268192023038864,0.04478774592280388,0.050924964249134064,0.0518498569726944,0.05732496827840805,0.0620030052959919,0.05831409618258476,0.050567060708999634,0.05043511837720871
0.019965074956417084,0.014513076283037663,0.011832688935101032,0.0039772153832018375,-0.0007261855062097311,0.0,0.0,0.0,0.0,0.0,0.0,0.012684718705713749,0.02780720964074135,0.03174564987421036,0.03450446203351021,0.03984219953417778,0.03800705447793007,0.032682452350854874,0.033893734216690063,0.03484724834561348,0.034760743379592896,0.03609880059957504,0.039997950196266174,0.04748404398560524,0.0517546683549881,0.04870615527033806,0.041376903653144836,0.0416405163705349,0.05490753427147865,0.05481855571269989,0.038222119212150574,0.04416520893573761,0.06204352527856827,0.05732668563723564,0.04814624786376953,0.05013888329267502,0.06833497434854507,0.0830322802066803,0.07984603941440582,0.06645607203245163,0.05641584470868111,0.0619451142847538
0.017540935426950455,0.005093887448310852,0.0018513778923079371,0.0009282040409743786,-3.831916183116846e-05,0.0,0.0,0.018688015639781952,0.03313714265823364,0.03176204860210419,0.04106748104095459,0.041362214833498,0.03557503595948219,0.036597028374671936,0.03673320636153221,0.03579093515872955,0.03325173631310463,0.03135178983211517,0.03185885399580002,0.032325271517038345,0.0335376150906086,0.038795892149209976,0.03967569023370743,0.0375685840845108,0.037392500787973404,0.036815520375967026,0.04076874256134033,0.04037562385201454,0.03900693356990814,0.03945385292172432,0.03792691230773926,0.04323679581284523,0.04983629286289215,0.05138489603996277,0.05330178514122963,0.06098354980349541,0.07278536260128021,0.0823586955666542,0.088022880256176,0.0745299682021141,0.059644751250743866,0.07102109491825104
-0.0023894815240055323,-0.0029924772679805756,0.0063610137440264225,0.013615196570754051,0.02126748487353325,0.03321238234639168,0.043695852160453796,0.04219324141740799,0.03331382945179939,0.036990586668252945,0.03995567932724953,0.03803899884223938,0.038146086037158966,0.03829246759414673,0.03782050311565399,0.03650543466210365,0.03380582481622696,0.03227918595075607,0.03295125439763069,0.0337706133723259,0.03473770245909691,0.03655217960476875,0.03835223987698555,0.04300834611058235,0.0424288772046566,0.03896234184503555,0.039876360446214676,0.039234425872564316,0.038982685655355453,0.03919452801346779,0.04109582677483559,0.048269569873809814,0.05022450163960457,0.050900693982839584,0.05855206400156021,0.06604155153036118,0.07046212255954742,0.06709151715040207,0.0633518397808075,0.06228003650903702,0.06375115364789963,0.08017902821302414
0.001475519617088139,0.009454203769564629,0.013565239496529102,0.020318230614066124,0.02894430048763752,0.03668038174510002,0.040018949657678604,0.03882039338350296,0.034391291439533234,0.03517818823456764,0.03595862537622452,0.035811614245176315,0.036314480006694794,0.03669751062989235,0.03642590716481209,0.03624480962753296,0.0402141734957695,0.039580345153808594,0.03564401715993881,0.03677990660071373,0.03740938380360603,0.038483936339616776,0.04011114314198494,0.041190795600414276,0.04170792177319527,0.04551408067345619,0.04489521682262421,0.04134567081928253,0.0426192507147789,0.04258236289024353,0.042997587472200394,0.04532008245587349,0.04686746373772621,0.0484081506729126,0.051962148398160934,0.0569390133023262,0.06820977479219437,0.0758276879787445,0.07756637781858444,0.08248790353536606,0.08728467673063278,0.09159721434116364
0.014492981135845184,0.021581223234534264,0.02213723585009575,0.026944056153297424,0.03837554156780243,0.04225925728678703,0.03643900528550148,0.0327288955450058,0.03235256299376488,0.03461871296167374,0.040227603167295456,0.041450176388025284,0.03862815350294113,0.039123568683862686,0.038926079869270325,0.0384485237300396,0.03840317949652672,0.037568338215351105,0.03757791221141815,0.04220045357942581,0.04217896610498428,0.03945300355553627,0.041380077600479126,0.0428796224296093,0.0434124693274498,0.043015141040086746,0.04195571318268776,0.04133005440235138,0.042768534272909164,0.04732825607061386,0.047639962285757065,0.04646667465567589,0.053426168859004974,0.06127120181918144,0.06519642472267151,0.06839145720005035,0.07189915329217911,0.07461082935333252,0.07831032574176788,0.08267143368721008,0.08646432310342789,0.09093425422906876
0.03450475633144379,0.031109532341361046,0.033552613109350204,0.03105732798576355,0.03306419774889946,0.034877605736255646,0.03734007105231285,0.0365588441491127,0.03471369296312332,0.03704723343253136,0.037848908454179764,0.03732004016637802,0.037696417421102524,0.04210851714015007,0.0422385074198246,0.03900948911905289,0.039726752787828445,0.04036714509129524,0.040314264595508575,0.040371838957071304,0.04006122425198555,0.04012160375714302,0.04099574685096741,0.04175105690956116,0.0429481640458107,0.046529799699783325,0.04586150869727135,0.043037090450525284,0.044918209314346313,0.04688551649451256,0.04950900003314018,0.05452156066894531,0.06009694188833237,0.06399273127317429,0.06700354069471359,0.07011671364307404,0.07321949303150177,0.07661611586809158,0.0806904286146164,0.08550675958395004,0.09239666908979416,0.0975467637181282
0.02403426729142666,0.03277319297194481,0.03605727106332779,0.039946023374795914,0.040112294256687164,0.035735879093408585,0.0345454141497612,0.033876631408929825,0.03401906043291092,0.035924311727285385,0.04102735221385956,0.04151703417301178,0.03908989578485489,0.04021628946065903,0.03963378444314003,0.0390351265668869,0.03927157446742058,0.03971289098262787,0.04069533944129944,0.04443991556763649,0.04597332328557968,0.04556098207831383,0.04652731493115425,0.04531733691692352,0.04466522857546806,0.045474421232938766,0.04547293111681938,0.04565237835049629,0.04893101751804352,0.05460229143500328,0.059156324714422226,0.061724137514829636,0.06396704912185669,0.06718160212039948,0.07244901359081268,0.07574662566184998,0.07776300609111786,0.08214821666479111,0.08736120909452438,0.09255065768957138,0.09707504510879517,0.10080786794424057
