dougfraga/big_6.json
{"header": {"parameterUnit": "m.s-1", "parameterNumber": 2, "dx": 0.016666000000000736, "dy": 0.016666000000000736, "parameterNumberName": "Eastward current", "la1": -22.891645999999998, "la2": -24.0416, "parameterCategory": 2, "lo2": -43.225054, "nx": 95, "ny": 70, "refTime": "2022-12-18 06:00:00", "lo1": -44.79166}, "data":
[rows 19 to 37 of 70, columns 42 to 83 of 95]
0.03341856971383095,0.02425435744225979,0.013636942952871323,0.009815864264965057,0.006154744420200586,0.0068876976147294044,0.007579667028039694,0.006926111411303282,0.00984381977468729,0.013602550141513348,0.016920046880841255,0.017657196149230003,0.016399145126342773,0.018363188952207565,0.01924845017492771,0.01996006816625595,0.023084508255124092,0.02518201805651188,0.02729453146457672,0.028728093951940536,0.02912682294845581,0.029338359832763672,0.03042137436568737,0.031156552955508232,0.03103148564696312,0.031721703708171844,0.03494414687156677,0.039304740726947784,0.042812712490558624,0.045973025262355804,0.04949365183711052,0.05483299121260643,0.05770062282681465,0.05834703519940376,0.06107651814818382,0.06392861157655716,0.06741221994161606,0.07188055664300919,0.0764523446559906,0.08063273876905441,0.08468472957611084,0.08900554478168488
0.03502039238810539,0.028179841116070747,0.024366995319724083,0.019761433824896812,0.012593673542141914,0.010570879094302654,0.010676187463104725,0.01049504429101944,0.011671099811792374,0.013993626460433006,0.01651039719581604,0.021374529227614403,0.022782882675528526,0.0213286355137825,0.022679878398776054,0.024039726704359055,0.0252101868391037,0.02647022157907486,0.027991224080324173,0.02943204902112484,0.030865352600812912,0.03240612894296646,0.03390238434076309,0.03570723906159401,0.03803352639079094,0.040986914187669754,0.045933086425065994,0.048996150493621826,0.05022456869482994,0.05319292098283768,0.05634459853172302,0.05980118736624718,0.06232793629169464,0.06399251520633698,0.06615519523620605,0.0687560960650444,0.07176098227500916,0.07503726333379745,0.07857843488454819,0.08220887184143066,0.08604882657527924,0.09017698466777802
0.03434052690863609,0.030643902719020844,0.02644100971519947,0.022357922047376633,0.018651103600859642,0.01666553132236004,0.015904128551483154,0.01650969125330448,0.020934060215950012,0.022432664409279823,0.019873321056365967,0.020723683759570122,0.02223212458193302,0.023333080112934113,0.024880820885300636,0.02590956538915634,0.0265418142080307,0.02779456228017807,0.029690921306610107,0.03217952325940132,0.035244304686784744,0.03966503590345383,0.0416247583925724,0.041914843022823334,0.044677380472421646,0.04793829470872879,0.05114435404539108,0.053876157850027084,0.0563923642039299,0.05914870277047157,0.06185073032975197,0.06443880498409271,0.06634585559368134,0.0674736499786377,0.06866078823804855,0.07065276801586151,0.07327473163604736,0.07630587369203568,0.0797167494893074,0.0833747461438179,0.08749359846115112,0.09238719940185547
0.03576861321926117,0.0328466072678566,0.03018498420715332,0.028478985652327538,0.03034018538892269,0.030273620039224625,0.027784500271081924,0.027771800756454468,0.027924273163080215,0.026914939284324646,0.025109924376010895,0.02516987919807434,0.026550857350230217,0.027469292283058167,0.028144989162683487,0.02874978631734848,0.02969272993505001,0.03179800137877464,0.036116138100624084,0.03924386203289032,0.040671348571777344,0.04274629428982735,0.04433143138885498,0.046365778893232346,0.04917481914162636,0.052197813987731934,0.05486559495329857,0.056984394788742065,0.059371717274188995,0.06179265305399895,0.06383617222309113,0.06573347002267838,0.06760289520025253,0.06921524554491043,0.07019340991973877,0.07175830751657486,0.07462608069181442,0.07849626988172531,0.08267659693956375,0.08691514283418655,0.09370552003383636,0.09907510876655579
0.04611124470829964,0.0417124442756176,0.039742566645145416,0.0376855805516243,0.0364936962723732,0.03550875559449196,0.03390965238213539,0.03256602957844734,0.03184809535741806,0.03129427880048752,0.031069140881299973,0.0313105508685112,0.03172140568494797,0.03226153925061226,0.032841138541698456,0.03365044668316841,0.03520643711090088,0.039303623139858246,0.04212658852338791,0.04254236817359924,0.04389870911836624,0.045327138155698776,0.04673003777861595,0.04859323427081108,0.05099843814969063,0.05353344604372978,0.05568650737404823,0.057555798441171646,0.05983903259038925,0.06212959811091423,0.06401867419481277,0.06569073349237442,0.06804808229207993,0.07025261968374252,0.07183901965618134,0.07492765039205551,0.08082816004753113,0.08572354167699814,0.08951125293970108,0.09460145980119705,0.09931588172912598,0.102852463722229
0.04564620554447174,0.043201301246881485,0.04157714173197746,0.04031124338507652,0.039522603154182434,0.039038605988025665,0.03800728917121887,0.03701081871986389,0.03616553917527199,0.0358547680079937,0.03776264190673828,0.03840284422039986,0.037353139370679855,0.0376703105866909,0.03816630318760872,0.039100561290979385,0.0403020940721035,0.04209998995065689,0.04423309862613678,0.04528331384062767,0.04607650265097618,0.04701588675379753,0.04824339970946312,0.04985661059617996,0.051418062299489975,0.053260210901498795,0.05514468997716904,0.05701468512415886,0.0591195710003376,0.06135326251387596,0.06337539106607437,0.06554041802883148,0.0687016099691391,0.07340268790721893,0.07655923813581467,0.0792073979973793,0.08435308188199997,0.089129239320755,0.09340190887451172,0.09788807481527328,0.10179588943719864,0.10496807843446732
0.045699696987867355,0.0444018580019474,0.04345020651817322,0.0423002615571022,0.04145490750670433,0.04082564637064934,0.040624506771564484,0.04232437536120415,0.04259592667222023,0.04155800864100456,0.041973818093538284,0.04223174601793289,0.04212675243616104,0.04191844165325165,0.041678063571453094,0.04221085458993912,0.04341409355401993,0.04474804922938347,0.046239420771598816,0.0473233163356781,0.048161830753088,0.048932239413261414,0.049736183136701584,0.05079558491706848,0.05185386911034584,0.053199201822280884,0.055079713463783264,0.05699484422802925,0.059221379458904266,0.06189778074622154,0.06474640220403671,0.06791386008262634,0.07141976803541183,0.07458914071321487,0.0802551805973053,0.08401162177324295,0.08657889068126678,0.09189721196889877,0.09635395556688309,0.10044466704130173,0.10347084701061249,0.10612820088863373
0.04630013555288315,0.04568631947040558,0.04519631713628769,0.04491167515516281,0.04618751257658005,0.045855678617954254,0.044620562344789505,0.04513036087155342,0.044855210930109024,0.04487694427371025,0.045380715280771255,0.04574328288435936,0.045669835060834885,0.04544132575392723,0.04532437399029732,0.04579251632094383,0.04730094596743584,0.04871876910328865,0.049893658608198166,0.05075547844171524,0.05178326740860939,0.05171749368309975,0.05164458602666855,0.0529617965221405,0.054161060601472855,0.0557265467941761,0.05817079916596413,0.06119043752551079,0.06438632309436798,0.06780079007148743,0.07154054939746857,0.07527903467416763,0.07943978160619736,0.08649171143770218,0.08815236389636993,0.08725393563508987,0.0912998616695404,0.0947694480419159,0.09869810193777084,0.10366911441087723,0.10983891785144806,0.11227605491876602
0.048758264631032944,0.05038022994995117,0.05032666400074959,0.04921111837029457,0.04940226301550865,0.04873507097363472,0.04811207950115204,0.048220787197351456,0.04817694425582886,0.048510078340768814,0.04869261011481285,0.048063013702631,0.048496078699827194,0.04960288107395172,0.04968098923563957,0.04908355697989464,0.05016149953007698,0.05205289274454117,0.05314116179943085,0.05412520840764046,0.0547979362308979,0.05515550076961517,0.05570270121097565,0.05700179561972618,0.059254731982946396,0.06215282902121544,0.06575086712837219,0.0723988264799118,0.07634907215833664,0.07814805954694748,0.08222468942403793,0.08491885662078857,0.0883200466632843,0.09257698059082031,0.09347782284021378,0.09332709014415741,0.09804022312164307,0.10244734585285187,0.10480940341949463,0.10794077068567276,0.11019380390644073,0.11203013360500336
0.05236918106675148,0.05258043110370636,0.052640534937381744,0.0526270754635334,0.05254601687192917,0.052144765853881836,0.051262300461530685,0.05088004469871521,0.05085422843694687,0.05110501870512962,0.05117122828960419,0.05068502202630043,0.05141889303922653,0.05243657901883125,0.052873652428388596,0.05313568934798241,0.05388208106160164,0.0549570731818676,0.05687972158193588,0.05895388126373291,0.060186050832271576,0.06276237964630127,0.06380550563335419,0.06229835003614426,0.06581771373748779,0.0739184021949768,0.07750235497951508,0.07912706583738327,0.08273002505302429,0.08547736704349518,0.08714989572763443,0.088477723300457,0.09027419984340668,0.09334733337163925,0.09830889105796814,0.10095206648111343,0.10249222815036774,0.10586072504520416,0.1088223084807396,0.11067208647727966,0.11112382262945175,0.11222651600837708
0.052997883409261703,0.053457193076610565,0.054366838186979294,0.05526702478528023,0.05524387210607529,0.05480159446597099,0.0542869009077549,0.05363641306757927,0.052873145788908005,0.05278730019927025,0.052863068878650665,0.0528370700776577,0.053674712777137756,0.054766375571489334,0.055889926850795746,0.05679413303732872,0.0581064373254776,0.06029548868536949,0.06253696233034134,0.06480135023593903,0.06834138929843903,0.06950163841247559,0.06913981586694717,0.07103429734706879,0.0739210769534111,0.07861319184303284,0.08303610235452652,0.0853709951043129,0.08685142546892166,0.0875699371099472,0.08893655985593796,0.09290430694818497,0.09462086856365204,0.09567141532897949,0.09918882697820663,0.10211770236492157,0.10504210740327835,0.10790333151817322,0.10944312065839767,0.10956036299467087,0.11021460592746735,0.11321316659450531
0.05296076461672783,0.05447005107998848,0.056329723447561264,0.05768057331442833,0.05792321264743805,0.05719352886080742,0.05646781623363495,0.05555785074830055,0.05437397584319115,0.054113131016492844,0.05455132573843002,0.0551317036151886,0.05610284581780434,0.05763745680451393,0.05957350134849548,0.061876703053712845,0.06495387107133865,0.069468192756176,0.0707256868481636,0.06990955770015717,0.07102560251951218,0.07200858741998672,0.07362715899944305,0.07608061283826828,0.07875890284776688,0.08259759843349457,0.08652934432029724,0.08900918811559677,0.09302996844053268,0.09413538128137589,0.09277096390724182,0.09402263164520264,0.09541038423776627,0.09768904745578766,0.10100644826889038,0.10359878093004227,0.10556542128324509,0.10874783992767334,0.11293022334575653,0.11316639930009842,0.11142635345458984,0.11231522262096405
0.0527665950357914,0.05714192986488342,0.05952150374650955,0.06043178588151932,0.06022155284881592,0.058803003281354904,0.057492196559906006,0.056545693427324295,0.056467678397893906,0.057541124522686005,0.06063312664628029,0.06172157824039459,0.06106443703174591,0.06275177001953125,0.06513212621212006,0.06755903363227844,0.07003757357597351,0.07221394777297974,0.07300243526697159,0.07274466753005981,0.07306259870529175,0.07448002696037292,0.0772881880402565,0.08070142567157745,0.08321237564086914,0.08687123656272888,0.0935768187046051,0.09691625088453293,0.09700086712837219,0.09709594398736954,0.09620913863182068,0.09627588838338852,0.09728144854307175,0.09956898540258408,0.10378839820623398,0.10956092178821564,0.11213493347167969,0.11264225095510483,0.11390071362257004,0.11333609372377396,0.11352093517780304,0.11665573716163635
0.05613328516483307,0.059546712785959244,0.06183952838182449,0.06599602103233337,0.06503884494304657,0.059822238981723785,0.0601675882935524,0.061135027557611465,0.06146964430809021,0.06333182752132416,0.06499215215444565,0.06536326557397842,0.06574448198080063,0.06712464988231659,0.06905575096607208,0.07103821635246277,0.07259698212146759,0.07361496984958649,0.07404681295156479,0.07412045449018478,0.07474000006914139,0.07708100974559784,0.08122341334819794,0.0873410627245903,0.09114062041044235,0.0936863049864769,0.09844237565994263,0.10127423703670502,0.1016688346862793,0.10061038285493851,0.09958618134260178,0.1017053872346878,0.10343866795301437,0.10479621589183807,0.10867616534233093,0.1123925969004631,0.11419051885604858,0.11423283070325851,0.11375987529754639,0.11293978989124298,0.11438976973295212,0.12051954120397568
0.06681457161903381,0.06723734736442566,0.06866803765296936,0.07052119076251984,0.0680137425661087,0.06271808594465256,0.06255215406417847,0.06303781270980835,0.06443635374307632,0.06647580862045288,0.06787630915641785,0.06851289421319962,0.06934439390897751,0.07053723931312561,0.07186038047075272,0.07293741405010223,0.07304581254720688,0.07281456142663956,0.07339063286781311,0.07576051354408264,0.0815659835934639,0.084950290620327,0.08610386401414871,0.09013581275939941,0.0940997526049614,0.09796884655952454,0.10188955068588257,0.10424784570932388,0.10433676838874817,0.10469311475753784,0.10440357029438019,0.1041267067193985,0.10571301728487015,0.10768435150384903,0.11062096059322357,0.11336971074342728,0.11441804468631744,0.11354190111160278,0.11226463317871094,0.11213381588459015,0.11580120027065277,0.1207144632935524
0.07099034637212753,0.07355184853076935,0.07377640157938004,0.07413434982299805,0.06930772215127945,0.06329666823148727,0.06292223930358887,0.06293793022632599,0.06473131477832794,0.06652192026376724,0.0678156241774559,0.06863772869110107,0.0695934072136879,0.07100281864404678,0.07235278189182281,0.07355742156505585,0.07585608214139938,0.07587099820375443,0.0753706693649292,0.07834542542695999,0.08190616220235825,0.08486387878656387,0.0876840204000473,0.09089749306440353,0.09437970817089081,0.09884514659643173,0.10315582901239395,0.1047239825129509,0.10613080114126205,0.10650573670864105,0.104636549949646,0.1045963391661644,0.1055852472782135,0.10681311041116714,0.1082543432712555,0.10915114730596542,0.10953618586063385,0.10957003384828568,0.10981621593236923,0.11158880591392517,0.11580127477645874,0.11961718648672104
0.07571501284837723,0.07802332192659378,0.07668319344520569,0.07558533549308777,0.06916599720716476,0.062308065593242645,0.062021225690841675,0.06095980852842331,0.06215992942452431,0.06443873792886734,0.06825101375579834,0.07037617266178131,0.07105856388807297,0.07242660969495773,0.07284099608659744,0.07301691174507141,0.07351187616586685,0.07406539469957352,0.07562686502933502,0.07808758318424225,0.08059467375278473,0.08336053788661957,0.08659140020608902,0.09019458293914795,0.0943852886557579,0.09901122748851776,0.10314609855413437,0.10644245147705078,0.10700789839029312,0.10551299899816513,0.1042715534567833,0.10391940176486969,0.10389836877584457,0.10351970046758652,0.10408254712820053,0.10529229044914246,0.10652069747447968,0.10794608294963837,0.1101226881146431,0.11369543522596359,0.11793534457683563,0.12279771268367767
0.08217344433069229,0.07951570302248001,0.07922770828008652,0.07376958429813385,0.06333406269550323,0.05685819312930107,0.05533846840262413,0.05759838595986366,0.06253247708082199,0.06609269231557846,0.06760098785161972,0.06943323463201523,0.0705375224351883,0.07111049443483353,0.07086183875799179,0.07091457396745682,0.0721307024359703,0.07373198866844177,0.07645895332098007,0.08155295252799988,0.08434825390577316,0.08520345389842987,0.0879238098859787,0.09053804725408554,0.09292323142290115,0.09878633916378021,0.10561544448137283,0.11129104346036911,0.11208777874708176,0.10795780271291733,0.10432006418704987,0.10162461549043655,0.10356970131397247,0.1047840490937233,0.10397014021873474,0.10482675582170486,0.10574478656053543,0.10659228265285492,0.10715761035680771,0.112730972468853,0.1221470981836319,0.12289699167013168
0.08555235713720322,0.08238042145967484,0.07428345829248428,0.06479696184396744,0.05677545815706253,0.051254190504550934,0.051617302000522614,0.05793282389640808,0.0628572404384613,0.06661723554134369,0.06898126751184464,0.0704839751124382,0.07121479511260986,0.07141013443470001,0.07098698616027832,0.07182229310274124,0.07660505920648575,0.0804494321346283,0.08226390182971954,0.08502314984798431,0.08691912144422531,0.08859549462795258,0.090749092400074,0.09300847351551056,0.09559893608093262,0.10066413134336472,0.10790654271841049,0.11467291414737701,0.11665470153093338,0.11249517649412155,0.10597085952758789,0.1035628616809845,0.10381263494491577,0.10298487544059753,0.10319612920284271,0.10400664061307907,0.10491614043712616,0.10636048018932343,0.11024318635463715,0.1165468618273735,0.11995333433151245,0.11732321977615356
