dougfraga/big_11.json
{"header": {"parameterUnit": "m.s-1", "parameterNumber": 3, "dx": 0.016666000000000736, "dy": 0.016666000000000736, "parameterNumberName": "Northward current", "la1": -22.891645999999998, "la2": -24.0416, "parameterCategory": 2, "lo2": -43.225054, "nx": 95, "ny": 70, "refTime": "2022-12-18 11:00:00", "lo1": -44.79166}, "data":
[rows 0 to 17 of 70, columns 41 to 81 of 95]
0.0,0.0,0.0,0.0,0.0,0.0,0.0,0.0,0.0,0.0,0.0,0.0,0.0,0.0,0.0,0.0,0.0,0.0,0.0,0.0,0.0,0.0,0.0,0.0,0.0,0.0,0.0,0.0,0.0,0.0,0.0,0.0,0.0,0.0,0.0,0.0,0.0,0.0,0.0,0.0,0.0
0.0,0.0,0.0,0.0,0.0,0.0,0.0,0.0,0.0,0.0,0.0,0.0,0.0,0.0,0.0,0.0,0.0,0.0,0.0,0.0,0.0,0.0,0.0,0.0,0.0,0.0,0.0,0.0,0.0,0.0,0.0,0.0,0.0,0.0,0.0,0.0,0.0,0.0,0.0,0.0,0.0
0.0,0.0,0.0,0.0,0.0,0.0,0.0,0.0,0.0,0.0,0.0,0.0,0.0,0.0,0.0013561217347159982,0.0,0.0,0.0,0.0,0.0,0.0,0.0,0.0,0.0,0.0,0.0,0.0,0.0,0.0,0.0,0.0,0.0,0.0,0.0,0.0,0.0,0.0,0.0,0.0,0.0,0.0
0.0,0.0,0.0,0.0,0.0,0.0,0.0,0.0,0.0,-0.012587511911988258,0.0,0.0,0.0,0.0,-0.0023269630037248135,-0.003779136808589101,0.0,-0.003400720888748765,-0.005935010965913534,0.0,0.0,0.0,0.0,0.0,0.0,0.0,0.0,0.0,0.0,0.0,0.0,0.0,0.0,0.0,0.0,0.0,0.0,0.0,0.0,0.0,0.0
0.0,0.0,-0.0048956116661429405,-0.0034119407646358013,0.0,0.0,-0.010971932671964169,-0.013969616033136845,-0.011692061088979244,-0.02835964970290661,-0.0136851966381073,-0.021987397223711014,0.0,0.0,-0.006834077648818493,-0.008628899231553078,-0.005957879591733217,-0.008025167509913445,-0.00981955323368311,-0.0034317325334995985,-0.004586986731737852,-0.007797883823513985,0.0,0.0,0.0,0.0,0.0,0.0,0.0,0.0,0.0,0.0,0.0,0.0,0.0,0.0,0.0,0.0,0.0,0.0,0.0
0.0,0.0,-0.0117546571418643,-0.00919279083609581,0.0,-0.008740385994315147,-0.023002784699201584,-0.026963146403431892,-0.030901120975613594,-0.03214206546545029,-0.026131881400942802,-0.039426013827323914,-0.008935227990150452,-0.011531180702149868,-0.01276751235127449,-0.012741798534989357,-0.012822143733501434,-0.010601414367556572,-0.009026635438203812,-0.008411936461925507,-0.010381318628787994,-0.016174905002117157,-0.010764696635305882,0.0,0.0,0.0,0.0,0.0,0.0,0.0,0.0,0.0,0.0,0.0,0.0,0.0,0.0,0.0,0.0,0.0,0.0
0.0,0.0,-0.011317395605146885,-0.015332497656345367,-0.013372846879065037,-0.021021150052547455,-0.028783466666936874,-0.03158028796315193,-0.03817477822303772,-0.03496803343296051,-0.029166653752326965,-0.03270583227276802,-0.02457820437848568,-0.026013996452093124,-0.02168632298707962,-0.018357543274760246,-0.01575361005961895,-0.013588625006377697,-0.011661157943308353,-0.011194505728781223,-0.012258347123861313,-0.016551850363612175,-0.021164020523428917,-0.014261662028729916,0.0,0.0,0.0,0.0,0.0,0.0,0.0,0.0,0.0,0.0,0.0,0.0,0.0,0.0,0.0,0.0,0.0
0.0,-0.008365859277546406,-0.01394637394696474,-0.020995011553168297,-0.025630684569478035,-0.025342997163534164,-0.029166940599679947,-0.03505562245845795,-0.03759246692061424,-0.039778657257556915,-0.036650773137807846,-0.032535772770643234,-0.03119148313999176,-0.029206836596131325,-0.026281747967004776,-0.023111458867788315,-0.019698210060596466,-0.017130611464381218,-0.014736312441527843,-0.013727198354899883,-0.013734057545661926,-0.015559885650873184,-0.018487244844436646,-0.02381165698170662,-0.005844154395163059,-0.007016684394329786,-0.013646763749420643,0.0,0.0,0.0,0.0,0.0,0.0,0.0,0.0,0.0,0.0,0.0,0.0,0.0,0.0
-0.010029901750385761,-0.015621724538505077,-0.01400575041770935,-0.015857558697462082,-0.01973671466112137,-0.022971879690885544,-0.024279111996293068,-0.029170339927077293,-0.03634321689605713,-0.03663612902164459,-0.03630218654870987,-0.03272506967186928,-0.02978196181356907,-0.02798447571694851,-0.027991943061351776,-0.0253098513931036,-0.022211136296391487,-0.020910650491714478,-0.01899661310017109,-0.0173816978931427,-0.015717048197984695,-0.013615761883556843,-0.012128669768571854,-0.015600166283547878,-0.010385347530245781,-0.01121473591774702,-0.018765348941087723,-0.0017041971441358328,-0.0008821659139357507,-0.0017806219402700663,-0.0052430820651352406,-0.0151900639757514,0.0,0.0,0.0,0.0,0.0,0.0,0.0,0.0,0.0
-0.014941939152777195,-0.013301393017172813,-0.012032264843583107,-0.014551040716469288,-0.016507964581251144,-0.0223709549754858,-0.02584191970527172,-0.025120487436652184,-0.01771646924316883,-0.01545557752251625,-0.02883126400411129,-0.02820274792611599,-0.026553742587566376,-0.023403184488415718,-0.013780000619590282,-0.01266390085220337,-0.011402272619307041,-0.02438671886920929,-0.0224168598651886,-0.019706018269062042,-0.016196582466363907,-0.010310973040759563,0.0003086496435571462,-0.006050171330571175,-0.004541192669421434,-0.004198051523417234,-0.00511858519166708,-0.0017041971441358328,-0.0008821659139357507,-0.0017806219402700663,-0.0052430820651352406,-0.03824523463845253,-0.018365340307354927,0.0,0.0,0.0,0.0,0.0,0.0,0.002779861446470022,-0.005531259346753359
-0.010381504893302917,-0.013584349304437637,-0.018095673993229866,-0.020517900586128235,-0.021168187260627747,-0.025148339569568634,-0.026361612603068352,-0.012419012375175953,0.0,0.0,-0.012459881603717804,-0.012746240012347698,-0.012320287525653839,-0.010142730548977852,0.0,0.0,0.0,-0.012995022349059582,-0.011637493968009949,-0.009837217628955841,-0.007749576587229967,-0.0040802666917443275,0.004349398892372847,0.0,0.0,0.0,0.0,0.0,0.0,0.0,0.0,-0.042129792273044586,-0.03890460357069969,0.0,0.0,0.0,-0.010491791181266308,-0.012293671257793903,-0.009730185382068157,0.002278464613482356,-0.007826580666005611
-0.01301710493862629,-0.015339767560362816,-0.0169146079570055,-0.017408600077033043,-0.023865479975938797,-0.02927318960428238,-0.01238448079675436,0.0,0.0,0.0,0.0,0.0,0.0,0.0,0.0,0.0,0.0,0.0,0.0,0.0,0.0,0.0,0.0,-0.006674896460026503,-0.008615493774414062,-0.014662991277873516,-0.015119902789592743,-0.01286640577018261,-0.015121880918741226,-0.01982537843286991,-0.028287509456276894,-0.0521002896130085,-0.06274978071451187,0.0,-0.010155812837183475,-0.015132013708353043,-0.012690403498709202,-0.016028745099902153,-0.014467069879174232,-0.004875970538705587,0.0004276518593542278
-0.012827233411371708,-0.009994574822485447,-0.011011761613190174,-0.012865690514445305,-0.02154822088778019,-0.0351458415389061,0.0,0.0,0.0,0.0,0.0,0.0,-0.009929826483130455,-0.012256679125130177,-0.01351998932659626,-0.014220396988093853,-0.013653837144374847,-0.010615043342113495,-0.012728482484817505,-0.013828068040311337,-0.014018701389431953,-0.014136655256152153,-0.015868455171585083,-0.020813290029764175,-0.023242374882102013,-0.027620045468211174,-0.02751673199236393,-0.024059124290943146,-0.02909574843943119,-0.039259519428014755,-0.04801913723349571,-0.056295644491910934,-0.07174389809370041,-0.0184157881885767,-0.022409390658140182,-0.029242487624287605,-0.0113634979352355,-0.009956887923181057,-0.0019370956579223275,-0.001166402013041079,-0.0003165291855111718
-0.012191049754619598,-0.0009257140918634832,-0.0020995368249714375,-0.004517869092524052,-0.015928635373711586,-0.03668995574116707,0.0,0.0,-0.00613629212602973,-0.006562419701367617,-0.01115466933697462,-0.013758743181824684,-0.017342250794172287,-0.020442437380552292,-0.022383099421858788,-0.02313409000635147,-0.023414628580212593,-0.021212073042988777,-0.02513602003455162,-0.027185313403606415,-0.02799838036298752,-0.02852662466466427,-0.029237015172839165,-0.02089250646531582,-0.021540019661188126,-0.02372380532324314,-0.025046909227967262,-0.02343149669468403,-0.017136257141828537,-0.031632281839847565,-0.034417204558849335,-0.039261866360902786,-0.04404519125819206,-0.027789533138275146,-0.020564965903759003,-0.023561401292681694,-0.017757054418325424,-0.014085784554481506,-0.003254746552556753,0.0005961282295174897,0.0015956525458022952
-0.009978177025914192,0.00468111177906394,0.0030691204592585564,-0.000725222285836935,-0.007987897843122482,-0.02445007488131523,-0.007596204522997141,-0.0073152282275259495,-0.00848609022796154,-0.011236313730478287,-0.018839441239833832,-0.018055889755487442,-0.011196318082511425,-0.01160571537911892,-0.011801952496170998,-0.011448758654296398,-0.011699089780449867,-0.012965085916221142,-0.020579399541020393,-0.023312106728553772,-0.02541142702102661,-0.02726474590599537,-0.026616713032126427,-0.019802993163466454,-0.019629035145044327,-0.01864546723663807,-0.02175680361688137,-0.025190213695168495,-0.016167450696229935,-0.027793241664767265,-0.032952502369880676,-0.035718001425266266,-0.03129187971353531,-0.014102017506957054,-0.01078768726438284,-0.011210059747099876,-0.009403268806636333,-0.008449398912489414,-0.009089418686926365,-0.003690833691507578,0.00519574386999011
-0.007749462965875864,-0.0011554652592167258,0.000742031610570848,-0.0033460743725299835,-0.0006122529739513993,-0.006227586418390274,-0.011934167705476284,-0.012861418537795544,-0.002409472828730941,-0.00486346147954464,-0.009295057505369186,-0.0063363853842020035,-0.010216868482530117,-0.011204173788428307,-0.011805137619376183,-0.012690241448581219,-0.012313075363636017,-0.01164978090673685,-0.012514344416558743,-0.01493457518517971,-0.017016466706991196,-0.022168906405568123,-0.023185323923826218,-0.023776879534125328,-0.024252891540527344,-0.020233379676938057,-0.021802624687552452,-0.021565724164247513,-0.022449661046266556,-0.025231219828128815,-0.028646370396018028,-0.03368977829813957,-0.02855217084288597,-0.010184544138610363,-0.006376396398991346,-0.005946612451225519,-0.00467098830267787,-0.0030913958325982094,-0.0004476107133086771,0.0012166771339252591,0.002948722569271922
-0.0025204666890203953,-0.010861795395612717,-0.00023610096832271665,-0.001769730355590582,-0.0009273936739191413,-0.0032754000276327133,-0.005045964848250151,-0.004896901082247496,-5.1169732614653185e-05,-0.0030318000353872776,-0.009177462197840214,-0.011247069574892521,-0.011297990567982197,-0.011919250711798668,-0.013133934698998928,-0.017469510436058044,-0.018185105174779892,-0.01725987158715725,-0.012867463752627373,-0.01494534406810999,-0.01525097619742155,-0.014200088568031788,-0.015269366092979908,-0.016379425302147865,-0.017538251355290413,-0.01831805519759655,-0.0189791489392519,-0.017726488411426544,-0.01938110962510109,-0.020312927663326263,-0.019702106714248657,-0.015346607193350792,-0.01310801412910223,-0.005579828284680843,-0.003872568951919675,-0.004003786947578192,-0.003025125479325652,3.4778302506310865e-05,0.006846836768090725,0.007590129505842924,0.009388952516019344
-0.015933118760585785,-0.013624176383018494,-0.005717630032449961,0.0010165933053940535,-0.00033575427369214594,-0.004309020936489105,-0.0031490311957895756,-0.0019275319064036012,0.002095866249874234,-0.0020049300510436296,-0.009179290384054184,-0.011185256764292717,-0.008258311077952385,-0.008711127564311028,-0.011698882095515728,-0.01169915497303009,-0.012552582658827305,-0.012703122571110725,-0.012527166865766048,-0.01328236423432827,-0.012262463569641113,-0.006955699995160103,-0.006789026316255331,-0.007848614826798439,-0.010080955922603607,-0.013368962332606316,-0.014427888207137585,-0.014354667626321316,-0.015730390325188637,-0.015356015413999557,-0.009951559826731682,0.0007843094645068049,0.0009429114870727062,0.002141439588740468,0.0027693130541592836,0.003151801647618413,0.0028427389916032553,0.005697309039533138,0.008938748389482498,0.011441733688116074,0.014912538230419159
