dougfraga/big_9.json
{"header": {"parameterUnit": "m.s-1", "parameterNumber": 3, "dx": 0.016666000000000736, "dy": 0.016666000000000736, "parameterNumberName": "Northward current", "la1": -22.891645999999998, "la2": -24.0416, "parameterCategory": 2, "lo2": -43.225054, "nx": 95, "ny": 70, "refTime": "2022-12-18 09:00:00", "lo1": -44.79166}, "data":
[rows 36 to 53 of 70, columns 0 to 40 of 95]
-0.017969612032175064,-0.017969612032175064,-0.017784832045435905,-0.017431164160370827,-0.015878580510616302,-0.013837878592312336,-0.01112454291433096,-0.008478054776787758,-0.008348369970917702,-0.009294463321566582,-0.009753252379596233,-0.007766859605908394,-0.007023058366030455,-0.006307483185082674,-0.006143856327980757,-0.00655679777264595,-0.00746880192309618,-0.008458095602691174,-0.00833386741578579,-0.009787924587726593,-0.006652992684394121,-0.002410534303635359,0.003241431899368763,0.009578894823789597,0.016709506511688232,0.021331438794732094,0.021110709756612778,0.021406954154372215,0.019433995708823204,0.0168540570884943,0.013924460858106613,0.010901417583227158,0.006805315613746643,0.007714494131505489,0.01123835425823927,0.016040988266468048,0.01913086697459221,0.02165294624865055,0.019244639202952385,0.01761755906045437,0.01774238795042038
-0.012681638821959496,-0.012681638821959496,-0.012941899709403515,-0.012929405085742474,-0.011724858544766903,-0.010217626579105854,-0.008739820681512356,-0.009112934581935406,-0.009996659122407436,-0.011218649335205555,-0.009944013319909573,-0.00848053302615881,-0.006289368961006403,-0.005229679401963949,-0.004585735499858856,-0.004147746134549379,-0.004534083418548107,-0.004479337949305773,-0.006867715623229742,-0.007399483118206263,-0.005643099080771208,-0.0021975256968289614,0.0007201593252830207,0.006275552790611982,0.013187702745199203,0.01814180240035057,0.022161677479743958,0.02262428216636181,0.021579567342996597,0.01866455003619194,0.013763985596597195,0.009181695058941841,0.004326482769101858,0.005846681538969278,0.008583243004977703,0.015141106210649014,0.022886380553245544,0.02533949725329876,0.02518560364842415,0.020639872178435326,0.024211378768086433
-0.007262102793902159,-0.007262102793902159,-0.007070408668369055,-0.00710899056866765,-0.00713375024497509,-0.007325156591832638,-0.00860061775892973,-0.009913266636431217,-0.010687639005482197,-0.012308577075600624,-0.010997062548995018,-0.007375138346105814,-0.003999102860689163,-0.0036399299278855324,-0.0029759511817246675,-0.0011510676704347134,0.0005191440577618778,0.0009842169238254428,-0.002473830245435238,-0.0005546953761950135,-0.002206843812018633,0.0008986213942989707,0.0038965600542724133,0.006340313702821732,0.01116265170276165,0.018191972747445107,0.025089101865887642,0.0241633802652359,0.02364920638501644,0.020189644768834114,0.013288428075611591,0.006746973842382431,0.001490765600465238,0.0030516497790813446,0.008479036390781403,0.012533233501017094,0.020982619374990463,0.023811696097254753,0.024757059291005135,0.02584572322666645,0.030867842957377434
-0.0023711572866886854,-0.0023711572866886854,-0.00156028987839818,-0.0012855172390118241,-0.0018744398839771748,-0.003726450027897954,-0.007034752983599901,-0.009116793982684612,-0.012547825463116169,-0.014487193897366524,-0.009571714326739311,-0.006924404297024012,-0.00014876597560942173,0.0025461127515882254,0.00020412802405189723,0.002871905220672488,0.006330872420221567,0.007994736544787884,0.0076518552377820015,0.00717795779928565,0.0025432214606553316,0.002288566902279854,0.004000565502792597,0.004849279299378395,0.008057593367993832,0.016402380540966988,0.025350723415613174,0.0281646978110075,0.03154653310775757,0.024076953530311584,0.01585450954735279,0.006190714426338673,-0.0023121926933526993,-0.0019411187386140227,0.0065920171327888966,0.00797175895422697,0.013107569888234138,0.020462626591324806,0.02540266513824463,0.03434023633599281,0.03531087934970856
0.0009444674360565841,0.0009444674360565841,0.002209591679275036,0.0028871281538158655,0.002358208643272519,0.0012601347407326102,-0.0018585758516564965,-0.006649070419371128,-0.012796464376151562,-0.017126766964793205,-0.015512464568018913,-0.007132034748792648,-0.0015015341341495514,0.003804208245128393,0.006938629318028688,0.008729391731321812,0.011611850000917912,0.014668283984065056,0.01701776310801506,0.015435042791068554,0.010782230645418167,0.006438290700316429,0.003980436362326145,0.00508855888620019,0.007281004451215267,0.012786331586539745,0.021084222942590714,0.02914869226515293,0.03324456140398979,0.029989857226610184,0.021994326263666153,0.006703771185129881,-0.0047344849444925785,-0.005854809656739235,0.003970622085034847,0.008336137980222702,0.012670595198869705,0.021861659362912178,0.03599736467003822,0.04136129468679428,0.04070529714226723
0.0022938631009310484,0.0022938631009310484,0.0044253203086555,0.00699651800096035,0.0069670118391513824,0.006027301773428917,0.004809135105460882,-0.0009071554522961378,-0.009630892425775528,-0.01729082129895687,-0.021655403077602386,-0.014641009271144867,-0.008421236649155617,0.0010040950728580356,0.010795476846396923,0.012646861374378204,0.015368403866887093,0.019900448620319366,0.02323927916586399,0.02135612815618515,0.01661921665072441,0.01187784131616354,0.007633314002305269,0.0051932865753769875,0.00897390116006136,0.009553711861371994,0.015056324191391468,0.02696709707379341,0.029999427497386932,0.033701226115226746,0.026694560423493385,0.009967575781047344,-0.0038616422098129988,-0.006883111782371998,0.0008621904416941106,0.008364290930330753,0.017420463263988495,0.03175046294927597,0.04187008738517761,0.045015476644039154,0.04470553249120712
0.0015263946261256933,0.0015263946261256933,0.003911396488547325,0.008153977803885937,0.010220607742667198,0.01111487578600645,0.012579228729009628,0.0051597547717392445,-0.0040242052637040615,-0.011970809660851955,-0.01716810092329979,-0.018333714455366135,-0.010413202457129955,0.0008901411201804876,0.009120626375079155,0.01353246346116066,0.01776912994682789,0.02277141623198986,0.026197727769613266,0.024883735924959183,0.020294303074479103,0.014239425770938396,0.0066086165606975555,0.003145589493215084,0.007801675703376532,0.008506233803927898,0.012301770970225334,0.02365606464445591,0.029389822855591774,0.033042605966329575,0.02728278748691082,0.01246963907033205,-0.0018319685477763414,-0.003550655674189329,0.00037510375841520727,0.01013810932636261,0.020253963768482208,0.03572018817067146,0.04436013102531433,0.04807459935545921,0.04519132152199745
-0.0008178420830518007,-0.0008178420830518007,1.295570473303087e-05,0.00412593362852931,0.009758422151207924,0.013142512179911137,0.015766622498631477,0.00922397617250681,0.00115909893065691,-0.005525278393179178,-0.010228993371129036,-0.009648504666984081,-0.005255324300378561,0.0008532392093911767,0.007220582105219364,0.011346747167408466,0.014857547357678413,0.0196542926132679,0.02733478881418705,0.027204060927033424,0.025962606072425842,0.018436603248119354,0.006436164956539869,0.0020096886437386274,0.0014050862519070506,0.006873953156173229,0.014031032100319862,0.02286795899271965,0.02818913571536541,0.028955798596143723,0.024911340326070786,0.013666297309100628,5.386157499742694e-05,-0.0024221802596002817,0.002318466082215309,0.013093676418066025,0.025879094377160072,0.03661493957042694,0.04450066760182381,0.046325717121362686,0.04498755559325218
-0.0030947194900363684,-0.0030947194900363684,-0.003209791611880064,-0.0011268549133092165,0.005719834007322788,0.011737244203686714,0.014750979840755463,0.011928793042898178,0.00499171344563365,-0.0021319387014955282,-0.004981748294085264,-0.005917242728173733,-0.0013083356898277998,0.004475964233279228,0.00886556226760149,0.011080794967710972,0.013279787264764309,0.017695609480142593,0.025771489366889,0.02651071362197399,0.027182521298527718,0.022601982578635216,0.011890786699950695,0.004760648589581251,0.0013656549854204059,0.005747681017965078,0.012627119198441505,0.020258387550711632,0.025471000000834465,0.026148958131670952,0.022474097087979317,0.015270180068910122,0.0049647982232272625,0.0008592379163019359,0.006176724564284086,0.016997111961245537,0.029193434864282608,0.037646275013685226,0.04200270399451256,0.04312837868928909,0.04411688074469566
-0.005452231504023075,-0.005452231504023075,-0.005137697793543339,-0.003628982463851571,0.0023253276012837887,0.010773323476314545,0.015242107212543488,0.01495380699634552,0.009409641847014427,7.757166895316914e-05,-0.0043258280493319035,-0.003136217826977372,0.0018312798347324133,0.009328139014542103,0.013839974999427795,0.0155734121799469,0.017156677320599556,0.020023275166749954,0.023298362269997597,0.023908047005534172,0.023629287257790565,0.02080831117928028,0.01715219020843506,0.011295127682387829,0.008387117646634579,0.009550590068101883,0.012487312778830528,0.016295336186885834,0.02158377878367901,0.02533632330596447,0.0236811526119709,0.019891399890184402,0.01499185524880886,0.01113168429583311,0.01393970474600792,0.021826334297657013,0.030125347897410393,0.03523041307926178,0.038978468626737595,0.03957173600792885,0.03997199609875679
-0.006894613616168499,-0.006894613616168499,-0.006251724436879158,-0.0037106319796293974,0.0018860052805393934,0.01068163476884365,0.017163150012493134,0.0198358166962862,0.01487252302467823,0.00553343677893281,-0.0014346841489896178,0.0011648042127490044,0.005678164307028055,0.012348247691988945,0.016908446326851845,0.01862945221364498,0.019444838166236877,0.020528670400381088,0.022299200296401978,0.022890936583280563,0.023059828206896782,0.022558484226465225,0.021731732413172722,0.01787041872739792,0.01541290432214737,0.015143798664212227,0.01601652055978775,0.01890561170876026,0.02304653450846672,0.025827854871749878,0.024877531453967094,0.023955004289746284,0.022632185369729996,0.020661231130361557,0.020974066108465195,0.0243960153311491,0.029700860381126404,0.0316772535443306,0.03338836133480072,0.034425247460603714,0.03512336313724518
-0.006722479127347469,-0.006722479127347469,-0.005969473160803318,-0.003323259297758341,0.0022761616855859756,0.011512684635818005,0.02068641036748886,0.028444936498999596,0.02149317041039467,0.013667091727256775,0.006716150790452957,0.005083491560071707,0.007742658723145723,0.013215076178312302,0.017362471669912338,0.01952970027923584,0.020374029874801636,0.020663468167185783,0.022211380302906036,0.02349150739610195,0.02457142248749733,0.02635430172085762,0.026371343061327934,0.024336718022823334,0.021976493299007416,0.021223504096269608,0.020884718745946884,0.0205153189599514,0.023165391758084297,0.02563597820699215,0.026683907955884933,0.02661016583442688,0.027002884075045586,0.02762380614876747,0.026884328573942184,0.026710573583841324,0.027082571759819984,0.026630278676748276,0.028163950890302658,0.03098701871931553,0.03308089077472687
-0.006158286239951849,-0.006158286239951849,-0.004877130035310984,-0.001625007949769497,0.00439526978880167,0.012066404335200787,0.023488420993089676,0.0336616188287735,0.03293266147375107,0.026941407471895218,0.015317725948989391,0.007912478409707546,0.006883667316287756,0.010906063951551914,0.016886122524738312,0.01967773027718067,0.02097398415207863,0.021731579676270485,0.023315439000725746,0.02498830482363701,0.02606281079351902,0.028022371232509613,0.02996833063662052,0.030137307941913605,0.02798316441476345,0.026825660839676857,0.024113673716783524,0.022825540974736214,0.022995270788669586,0.02446272037923336,0.02770330384373665,0.029227254912257195,0.030837763100862503,0.030812809243798256,0.02957242913544178,0.02740045078098774,0.025436559692025185,0.024765875190496445,0.02653578296303749,0.02821168303489685,0.030896781012415886
-0.00632192799821496,-0.00632192799821496,-0.0048319678753614426,-0.0015984743367880583,0.004350536502897739,0.01084352470934391,0.021724238991737366,0.031541939824819565,0.038887765258550644,0.03734910860657692,0.025917181745171547,0.015061188489198685,0.009052370674908161,0.008747527375817299,0.013411829248070717,0.019972821697592735,0.02318475767970085,0.024365846067667007,0.026146000251173973,0.028227047994732857,0.028092367574572563,0.0297550018876791,0.031570881605148315,0.03327898681163788,0.031644683331251144,0.02893948182463646,0.02670322358608246,0.026417488232254982,0.025552190840244293,0.025856316089630127,0.027377847582101822,0.029226522892713547,0.031247824430465698,0.03165799379348755,0.030644547194242477,0.02785697765648365,0.02337445132434368,0.02230633981525898,0.024081895127892494,0.02658264897763729,0.029407914727926254
-0.007443165872246027,-0.007443165872246027,-0.006835732143372297,-0.005292430054396391,-0.0017548496834933758,0.00651323888450861,0.01569509319961071,0.027075819671154022,0.035730961710214615,0.03943001106381416,0.0352104976773262,0.026434242725372314,0.017442502081394196,0.01194484531879425,0.01117007527500391,0.01592118665575981,0.0206889770925045,0.022837074473500252,0.02905861847102642,0.03352184221148491,0.032597865909338,0.03193315491080284,0.03184470161795616,0.031302642077207565,0.030650364235043526,0.02955706976354122,0.02979915961623192,0.028956471011042595,0.027705904096364975,0.02748526632785797,0.028050903230905533,0.029480723664164543,0.030238382518291473,0.02832692116498947,0.026998359709978104,0.02475927025079727,0.021253367885947227,0.019285116344690323,0.02108899876475334,0.02558889240026474,0.02889634668827057
-0.008519481867551804,-0.008519481867551804,-0.009171356447041035,-0.009763369336724281,-0.009592282585799694,-0.005114476662129164,0.0021925731562078,0.014373342506587505,0.028919313102960587,0.03284244239330292,0.037642501294612885,0.034519013017416,0.027189794927835464,0.01962176151573658,0.015421989373862743,0.013535365462303162,0.01549931988120079,0.016570525243878365,0.021407047286629677,0.028706524521112442,0.034544937312603,0.033876627683639526,0.03131859377026558,0.029877958819270134,0.02993251010775566,0.031238475814461708,0.031663667410612106,0.030648864805698395,0.02973737008869648,0.03006216138601303,0.03019367903470993,0.028608642518520355,0.02760319411754608,0.02579236961901188,0.02358250319957733,0.021464260295033455,0.02001810446381569,0.019485123455524445,0.021904774010181427,0.025150544941425323,0.028139013797044754
-0.009298497810959816,-0.009298497810959816,-0.010625441558659077,-0.012614347971975803,-0.014520457945764065,-0.014867294579744339,-0.009081839583814144,0.004926007241010666,0.017771942541003227,0.027078621089458466,0.03667140752077103,0.03727690875530243,0.03335415571928024,0.026907768100500107,0.02159903757274151,0.018083827570080757,0.015858178958296776,0.013833919540047646,0.01422568503767252,0.022072698920965195,0.03303614258766174,0.03293372318148613,0.03175130486488342,0.03241068124771118,0.032596439123153687,0.03300180286169052,0.03316720947623253,0.031894750893116,0.03328883275389671,0.03332633525133133,0.03086046315729618,0.02957930788397789,0.02755679376423359,0.027238130569458008,0.024730881676077843,0.021300526335835457,0.019070163369178772,0.02037546969950199,0.021204624325037003,0.02360088750720024,0.030470523983240128
-0.009137100540101528,-0.009137100540101528,-0.010161728598177433,-0.01230169553309679,-0.014613059349358082,-0.01484411209821701,-0.01136639341711998,-0.001246781786903739,0.011860816739499569,0.025014473125338554,0.03410092368721962,0.0344800129532814,0.0325988307595253,0.029160838574171066,0.02599502168595791,0.023965008556842804,0.021180175244808197,0.018098991364240646,0.019387949258089066,0.022796886041760445,0.029002781957387924,0.03136475384235382,0.03316255658864975,0.034625764936208725,0.034602172672748566,0.03534708172082901,0.036817412823438644,0.03564297780394554,0.03518595173954964,0.033391308039426804,0.03297646716237068,0.03350765258073807,0.031146707013249397,0.0288679301738739,0.02573922835290432,0.021836819127202034,0.021253053098917007,0.01816621609032154,0.00986627396196127,0.01234429981559515,0.032959967851638794
