dougfraga/big_2.json
{"header": {"parameterUnit": "m.s-1", "parameterNumber": 2, "dx": 0.016666000000000736, "dy": 0.016666000000000736, "parameterNumberName": "Eastward current", "la1": -22.891645999999998, "la2": -24.0416, "parameterCategory": 2, "lo2": -43.225054, "nx": 95, "ny": 70, "refTime": "2022-12-18 02:00:00", "lo1": -44.79166}, "data":
[rows 38 to 56 of 70, columns 0 to 41 of 95]
0.08205129951238632,0.08236152678728104,0.0824858620762825,0.08117032051086426,0.07782462239265442,0.07266604155302048,0.06639263778924942,0.057756584137678146,0.04988205432891846,0.04749993607401848,0.047940053045749664,0.048797525465488434,0.04994414746761322,0.05083218216896057,0.05111776292324066,0.05140330642461777,0.051950469613075256,0.05748596042394638,0.06320361793041229,0.06355606019496918,0.06397291272878647,0.06629333645105362,0.06442521512508392,0.05796883627772331,0.05639791488647461,0.057966504245996475,0.06181212514638901,0.06748347729444504,0.07143275439739227,0.0732254609465599,0.07022672146558762,0.06269903481006622,0.05426734685897827,0.05153421312570572,0.05289218947291374,0.05876784771680832,0.07399002462625504,0.08635983616113663,0.0927543193101883,0.0914631187915802,0.09088864177465439,0.09254605323076248
0.07830513268709183,0.07854723930358887,0.07915764302015305,0.07900524139404297,0.0769793763756752,0.0726752057671547,0.0640575960278511,0.05362900719046593,0.0469939298927784,0.044748418033123016,0.045763127505779266,0.048480525612831116,0.052219271659851074,0.05491184815764427,0.054291293025016785,0.052998173981904984,0.053701505064964294,0.06066478416323662,0.0653650090098381,0.06575696170330048,0.06519481539726257,0.061248499900102615,0.0581635981798172,0.05518916994333267,0.05298713967204094,0.05316393822431564,0.06328699737787247,0.07222969830036163,0.07386256754398346,0.07505615800619125,0.06983348727226257,0.06095338985323906,0.05362481251358986,0.052659157663583755,0.06187889352440834,0.07363385707139969,0.08739442378282547,0.10239354521036148,0.10264092683792114,0.09364627301692963,0.08924955129623413,0.0890018418431282
0.07497026026248932,0.07495647668838501,0.07619009912014008,0.07781827449798584,0.07702358067035675,0.07288191467523575,0.06301600486040115,0.05109155923128128,0.044314417988061905,0.041302137076854706,0.046243295073509216,0.05072471499443054,0.052582256495952606,0.06000197306275368,0.059217460453510284,0.05413484945893288,0.05520999804139137,0.06217122822999954,0.06509684771299362,0.06412619352340698,0.06202385947108269,0.05602776259183884,0.051208339631557465,0.0494454987347126,0.0512772798538208,0.054597049951553345,0.06584735214710236,0.07338467985391617,0.07828861474990845,0.0791168063879013,0.06903862208127975,0.060463372617959976,0.05505494773387909,0.05747068673372269,0.07182378321886063,0.08989730477333069,0.1025463417172432,0.10737643390893936,0.10138297080993652,0.09427394717931747,0.08976491540670395,0.08339649438858032
0.06916557252407074,0.06978535652160645,0.07262180745601654,0.0764017403125763,0.07708165794610977,0.0730951651930809,0.06296278536319733,0.05093648284673691,0.045527923852205276,0.0473274327814579,0.04816455766558647,0.05245193466544151,0.061321061104536057,0.06334077566862106,0.06009669601917267,0.05763452872633934,0.05844022333621979,0.06407059729099274,0.0654582604765892,0.06287612020969391,0.05881096422672272,0.04990837723016739,0.045133378356695175,0.04852159321308136,0.05503033846616745,0.0607147291302681,0.07233164459466934,0.080167256295681,0.08044588565826416,0.07770828902721405,0.07250219583511353,0.06546907871961594,0.05997869372367859,0.06519561260938644,0.08265778422355652,0.10068836808204651,0.10940693318843842,0.10759538412094116,0.1010403037071228,0.09450198709964752,0.08613348007202148,0.07916118949651718
0.06531064957380295,0.06557571887969971,0.0686124637722969,0.07531052082777023,0.07908898591995239,0.07384826987981796,0.06364293396472931,0.05391067638993263,0.049296505749225616,0.05217539519071579,0.057937927544116974,0.06240960583090782,0.06504233926534653,0.06570237874984741,0.0640389621257782,0.06219835951924324,0.06237169727683067,0.06753478944301605,0.06757602840662003,0.06270801275968552,0.056565962731838226,0.04824144020676613,0.04828156530857086,0.05293027311563492,0.06351780891418457,0.0745682343840599,0.07813377678394318,0.08187763392925262,0.08476882427930832,0.08259899914264679,0.07807672023773193,0.07042931020259857,0.06661352515220642,0.07690887153148651,0.09386799484491348,0.10654972493648529,0.10747287422418594,0.1051284447312355,0.10168744623661041,0.09398656338453293,0.08841408789157867,0.08304266631603241
0.06295061111450195,0.06300938874483109,0.06571769714355469,0.07249948382377625,0.07689091563224792,0.07269900292158127,0.06778519600629807,0.06056767329573631,0.05338383838534355,0.055921413004398346,0.0620211623609066,0.06703055649995804,0.0694534182548523,0.06906332075595856,0.06707242876291275,0.06570347398519516,0.06657721847295761,0.07130523025989532,0.0693950355052948,0.06315816193819046,0.058418065309524536,0.05433659628033638,0.05600399896502495,0.06125950068235397,0.07193581014871597,0.08174505829811096,0.08547194302082062,0.08742567151784897,0.08753704279661179,0.08569851517677307,0.0835660770535469,0.07835455983877182,0.07652067393064499,0.08754020929336548,0.10075373947620392,0.10888078808784485,0.10915270447731018,0.10395263880491257,0.09892085939645767,0.09395443648099899,0.08851106464862823,0.08340201526880264
0.06245648115873337,0.06216190382838249,0.06306512653827667,0.06749328225851059,0.07314147055149078,0.07206624746322632,0.06974855810403824,0.06460778415203094,0.057217076420784,0.05879098176956177,0.06477812677621841,0.06988083571195602,0.07308968901634216,0.0731751024723053,0.07135781645774841,0.0708189383149147,0.07073023915290833,0.06990955770015717,0.06683144718408585,0.06314117461442947,0.06249318644404411,0.06690195947885513,0.07034840434789658,0.0737050324678421,0.08059496432542801,0.085269495844841,0.0864393413066864,0.08888900279998779,0.09166490286588669,0.08772099763154984,0.08166702091693878,0.07820139825344086,0.08086442947387695,0.09172287583351135,0.10150706768035889,0.10568037629127502,0.10550817847251892,0.10267844051122665,0.09660819172859192,0.08901389688253403,0.0843079686164856,0.08248133212327957
0.059649430215358734,0.05993342027068138,0.061214692890644073,0.06357567012310028,0.06703741103410721,0.06915667653083801,0.07144463807344437,0.06808608770370483,0.062325093895196915,0.06312945485115051,0.06934449821710587,0.07428321987390518,0.07428169995546341,0.07422830164432526,0.073172427713871,0.07160651683807373,0.0700373575091362,0.06877870112657547,0.06758925318717957,0.06769858300685883,0.07072354108095169,0.07636237889528275,0.07960242033004761,0.08174769580364227,0.08565746992826462,0.08801189810037613,0.08883093297481537,0.08831868320703506,0.08543744683265686,0.07931216061115265,0.0717027559876442,0.07288264483213425,0.08434928208589554,0.094263955950737,0.0998438149690628,0.10385052114725113,0.10265831649303436,0.09523607045412064,0.0862743929028511,0.0793512761592865,0.07741802930831909,0.07888360321521759
0.05926605686545372,0.058998674154281616,0.058642540127038956,0.05959179252386093,0.0629405826330185,0.06741701066493988,0.07273972779512405,0.07147897034883499,0.06837332993745804,0.070353202521801,0.07229122519493103,0.07478300482034683,0.07609178870916367,0.07565618306398392,0.0740133672952652,0.07154625654220581,0.06911901384592056,0.06818412244319916,0.06960618495941162,0.07355011999607086,0.07970049977302551,0.08330460637807846,0.08460567891597748,0.08652672916650772,0.08798127621412277,0.08855247497558594,0.08551299571990967,0.0776897668838501,0.0731065645813942,0.0762808546423912,0.08062636852264404,0.08489345014095306,0.09219967573881149,0.0970645397901535,0.09836190938949585,0.09839019924402237,0.09267403185367584,0.080328568816185,0.06884109228849411,0.06538761407136917,0.0693323090672493,0.0754607692360878
0.05976896360516548,0.05880260095000267,0.05741805210709572,0.05735805630683899,0.0598566047847271,0.06608198583126068,0.07395339012145996,0.07613180577754974,0.07477890700101852,0.07464044541120529,0.07521353662014008,0.0768759697675705,0.07748366892337799,0.07649416476488113,0.07416670024394989,0.07145801186561584,0.0695921927690506,0.06962700188159943,0.07255321741104126,0.07874776422977448,0.08371619135141373,0.0864136815071106,0.089120052754879,0.0896439254283905,0.0889524295926094,0.08854865282773972,0.08686444163322449,0.08439155668020248,0.08420462161302567,0.08797958493232727,0.09050611406564713,0.09150436520576477,0.09435630589723587,0.09642555564641953,0.09645750373601913,0.09352471679449081,0.08571085333824158,0.07306510955095291,0.06439517438411713,0.06622780859470367,0.07308509945869446,0.07883278280496597
0.0596032440662384,0.05843997374176979,0.056590933352708817,0.056044671684503555,0.05916460603475571,0.066302090883255,0.07434413582086563,0.08333030343055725,0.08413643389940262,0.07818816602230072,0.07723414897918701,0.0782395601272583,0.07777771353721619,0.07550723105669022,0.07334858179092407,0.07216963171958923,0.07155819982290268,0.07268023490905762,0.0766918733716011,0.08359173685312271,0.08733191341161728,0.0881161317229271,0.08984997123479843,0.08951754122972488,0.08830885589122772,0.08819103240966797,0.08893290162086487,0.08853445202112198,0.08854474127292633,0.09057476371526718,0.0923355296254158,0.09429698437452316,0.09581280499696732,0.09558352082967758,0.0934920459985733,0.088961660861969,0.08111393451690674,0.07034001499414444,0.0653606727719307,0.07165204733610153,0.08194601535797119,0.08637751638889313
0.06180442124605179,0.05982690304517746,0.05695177614688873,0.056452054530382156,0.06168859824538231,0.06905777007341385,0.07756610214710236,0.087302565574646,0.08832083642482758,0.0864262804389,0.08482559770345688,0.07948071509599686,0.07418202608823776,0.07014905661344528,0.07113976031541824,0.07450858503580093,0.07539747655391693,0.07694749534130096,0.08159182965755463,0.08924280852079391,0.09083708375692368,0.08790276199579239,0.0878438949584961,0.08709919452667236,0.0863071084022522,0.08738858997821808,0.08805067092180252,0.08808629214763641,0.0893237516283989,0.09076927602291107,0.09207356721162796,0.09324726462364197,0.09334211051464081,0.09152200818061829,0.08835025876760483,0.0836121141910553,0.07505261898040771,0.06775589287281036,0.07202686369419098,0.08126424252986908,0.08619382977485657,0.0878542959690094
0.06228691339492798,0.060655925422906876,0.05795993283390999,0.05798628553748131,0.06323646754026413,0.07088492065668106,0.08056128770112991,0.09188222140073776,0.09335486590862274,0.08939998596906662,0.0852138102054596,0.0777638629078865,0.07167384028434753,0.06909885257482529,0.0700676441192627,0.07540944963693619,0.07981181889772415,0.08161094039678574,0.08756840229034424,0.09625815600156784,0.0953812524676323,0.08811987936496735,0.08522056043148041,0.0828341618180275,0.07936292886734009,0.07486536353826523,0.07564042508602142,0.0820997953414917,0.08713577687740326,0.08939816057682037,0.08967915922403336,0.08920273929834366,0.08862391114234924,0.08708009123802185,0.08305934071540833,0.0765984058380127,0.06819254159927368,0.06370609998703003,0.06633337587118149,0.07325470447540283,0.08054244518280029,0.08350258320569992
0.06459268927574158,0.06309770792722702,0.060862571001052856,0.06060566008090973,0.06288818269968033,0.07037407159805298,0.0815848708152771,0.09358630329370499,0.09617640823125839,0.09085977077484131,0.08424116671085358,0.07489940524101257,0.06937190890312195,0.06924043595790863,0.07307177782058716,0.07745084911584854,0.08075462281703949,0.0821446105837822,0.08594250679016113,0.0959995910525322,0.09715104103088379,0.08754894882440567,0.07765727490186691,0.06969794631004333,0.06715716421604156,0.06716283410787582,0.06776776164770126,0.06976514309644699,0.07592310756444931,0.08353229612112045,0.086922787129879,0.08829207718372345,0.09006203711032867,0.08851494640111923,0.0849328339099884,0.08041361719369888,0.07083914428949356,0.06422609090805054,0.06446333974599838,0.06661046296358109,0.06862032413482666,0.06972817331552505
0.06779958307743073,0.06646067649126053,0.06407942622900009,0.06311667710542679,0.06557600945234299,0.0705125704407692,0.07724684476852417,0.0865762010216713,0.09348555654287338,0.08800919353961945,0.07631887495517731,0.07037986814975739,0.06996645778417587,0.07231467217206955,0.07587290555238724,0.08036454021930695,0.08512526750564575,0.09031509608030319,0.09580331295728683,0.10007910430431366,0.0955788865685463,0.08113499730825424,0.06962163746356964,0.06693762540817261,0.06778686493635178,0.0683126151561737,0.06793725490570068,0.06739606708288193,0.06747446209192276,0.07084570825099945,0.08179935812950134,0.09058922529220581,0.09109168499708176,0.08962658047676086,0.08573540300130844,0.07677266746759415,0.06758926808834076,0.06465345621109009,0.06546279042959213,0.06654509902000427,0.06676758825778961,0.0666787326335907
0.06936134397983551,0.06833436340093613,0.06637421250343323,0.06541021168231964,0.06630036979913712,0.06858590245246887,0.07167025655508041,0.08338146656751633,0.08839339762926102,0.0808001160621643,0.07433150708675385,0.06946834921836853,0.07060828059911728,0.07482441514730453,0.07930424064397812,0.08478160202503204,0.08979769796133041,0.09285781532526016,0.09625019878149033,0.10015907883644104,0.0996653288602829,0.08472808450460434,0.07008088380098343,0.06890593469142914,0.07015588134527206,0.07011284679174423,0.06871849298477173,0.06758099794387817,0.06879379600286484,0.07681597769260406,0.08704697340726852,0.09276732057332993,0.09372500330209732,0.09079302847385406,0.08428651094436646,0.07426518201828003,0.06696704030036926,0.06533724069595337,0.06608044356107712,0.06671039760112762,0.0662122592329979,0.06580211222171783
0.07058962434530258,0.06968154013156891,0.06794823706150055,0.06706760823726654,0.06776230037212372,0.06964300572872162,0.07246053218841553,0.07643318921327591,0.08018388599157333,0.07759414613246918,0.07201409339904785,0.07008233666419983,0.07219750434160233,0.07732860743999481,0.08266139030456543,0.08911842852830887,0.09431570768356323,0.09598847478628159,0.09952184557914734,0.10197793692350388,0.0976189523935318,0.08419111371040344,0.07239031791687012,0.0709836333990097,0.07130134850740433,0.0702429935336113,0.06960098445415497,0.07188885658979416,0.07230633497238159,0.07637105882167816,0.08727703988552094,0.0935911312699318,0.0916774645447731,0.08272859454154968,0.07348985224962234,0.06845995038747787,0.06644970178604126,0.06603600084781647,0.06574640423059464,0.06563673168420792,0.06602852046489716,0.06704066693782806
0.07173898816108704,0.07066323608160019,0.06859567016363144,0.06770101934671402,0.0693625882267952,0.0711645632982254,0.07149548083543777,0.0714876726269722,0.07097534090280533,0.06995788216590881,0.06979256868362427,0.07168076932430267,0.07618698477745056,0.08234621584415436,0.0878923237323761,0.09364692866802216,0.09688788652420044,0.09928131848573685,0.10164406150579453,0.1011313870549202,0.09573964029550552,0.0820506289601326,0.07246565073728561,0.07162284106016159,0.07179733365774155,0.07329142838716507,0.07242318987846375,0.06983436644077301,0.06938259303569794,0.0706142857670784,0.07337480038404465,0.07551486790180206,0.07531402260065079,0.07238997519016266,0.06886696070432663,0.06696110963821411,0.06629691272974014,0.06593061238527298,0.06577568501234055,0.06728428602218628,0.07072839885950089,0.07031071186065674
0.07149705290794373,0.07048460841178894,0.06868559867143631,0.06818678975105286,0.0708371102809906,0.07152929157018661,0.06773100048303604,0.0648927167057991,0.06425382196903229,0.06543175876140594,0.06862048804759979,0.07405535876750946,0.08161195367574692,0.08891017735004425,0.09304322302341461,0.09603935480117798,0.1008465513586998,0.10192233324050903,0.10039465874433517,0.09599097818136215,0.0837428942322731,0.07425155490636826,0.07223454862833023,0.07311677187681198,0.07639896869659424,0.07479552924633026,0.07042796164751053,0.06966765969991684,0.06919410079717636,0.06921831518411636,0.0701209306716919,0.07111316919326782,0.07131441682577133,0.0701652243733406,0.06847883015871048,0.06763996183872223,0.06714889407157898,0.06691844761371613,0.06828444451093674,0.07246910035610199,0.07163914293050766,0.06785516440868378
