dougfraga/big_10.json
{"header": {"parameterUnit": "m.s-1", "parameterNumber": 3, "dx": 0.016666000000000736, "dy": 0.016666000000000736, "parameterNumberName": "Northward current", "la1": -22.891645999999998, "la2": -24.0416, "parameterCategory": 2, "lo2": -43.225054, "nx": 95, "ny": 70, "refTime": "2022-12-18 10:00:00", "lo1": -44.79166}, "data":
[rows 18 to 35 of 70, columns 0 to 40 of 95]
0.0,0.0,0.0,0.0,0.0,0.0030866710003465414,0.004746651276946068,0.005960617680102587,0.004428038839250803,0.0033289468847215176,0.00870710238814354,0.009751534089446068,0.014427361078560352,0.01433034148067236,0.017709452658891678,0.017608555033802986,0.02177688293159008,0.026428181678056717,0.023875713348388672,0.01637837290763855,0.009989799000322819,0.005527086555957794,0.001557505689561367,-0.0014241409953683615,-0.01061413437128067,0.0,0.0,0.0,0.0,-0.012215514667332172,-0.017107423394918442,0.0,0.0,0.0,0.0,0.0,0.0,-0.011859926395118237,-0.017146172001957893,-0.024647533893585205,0.0
0.0,0.0,0.0,0.0,0.0,0.005707641132175922,0.00544699328020215,0.002429615007713437,0.0,0.0,0.0064678192138671875,0.008811350911855698,0.006533874198794365,0.010747856460511684,0.01563805341720581,0.019743604585528374,0.02229408361017704,0.027252262458205223,0.024771874770522118,0.021356863901019096,0.01558048464357853,0.009829151444137096,0.0034844863694161177,-0.0028009596280753613,-0.02073286846280098,-0.016432225704193115,0.0,0.0,-0.008397424593567848,-0.016880227252840996,-0.02997509576380253,-0.021463580429553986,0.0,0.0,-0.017704907804727554,0.0,-0.004345952998846769,-0.015094587579369545,-0.025323113426566124,-0.03664526715874672,-0.013850593008100986
0.0,0.0,0.0,0.0,0.0,0.002620970131829381,0.0028258790262043476,0.0,0.0,0.0,0.0,0.002185116522014141,0.006930757313966751,0.012962398119270802,0.017762785777449608,0.021391522139310837,0.02064402401447296,0.02505834400653839,0.022527219727635384,0.02134324237704277,0.018968021497130394,0.013979111798107624,0.0038267977070063353,-0.0034691079054027796,-0.01509883813560009,-0.03422077000141144,0.0,0.0,-0.004383982624858618,-0.001562772667966783,-0.01553205493837595,-0.028066592290997505,-0.008869284763932228,-0.0102621428668499,-0.03006376326084137,-0.012550555169582367,-0.016066523268818855,-0.01938251033425331,-0.023761361837387085,-0.024777766317129135,-0.018361689522862434
0.0,0.0,0.0,0.0,0.0,0.0,0.0,0.0,0.0,0.0,0.0,0.0005725448718294501,0.006536190863698721,0.009844367392361164,0.012642658315598965,0.015452039428055286,0.01537700928747654,0.02070167474448681,0.020248031243681908,0.017797298729419708,0.016834774985909462,0.012431702576577663,0.0041247219778597355,-0.00013699106057174504,-0.010752507485449314,-0.026251768693327904,-0.007961963303387165,-0.006184278056025505,0.00341176800429821,0.00018280740187037736,-0.009157195687294006,-0.015242821536958218,-0.016387244686484337,-0.018168162554502487,-0.02126392349600792,-0.021876292303204536,-0.02140689641237259,-0.030847763642668724,-0.030315835028886795,-0.025137925520539284,-0.014290552586317062
0.0,0.0,0.0,0.0,0.0,0.0,0.0,0.0,0.0,0.0,0.0,0.0,0.0,0.002807662822306156,0.00226790108717978,0.002013199031352997,0.006239296868443489,0.013796712271869183,0.018831390887498856,0.015307172201573849,0.011621675454080105,0.006740328390151262,0.0035960811655968428,0.00323429424315691,-0.0027242545038461685,-0.01425653975456953,-0.013981163501739502,-0.011293899267911911,-0.005611862521618605,-0.006241286639124155,-0.010974074713885784,-0.015819862484931946,-0.01520702987909317,-0.016049854457378387,-0.017100926488637924,-0.017060264945030212,-0.01678110845386982,-0.021967541426420212,-0.021673373878002167,-0.01973867602646351,-0.015124797821044922
0.0,0.0,0.0,0.0,0.0,0.0,0.0,0.0,0.0,0.0,0.0,0.0,0.0,0.0014515954535454512,-0.00015549000818282366,-0.0017638879362493753,0.0032569286413490772,0.011620323173701763,0.017416512593626976,0.013119595125317574,0.006337780971080065,0.0012022657319903374,0.0033794206101447344,-0.001542344456538558,-0.0030160776805132627,-0.0072014001198112965,-0.010260779410600662,-0.01021583378314972,-0.008957291953265667,-0.006789820734411478,-0.008945781737565994,-0.013113686814904213,-0.01453663781285286,-0.01501588337123394,-0.01467006467282772,-0.014089205302298069,-0.014484191313385963,-0.014197549782693386,-0.013668917119503021,-0.013639061711728573,-0.009530805982649326
0.0,0.0,0.0,0.0,0.0,0.0,0.0,0.0,0.0,0.0,0.0,0.0,0.0,0.0,0.0,0.0,0.019674567505717278,0.02835054323077202,0.017068227753043175,0.011677378788590431,0.006725431419909,0.004676518030464649,0.0009071318781934679,-0.004902488552033901,-0.005781235639005899,-0.003188041504472494,-0.006867941468954086,-0.00887253973633051,-0.007854115217924118,-0.008114323019981384,-0.009584247134625912,-0.011606131680309772,-0.012530051171779633,-0.012771358713507652,-0.01407675165683031,-0.013772532343864441,-0.013346122577786446,-0.012557262554764748,-0.011675722897052765,-0.010451503098011017,-0.007812219206243753
0.0,0.0,0.0,0.0,0.0,0.0,0.0,0.0,0.0,0.0,0.0,0.0,0.0,0.0,0.0,-0.010774783790111542,0.026150213554501534,0.04745520278811455,0.022132128477096558,0.014246905222535133,0.004823453724384308,0.005028904881328344,-0.001030079904012382,-0.0010246823076158762,-0.004070027731359005,-0.004055610857903957,-0.005032897926867008,-0.008983919396996498,-0.007031130604445934,-0.008864272385835648,-0.01010107435286045,-0.010819997638463974,-0.010819653980433941,-0.011130791157484055,-0.013503201305866241,-0.01303831022232771,-0.011270900256931782,-0.01059279590845108,-0.009494478814303875,-0.007794253062456846,-0.006137840449810028
0.0,0.0,0.0,0.0,0.0,0.0,0.0,0.0,0.0,0.0,0.0,0.0,0.0,0.0,-0.024040820077061653,-0.02048344537615776,0.012656162492930889,0.03457149490714073,0.0253031887114048,0.017805352807044983,0.0016913547879084945,-0.0018646231619641185,-0.0026849147398024797,-0.0030508816707879305,-0.004943729843944311,-0.00824315007776022,-0.00802296306937933,-0.008472711779177189,-0.006034514866769314,-0.007026125211268663,-0.00805878359824419,-0.009207073599100113,-0.011782266199588776,-0.01145180594176054,-0.010176652111113071,-0.010466201230883598,-0.009998016059398651,-0.009494021534919739,-0.008247178047895432,-0.006222804542630911,-0.003953986801207066
0.0,0.0,0.0,0.0,0.0,0.0,0.0,0.0,0.0,0.0,0.0,0.0,0.0,0.0,-0.012599252164363861,-0.007158168125897646,0.008831962943077087,0.01436290331184864,0.02265218086540699,0.016770999878644943,0.0043329535983502865,-0.0034794448874890804,-0.0059420447796583176,-0.008834663778543472,-0.009050394408404827,-0.01035957783460617,-0.009749331511557102,-0.006202471908181906,-0.004562662448734045,-0.004018082283437252,-0.00667536212131381,-0.00903166364878416,-0.010975705459713936,-0.010489887557923794,-0.007511460687965155,-0.007958325557410717,-0.008071418851613998,-0.0077284714207053185,-0.006292726844549179,-0.0046795508824288845,-0.004357028286904097
0.0,0.0,0.0,0.0,0.0,0.0008220323361456394,-0.004477024078369141,-0.012672381475567818,-0.01969841495156288,-0.0384453609585762,0.0,0.0,0.0,0.013068457134068012,0.01780000329017639,0.008790327236056328,0.011044572107493877,0.01231213379651308,0.01827874779701233,0.013000154867768288,0.005016860086470842,-0.001649020705372095,-0.007819956168532372,-0.011319831945002079,-0.011544572189450264,-0.007570539601147175,-0.006153672002255917,-0.007007737644016743,-0.0058178710751235485,-0.004281425382941961,-0.002943269209936261,-0.007937782444059849,-0.00727422907948494,-0.006888460833579302,-0.0053833662532269955,-0.0049292282201349735,-0.005031079985201359,-0.004991493187844753,-0.005302271340042353,-0.004338493570685387,-0.0040029254741966724
0.0,0.0,0.0,0.0,-0.0006823017029091716,-0.0030353639740496874,-0.0093503063544631,-0.021736672148108482,-0.0347459651529789,-0.05873175710439682,-0.010561296716332436,-0.016073089092969894,-0.007305482868105173,0.01017925888299942,0.0014385279500856996,0.0016767826164141297,0.0031005151104182005,0.006865290924906731,0.010871733538806438,0.011418965645134449,0.005958499386906624,0.002385046798735857,-0.0024716658517718315,-0.007558881770819426,-0.007301860488951206,-0.006425568833947182,-0.006713016424328089,-0.007380770985037088,-0.008520564064383507,-0.008144240826368332,-0.0059355576522648335,-0.004852396436035633,-0.004913091193884611,-0.004417696967720985,-0.0035236135590821505,-0.0023731046821922064,-0.0017530828481540084,-0.0026504327543079853,-0.002604389563202858,-0.001982016721740365,-0.0007029594853520393
-0.02583189122378826,-0.02583189122378826,-0.027734510600566864,-0.02441210299730301,-0.013101398013532162,-0.013079174794256687,-0.014666037634015083,-0.01686786487698555,-0.023194976150989532,-0.026881808415055275,-0.013852468691766262,-0.0187337938696146,-0.008909898810088634,-0.005541923455893993,-0.009376473724842072,-0.009834247641265392,-0.00748949171975255,-0.0027537564747035503,0.0022777544800192118,0.007965791039168835,0.006013556849211454,0.004928514361381531,0.005412163678556681,-0.00018834172806236893,-0.0011671344982460141,-0.0029171044006943703,-0.006921673659235239,-0.009395754896104336,-0.010638670064508915,-0.010152130387723446,-0.009368962608277798,-0.003959169145673513,-0.003526593092828989,-0.002864870708435774,-0.0013553928583860397,0.00018282965174876153,1.7120757547672838e-05,0.0003260216617491096,0.0017675161361694336,0.00212475867010653,0.0023485932033509016
-0.047215864062309265,-0.047215864062309265,-0.051216211169958115,-0.046252768486738205,-0.030204877257347107,-0.0247520599514246,-0.021228190511465073,-0.017100408673286438,-0.017167605459690094,-0.01340774167329073,-0.00582592049613595,-0.005125368945300579,-0.004485509358346462,-0.006734542082995176,-0.010390328243374825,-0.012133017182350159,-0.012230590917170048,-0.010161075741052628,-0.006909660063683987,0.00044034625170752406,0.0031957768369466066,0.004679076373577118,0.006678833160549402,0.014253557659685612,0.005889719817787409,0.003353606443852186,-0.0035401920322328806,-0.011934271082282066,-0.012338158674538136,-0.011033368296921253,-0.009021004661917686,-0.00638797041028738,-0.0039012576453387737,-0.0009882382582873106,0.0006824464653618634,0.0010175592033192515,0.0017468425212427974,0.0031621004454791546,0.003962778020650148,0.00440306356176734,0.005175953730940819
-0.04135293886065483,-0.04135293886065483,-0.043105512857437134,-0.0409749373793602,-0.03472384065389633,-0.03044704720377922,-0.024927185848355293,-0.020714828744530678,-0.017079055309295654,-0.01272524707019329,-0.006665695458650589,-0.005967619363218546,-0.0074709574691951275,-0.011698982678353786,-0.014829975552856922,-0.016252055764198303,-0.01682506874203682,-0.01667933352291584,-0.015925230458378792,-0.014086456038057804,-0.00025367928901687264,0.003927379380911589,0.00630789902061224,0.017013082280755043,0.015735480934381485,0.010218859650194645,2.054696415143553e-05,-0.008588239550590515,-0.010500402189791203,-0.01063865702599287,-0.010670600458979607,-0.008125582709908485,-0.005360191222280264,-0.002573483157902956,2.716851122386288e-05,0.0021156729198992252,0.003903614589944482,0.004308607894927263,0.005136916413903236,0.006731347646564245,0.008836816065013409
-0.037958402186632156,-0.037958402186632156,-0.036799874156713486,-0.036012157797813416,-0.03353886306285858,-0.029693443328142166,-0.025418058037757874,-0.02125091664493084,-0.014861293137073517,-0.010826307348906994,-0.008083582855761051,-0.007942826487123966,-0.011060651391744614,-0.013690250925719738,-0.016356687992811203,-0.017990192398428917,-0.01896786503493786,-0.020247232168912888,-0.02198510617017746,-0.023172684013843536,-0.014467103406786919,-0.004732728935778141,0.0062127443961799145,0.013426435180008411,0.024509785696864128,0.016960393637418747,0.0062070065177977085,-0.001732208882458508,-0.005863283295184374,-0.007205741014331579,-0.007237822283059359,-0.006353959906846285,-0.005023464560508728,-0.003812938230112195,-0.00011916136281797662,0.004049563314765692,0.005153741221874952,0.0050442335195839405,0.0062044239602983,0.007086513563990593,0.010123328305780888
-0.033808592706918716,-0.033808592706918716,-0.033207010477781296,-0.03177501633763313,-0.03030243329703808,-0.02745150215923786,-0.02280622534453869,-0.018613917753100395,-0.013425463810563087,-0.009626390412449837,-0.008768106810748577,-0.011030163615942001,-0.012002848088741302,-0.011901017278432846,-0.014209347777068615,-0.016468530520796776,-0.018348053097724915,-0.02097221277654171,-0.024112654849886894,-0.025280414149165154,-0.025617506355047226,-0.014215399511158466,0.0019246746087446809,0.0113925626501441,0.020468944683670998,0.020462755113840103,0.012494295835494995,0.005575001705437899,0.0007800097810104489,-0.0020958639215677977,-0.0034620400983840227,-0.0035397496540099382,-0.00294310855679214,-0.0014036002103239298,0.00158918637316674,0.0050505297258496284,0.007277034688740969,0.006174164824187756,0.005171061959117651,0.006127610802650452,0.013014034368097782
-0.028314577415585518,-0.028314577415585518,-0.028196312487125397,-0.026956379413604736,-0.02535446360707283,-0.023241957649588585,-0.020113283768296242,-0.016185035929083824,-0.012406202964484692,-0.010094030760228634,-0.01144684199243784,-0.011758989654481411,-0.011058002710342407,-0.011737641878426075,-0.013024338521063328,-0.014657218009233475,-0.01638711802661419,-0.01900567300617695,-0.021042808890342712,-0.022897150367498398,-0.018830150365829468,-0.011570541188120842,-0.002218865789473057,0.005986470263451338,0.01362894382327795,0.01929606683552265,0.013979101553559303,0.011026298627257347,0.006679999176412821,0.0029927906580269337,0.0002276678424095735,-0.0014454320771619678,-0.002249686745926738,-0.0011408623540773988,0.0022117302287369967,0.006687398534268141,0.007771405857056379,0.007198941428214312,0.005474684294313192,0.006334629841148853,0.010716031305491924
