dougfraga/big_22.json
{"header": {"parameterUnit": "m.s-1", "parameterNumber": 2, "dx": 0.016666000000000736, "dy": 0.016666000000000736, "parameterNumberName": "Eastward current", "la1": -22.891645999999998, "la2": -24.0416, "parameterCategory": 2, "lo2": -43.225054, "nx": 95, "ny": 70, "refTime": "2022-12-18 22:00:00", "lo1": -44.79166}, "data":
[rows 36 to 53 of 70, columns 0 to 41 of 95]
0.08191053569316864,0.08208560943603516,0.08242668956518173,0.08288107812404633,0.0824761614203453,0.08110637962818146,0.07887744903564453,0.07582439482212067,0.0740017518401146,0.07426595687866211,0.07249020040035248,0.0684986338019371,0.06547887623310089,0.06323090195655823,0.06242179498076439,0.06271404027938843,0.06378509849309921,0.06534760445356369,0.06630679965019226,0.06593097001314163,0.06362420320510864,0.05839497596025467,0.05025298893451691,0.041018012911081314,0.03258472681045532,0.02752898819744587,0.023432793095707893,0.01931658759713173,0.017097191885113716,0.015528322197496891,0.014549287036061287,0.013809405267238617,0.0128011554479599,0.010905781760811806,0.009480257518589497,0.013495933264493942,0.020139291882514954,0.02598533034324646,0.032552774995565414,0.03741477057337761,0.04240083694458008,0.049375198781490326
0.07655874639749527,0.07648744434118271,0.07640314847230911,0.07620798796415329,0.07579272240400314,0.07476334273815155,0.07295387238264084,0.07238779962062836,0.07169932126998901,0.06948196142911911,0.06682635098695755,0.06412430852651596,0.061643458902835846,0.05987557768821716,0.05984625965356827,0.06067238748073578,0.06152993440628052,0.06278431415557861,0.06723964959383011,0.06861882656812668,0.06512387841939926,0.06023940071463585,0.051852036267519,0.0415632426738739,0.03173600509762764,0.02535645104944706,0.021423980593681335,0.01857001520693302,0.01736367866396904,0.017085524275898933,0.016790686175227165,0.016954557970166206,0.01391943171620369,0.009506949223577976,0.009329346939921379,0.013605918735265732,0.019450433552265167,0.029867421835660934,0.04065288230776787,0.0457705520093441,0.04868197441101074,0.05016503110527992
0.069548599421978,0.06984538584947586,0.07031579315662384,0.07037760317325592,0.06984765827655792,0.06907976418733597,0.06909894198179245,0.06794120371341705,0.0654749944806099,0.0637737363576889,0.06137567758560181,0.05865665525197983,0.0567561574280262,0.05558685585856438,0.05544823408126831,0.05640002340078354,0.05719419941306114,0.06100199744105339,0.06509488075971603,0.06339677423238754,0.059322405606508255,0.05631660670042038,0.048629920929670334,0.03546420484781265,0.026481956243515015,0.020939098671078682,0.017666583880782127,0.017308788374066353,0.017888659611344337,0.01950371265411377,0.019297264516353607,0.015571566298604012,0.009769950993359089,0.008433695882558823,0.010575296357274055,0.015547240152955055,0.02658913843333721,0.03764323517680168,0.049679215997457504,0.05431872233748436,0.0548444464802742,0.05403834208846092
0.06356415152549744,0.06375764310359955,0.06438267976045609,0.06512460857629776,0.06571079790592194,0.0662396177649498,0.06460434943437576,0.06112233176827431,0.058647606521844864,0.056467197835445404,0.0533614344894886,0.051577646285295486,0.05187878757715225,0.051175206899642944,0.04968409985303879,0.04940445348620415,0.0498313270509243,0.0547882616519928,0.057761553674936295,0.05534813180565834,0.05113206431269646,0.04409739375114441,0.03616320714354515,0.026712795719504356,0.01793396845459938,0.01095206942409277,0.014986095018684864,0.0201885886490345,0.0187531765550375,0.0203584935516119,0.019249482080340385,0.014390306547284126,0.009464088827371597,0.008750309236347675,0.016565129160881042,0.025083158165216446,0.03667676821351051,0.05488230288028717,0.06315327435731888,0.05942026525735855,0.054039787501096725,0.05094015225768089
0.057692233473062515,0.05763298273086548,0.0584147647023201,0.06026022881269455,0.06220627576112747,0.0636419877409935,0.06089046224951744,0.055125970393419266,0.05129440501332283,0.046718813478946686,0.04731498658657074,0.04714042320847511,0.04439816623926163,0.04862431809306145,0.04706472158432007,0.04176744446158409,0.04130544513463974,0.045852843672037125,0.0467916801571846,0.04301637411117554,0.03809545189142227,0.030212491750717163,0.021667875349521637,0.014186551794409752,0.010282011702656746,0.007757100742310286,0.014994797296822071,0.019532395526766777,0.022797830402851105,0.026766302064061165,0.021056031808257103,0.015946783125400543,0.012200753204524517,0.013189367018640041,0.02462461031973362,0.03956333175301552,0.05211947485804558,0.06357410550117493,0.06520381569862366,0.06036587432026863,0.05370688810944557,0.045101046562194824
0.049819670617580414,0.050126444548368454,0.05181240662932396,0.05509280413389206,0.0584506094455719,0.06059446185827255,0.05747268348932266,0.05040627717971802,0.04615839570760727,0.04533885791897774,0.04238711670041084,0.0424363799393177,0.04733993485569954,0.047252021729946136,0.041783299297094345,0.03640870377421379,0.034335747361183167,0.036871980875730515,0.03607264161109924,0.03129067271947861,0.025363165885210037,0.015031569637358189,0.006641895975917578,0.005683299154043198,0.009078850969672203,0.011064807884395123,0.02051536925137043,0.027797237038612366,0.027941275388002396,0.026945503428578377,0.024984609335660934,0.02209903858602047,0.0177400391548872,0.0198065098375082,0.03362279012799263,0.050812430679798126,0.06287560611963272,0.06730222702026367,0.06534450501203537,0.059781964868307114,0.05001147836446762,0.04169107601046562
0.04305337369441986,0.04329228028655052,0.0450114943087101,0.04972459003329277,0.05619534105062485,0.058552637696266174,0.05451777204871178,0.04819173738360405,0.04388684034347534,0.0433383472263813,0.044488973915576935,0.04541986435651779,0.04584410414099693,0.04403232783079147,0.038886845111846924,0.03315498307347298,0.0291425958275795,0.030324984341859818,0.02850409969687462,0.022669702768325806,0.015474391169846058,0.0049575455486774445,0.001851349137723446,0.003787683555856347,0.012609640136361122,0.023722101002931595,0.02760237269103527,0.03090919926762581,0.033967021852731705,0.03307059407234192,0.031264688819646835,0.026971686631441116,0.0228645708411932,0.029109995812177658,0.04414580762386322,0.059146370738744736,0.06495071947574615,0.06700187176465988,0.06473703682422638,0.05550789088010788,0.047931794077157974,0.04159935936331749
0.03948557376861572,0.039204683154821396,0.039968088269233704,0.044447220861911774,0.05165427550673485,0.054219603538513184,0.05416525527834892,0.05010763183236122,0.042887941002845764,0.04139426350593567,0.042654044926166534,0.04367972910404205,0.04301685094833374,0.039840489625930786,0.03471939638257027,0.029511742293834686,0.026008812710642815,0.02775852382183075,0.02484622597694397,0.017532415688037872,0.011215687729418278,0.005162796936929226,0.005584219470620155,0.009543015621602535,0.019702905789017677,0.031043408438563347,0.0358768105506897,0.037992022931575775,0.038543157279491425,0.037563253194093704,0.037278350442647934,0.03323559835553169,0.03016999177634716,0.04001246392726898,0.05369111895561218,0.06439422816038132,0.06844175606966019,0.06452546268701553,0.057839784771203995,0.051137544214725494,0.04448244348168373,0.03748287260532379
0.0361238569021225,0.03578668832778931,0.03580334782600403,0.03842077776789665,0.04567120224237442,0.04994930326938629,0.05201682820916176,0.04968661069869995,0.041583314538002014,0.03902585804462433,0.04014049842953682,0.040819551795721054,0.0407477468252182,0.03774435445666313,0.03258080035448074,0.02867184206843376,0.025733554735779762,0.023095373064279556,0.01837138831615448,0.0125031853094697,0.009163813665509224,0.012460799887776375,0.017346005886793137,0.02162807062268257,0.029089411720633507,0.03527020663022995,0.03760399669408798,0.0405406691133976,0.04502395913004875,0.04362334683537483,0.0385674312710762,0.03530888631939888,0.03693563491106033,0.04499252140522003,0.0542837530374527,0.06062844395637512,0.061572954058647156,0.05871236324310303,0.05271178111433983,0.044458549469709396,0.03769780695438385,0.03251004219055176
0.03295282647013664,0.032541729509830475,0.03242170810699463,0.03371129557490349,0.03811754658818245,0.042889222502708435,0.0484413281083107,0.04783453047275543,0.040859393775463104,0.037180449813604355,0.039124663919210434,0.040263015776872635,0.03620833903551102,0.03227166458964348,0.02821732498705387,0.024320155382156372,0.02064666524529457,0.01777513697743416,0.014982645399868488,0.012936570681631565,0.013780126348137856,0.019768860191106796,0.025519007816910744,0.029369955882430077,0.034521058201789856,0.03841419517993927,0.040946122258901596,0.042665690183639526,0.04276799410581589,0.040613964200019836,0.03789099305868149,0.037335172295570374,0.040551334619522095,0.045811474323272705,0.05089779943227768,0.05533692613244057,0.05503978207707405,0.049450553953647614,0.042390208691358566,0.0352136567234993,0.029994411394000053,0.026806125417351723
0.03030174784362316,0.029711928218603134,0.028739670291543007,0.02851508930325508,0.03097636252641678,0.0360666885972023,0.04398157820105553,0.04480951279401779,0.04000227153301239,0.03822595253586769,0.03646785020828247,0.034441638737916946,0.03072527050971985,0.02650790475308895,0.0227197278290987,0.018938740715384483,0.015244766138494015,0.013050003908574581,0.012795872986316681,0.014554603956639767,0.019960181787610054,0.02534393221139908,0.02881336584687233,0.0323852077126503,0.035700324922800064,0.03866442292928696,0.03987342491745949,0.03986158221960068,0.0400170236825943,0.04020046815276146,0.040047988295555115,0.041121143847703934,0.045330725610256195,0.04791360720992088,0.04776860401034355,0.04701590910553932,0.04304604232311249,0.0364503487944603,0.030319740995764732,0.025940557941794395,0.02356850728392601,0.022479325532913208
0.02825338952243328,0.027392897754907608,0.025686508044600487,0.024207597598433495,0.024554574862122536,0.029475120827555656,0.03894183784723282,0.042182475328445435,0.038895558565855026,0.03568781912326813,0.03186558187007904,0.028398917987942696,0.02451198920607567,0.0206387210637331,0.01709660515189171,0.013669337145984173,0.010926565155386925,0.010104567743837833,0.011727706529200077,0.016872290521860123,0.022518862038850784,0.026266565546393394,0.02994786575436592,0.03241913020610809,0.034227821975946426,0.03682243078947067,0.0384516678750515,0.0387309268116951,0.03960524499416351,0.04294021427631378,0.0448051393032074,0.04435930773615837,0.04468706250190735,0.04414576292037964,0.042279575020074844,0.03874040022492409,0.03326055780053139,0.027675332501530647,0.023929592221975327,0.022163502871990204,0.021480219438672066,0.021192103624343872
0.027159010991454124,0.026000140234827995,0.023476073518395424,0.020716380327939987,0.019821779802441597,0.02440173551440239,0.032647859305143356,0.0417572557926178,0.04177182912826538,0.032179638743400574,0.026148119941353798,0.02343738079071045,0.019841022789478302,0.01548787672072649,0.012098659761250019,0.009964508935809135,0.008805409073829651,0.00903123989701271,0.011327298358082771,0.017700131982564926,0.023542877286672592,0.026104705408215523,0.02854437567293644,0.029574541375041008,0.030171146616339684,0.03221968561410904,0.03608216345310211,0.03858421742916107,0.03936370089650154,0.04079190641641617,0.041118208318948746,0.040712740272283554,0.03997194394469261,0.0381331592798233,0.03519734367728233,0.0310171190649271,0.026292795315384865,0.02245301380753517,0.020635437220335007,0.020645448938012123,0.023095687851309776,0.024423569440841675
0.02719058282673359,0.025422684848308563,0.021936681121587753,0.018039081245660782,0.018008340150117874,0.02299540489912033,0.0315973125398159,0.040827564895153046,0.040055274963378906,0.034522008150815964,0.030168861150741577,0.02255432866513729,0.014224601909518242,0.007070261053740978,0.00551192881539464,0.007913649082183838,0.008660271763801575,0.009426563046872616,0.011987714096903801,0.019788354635238647,0.025434203445911407,0.025467386469244957,0.025880154222249985,0.025743136182427406,0.026397397741675377,0.030183350667357445,0.033799685537815094,0.03526126965880394,0.0363791324198246,0.036851659417152405,0.03629506379365921,0.03490337356925011,0.03291625156998634,0.030511653050780296,0.027681972831487656,0.024478306993842125,0.02146715298295021,0.0198388509452343,0.021591803058981895,0.023081844672560692,0.0229222159832716,0.022937718778848648
0.02649763599038124,0.02470446564257145,0.02090141549706459,0.016758520156145096,0.01694604940712452,0.022688766941428185,0.031828880310058594,0.042090605944395065,0.04149429872632027,0.0354958139359951,0.02989284321665764,0.01881839707493782,0.008425244130194187,0.0029694100376218557,0.0010397882433608174,0.00454691331833601,0.00972304679453373,0.011522732675075531,0.014400086365640163,0.0233888179063797,0.028713978826999664,0.026524001732468605,0.025257941335439682,0.024636659771203995,0.02689642459154129,0.029151154682040215,0.02997382916510105,0.03156786039471626,0.032348956912755966,0.03223751485347748,0.03137168288230896,0.029795845970511436,0.028058169409632683,0.026081006973981857,0.02383275330066681,0.023202763870358467,0.021481303498148918,0.018878355622291565,0.018542073667049408,0.018774328753352165,0.01878158189356327,0.018531419336795807
0.026186153292655945,0.024496519938111305,0.02084449678659439,0.017470264807343483,0.016048496589064598,0.02099297009408474,0.03120109811425209,0.04249631240963936,0.042683590203523636,0.036151520907878876,0.029234472662210464,0.014285558834671974,0.0017147493781521916,-0.0019273426150903106,0.000951610563788563,0.006221603602170944,0.010770737193524837,0.01158992014825344,0.015453450381755829,0.028214571997523308,0.03287177532911301,0.027728136628866196,0.026385057717561722,0.026167213916778564,0.025967968627810478,0.026730602607131004,0.027061570435762405,0.027253910899162292,0.026756741106510162,0.026045450940728188,0.025847898796200752,0.02626085840165615,0.028501959517598152,0.02830878645181656,0.0246710404753685,0.021291149780154228,0.017839059233665466,0.015410350635647774,0.014093789272010326,0.013422259129583836,0.012827745638787746,0.01227937638759613
0.026383182033896446,0.024806076660752296,0.021544434130191803,0.018386121839284897,0.01802132837474346,0.021692749112844467,0.02735934965312481,0.033529628068208694,0.03771035373210907,0.03291885554790497,0.01996273174881935,0.005801912397146225,-0.003116264473646879,-0.004031030461192131,0.0001333298860117793,0.006695964373648167,0.01284344494342804,0.017798911780118942,0.022760363295674324,0.027600038796663284,0.028661904856562614,0.02836129628121853,0.02782340720295906,0.026209119707345963,0.025826048105955124,0.02577929198741913,0.02508809231221676,0.023997310549020767,0.022399192675948143,0.02209194004535675,0.02639198675751686,0.029280604794621468,0.02813943289220333,0.026661677286028862,0.02393028326332569,0.019545158371329308,0.014826850965619087,0.01174427755177021,0.010291403159499168,0.009586199186742306,0.008768586441874504,0.007974301464855671
0.02607933059334755,0.024731207638978958,0.022021129727363586,0.019585708156228065,0.01871347241103649,0.019808214157819748,0.020056908950209618,0.028303170576691628,0.032275352627038956,0.02430054545402527,0.014030158519744873,0.0009188185213133693,-0.005676468834280968,-0.004400191828608513,0.0008461454999633133,0.007996102795004845,0.015133991837501526,0.02033127099275589,0.0241389200091362,0.02672802098095417,0.02964978665113449,0.030164333060383797,0.0276340302079916,0.02627992443740368,0.025721987709403038,0.024979496374726295,0.023232121020555496,0.020889485254883766,0.019737280905246735,0.023196082562208176,0.026097428053617477,0.025786079466342926,0.025278357788920403,0.023648180067539215,0.020423606038093567,0.015973133966326714,0.01181404571980238,0.008861063979566097,0.00753968209028244,0.007010971195995808,0.006043737288564444,0.005054011940956116
