dougfraga/big_23.json
{"header": {"parameterUnit": "m.s-1", "parameterNumber": 3, "dx": 0.016666000000000736, "dy": 0.016666000000000736, "parameterNumberName": "Northward current", "la1": -22.891645999999998, "la2": -24.0416, "parameterCategory": 2, "lo2": -43.225054, "nx": 95, "ny": 70, "refTime": "2022-12-18 23:00:00", "lo1": -44.79166}, "data":
[rows 0 to 17 of 70, columns 40 to 79 of 95]
0.0,0.0,0.0,0.0,0.0,0.0,0.0,0.0,0.0,0.0,0.0,0.0,0.0,0.0,0.0,0.0,0.0,0.0,0.0,0.0,0.0,0.0,0.0,0.0,0.0,0.0,0.0,0.0,0.0,0.0,0.0,0.0,0.0,0.0,0.0,0.0,0.0,0.0,0.0,0.0
0.0,0.0,0.0,0.0,0.0,0.0,0.0,0.0,0.0,0.0,0.0,0.0,0.0,0.0,0.0,0.0,0.0,0.0,0.0,0.0,0.0,0.0,0.0,0.0,0.0,0.0,0.0,0.0,0.0,0.0,0.0,0.0,0.0,0.0,0.0,0.0,0.0,0.0,0.0,0.0
0.0,0.0,0.0,0.0,0.0,0.0,0.0,0.0,0.0,0.0,0.0,0.0,0.0,0.0,0.0,-0.002290228148922324,0.0,0.0,0.0,0.0,0.0,0.0,0.0,0.0,0.0,0.0,0.0,0.0,0.0,0.0,0.0,0.0,0.0,0.0,0.0,0.0,0.0,0.0,0.0,0.0
0.0,0.0,0.0,0.0,0.0,0.0,0.0,0.0,0.0,0.0,-0.010204005986452103,0.0,0.0,0.0,0.0,-0.007804729975759983,-0.003534617368131876,0.0,-0.0033386622089892626,-0.0007966211414895952,0.0,0.0,0.0,0.0,0.0,0.0,0.0,0.0,0.0,0.0,0.0,0.0,0.0,0.0,0.0,0.0,0.0,0.0,0.0,0.0
0.0,0.0,0.0,-0.0063453237526118755,-0.006514926441013813,0.0,0.0,-0.014599564485251904,-0.013154036365449429,-0.012683713808655739,-0.022059472277760506,-0.010323678143322468,-0.009285363368690014,0.0,0.0,-0.015671158209443092,-0.010112197138369083,-0.0049369665794074535,-0.00743762357160449,-0.004079254809767008,-0.0034793014638125896,-0.003774890210479498,-0.005297556985169649,0.0,0.0,0.0,0.0,0.0,0.0,0.0,0.0,0.0,0.0,0.0,0.0,0.0,0.0,0.0,0.0,0.0
0.0,0.0,0.0,-0.018172500655055046,-0.016736678779125214,0.0,-0.015576084144413471,-0.028994884341955185,-0.027165716513991356,-0.026466425508260727,-0.023637112230062485,-0.01774146780371666,-0.016351133584976196,-0.004529841709882021,-0.004674283787608147,-0.018078794702887535,-0.013164945878088474,-0.010174481198191643,-0.00878893956542015,-0.007702200207859278,-0.007972804829478264,-0.008333824574947357,-0.010788283310830593,-0.007161631714552641,0.0,0.0,0.0,0.0,0.0,0.0,0.0,0.0,0.0,0.0,0.0,0.0,0.0,0.0,0.0,0.0
0.0,0.0,0.0,-0.031085072085261345,-0.026966391131281853,-0.01507879700511694,-0.03349462151527405,-0.032526660710573196,-0.0312550850212574,-0.027470609173178673,-0.02164868265390396,-0.01474516000598669,-0.012131961062550545,-0.011016412638127804,-0.012440025806427002,-0.016216548159718513,-0.01372235082089901,-0.011260510422289371,-0.010250357910990715,-0.009658453054726124,-0.00942057091742754,-0.008803306147456169,-0.00989463645964861,-0.012822775170207024,-0.007673126645386219,0.0,0.0,0.0,0.0,0.0,0.0,0.0,0.0,0.0,0.0,0.0,0.0,0.0,0.0,0.0
0.0,0.0,-0.015611883252859116,-0.04116319119930267,-0.03775869682431221,-0.034965090453624725,-0.03847156837582588,-0.03630320355296135,-0.03366382047533989,-0.028406662866473198,-0.02337498404085636,-0.018888741731643677,-0.014572974294424057,-0.015015991404652596,-0.016570691019296646,-0.01694653369486332,-0.014538321644067764,-0.012610451318323612,-0.011916382238268852,-0.011511284857988358,-0.010353123769164085,-0.008276661857962608,-0.007325004320591688,-0.00831319484859705,-0.011498233303427696,-0.001298213959671557,-0.0031212172470986843,-0.009804798290133476,0.0,0.0,0.0,0.0,0.0,0.0,0.0,0.0,0.0,0.0,0.0,0.0
0.0,-0.010761963203549385,-0.029433459043502808,-0.04105168581008911,-0.039966993033885956,-0.038846101611852646,-0.03992505371570587,-0.04003855958580971,-0.03532276302576065,-0.028792032971978188,-0.02362653985619545,-0.017174754291772842,-0.01653176173567772,-0.017680972814559937,-0.01882282830774784,-0.0161066222935915,-0.013878963887691498,-0.01309212762862444,-0.012690647505223751,-0.013026689179241657,-0.0118817538022995,-0.008725673891603947,-0.004754494875669479,-0.0017791067948564887,-0.0038046056870371103,-0.0010939540807157755,-0.003816131269559264,-0.012590977363288403,0.0001785251806722954,-0.00016540689102839679,-0.0017994889058172703,-0.0051492140628397465,-0.01383316982537508,0.0,0.0,0.0,0.0,0.0,0.0,0.0
-0.01024547778069973,-0.018879568204283714,-0.023661427199840546,-0.039296794682741165,-0.04351331293582916,-0.040858279913663864,-0.042163655161857605,-0.04881572723388672,-0.04317278042435646,-0.014073267579078674,-0.010118593461811543,-0.0013596548233181238,-0.011759697459638119,-0.01866466924548149,-0.02238924615085125,-0.007454499136656523,-0.006475627887994051,-0.006504673045128584,-0.01060442253947258,-0.012208093889057636,-0.011743754148483276,-0.008280007168650627,-0.00214504380710423,0.005368165671825409,2.0501151084317826e-05,0.0002042598935076967,-0.0006949141388759017,-0.00278617930598557,0.0001785251806722954,-0.00016540689102839679,-0.0017994889058172703,-0.0051492140628397465,-0.031799230724573135,-0.010695673525333405,0.0,0.0,0.0,0.0,0.0,0.0
-0.0183961633592844,-0.0166145171970129,-0.020412644371390343,-0.040123727172613144,-0.04985250160098076,-0.048585280776023865,-0.04653659090399742,-0.04933195933699608,-0.0242704339325428,0.0,0.0,0.00425372738391161,-0.004734719172120094,-0.00951311644166708,-0.012371365912258625,0.0,0.0,0.0,-0.004269776865839958,-0.005453802179545164,-0.005288057029247284,-0.0035866221878677607,-0.0003116434963885695,0.00449522165581584,0.0,0.0,0.0,0.0,0.0,0.0,0.0,0.0,-0.03155340999364853,-0.021227244287729263,0.0,0.0,0.0,-0.016167575493454933,-0.016440441831946373,-0.018046949058771133
-0.01579083688557148,-0.01792660728096962,-0.02179619111120701,-0.03266507759690285,-0.04757729172706604,-0.05489639937877655,-0.053254470229148865,-0.022382929921150208,0.0,0.0,0.0,0.0,0.0,0.0,0.0,0.0,0.0,0.0,0.0,0.0,0.0,0.0,0.0,0.0,-0.01330762542784214,-0.008805865421891212,-0.012729153968393803,-0.014517984353005886,-0.013024656102061272,-0.014311100356280804,-0.01569897122681141,-0.019684869796037674,-0.035203445702791214,-0.029972398653626442,0.0,-0.016262570396065712,-0.016094667837023735,-0.0266946479678154,-0.02817908301949501,-0.034134987741708755
-0.015075177885591984,-0.018372034654021263,-0.021089894697070122,-0.02526598796248436,-0.039382342249155045,-0.05227140337228775,-0.06163720041513443,0.0,0.0,0.0,0.0,0.0,0.0,-0.010871240869164467,-0.010672291740775108,-0.01161224115639925,-0.012335337698459625,-0.01270162221044302,-0.01037695724517107,-0.011951706372201443,-0.012709594331681728,-0.012789114378392696,-0.012568616308271885,-0.013010349124670029,-0.02679402008652687,-0.02212771400809288,-0.023624984547495842,-0.025384871289134026,-0.022661888971924782,-0.029160665348172188,-0.032445892691612244,-0.03539979085326195,-0.038936566561460495,-0.04154839739203453,-0.021414265036582947,-0.0336000993847847,-0.03243164345622063,-0.028117310255765915,-0.029654627665877342,-0.02821187674999237
-0.01761709339916706,-0.020923828706145287,-0.01946856640279293,-0.022077003493905067,-0.026932422071695328,-0.038916636258363724,-0.058011192828416824,0.0,0.0,-0.007652501575648785,-0.006516486406326294,-0.011096655391156673,-0.012064967304468155,-0.016771862283349037,-0.01609954610466957,-0.01726159080862999,-0.017862822860479355,-0.019377605989575386,-0.0182181466370821,-0.021288525313138962,-0.02277642861008644,-0.023136144503951073,-0.02302241325378418,-0.022756878286600113,-0.017032897099852562,-0.015624737367033958,-0.01390992570668459,-0.0129433898255229,-0.015376593917608261,-0.017939187586307526,-0.022211899980902672,-0.02285405620932579,-0.026567822322249413,-0.033064015209674835,-0.034548912197351456,-0.03165278211236,-0.03154214099049568,-0.034337885677814484,-0.03545602783560753,-0.02946729212999344
-0.020852813497185707,-0.0230372603982687,-0.018652524799108505,-0.021882351487874985,-0.022986136376857758,-0.025970647111535072,-0.038153041154146194,-0.009820879437029362,-0.008150767534971237,-0.010305067524313927,-0.01197860762476921,-0.01981600746512413,-0.0163959339261055,-0.00822540931403637,-0.006366718094795942,-0.0053430767729878426,-0.004425348713994026,-0.005149105563759804,-0.0070427050814032555,-0.013695178553462029,-0.01612776145339012,-0.017399393022060394,-0.01845335029065609,-0.018380947411060333,-0.012669149786233902,-0.012768790125846863,-0.005021966528147459,-0.0011442141840234399,-0.007980041205883026,-0.004991368390619755,-0.009616694413125515,-0.014525698497891426,-0.01960955373942852,-0.023210866376757622,-0.022783195599913597,-0.02570090815424919,-0.027008481323719025,-0.028636712580919266,-0.02938869595527649,-0.03114732727408409
-0.020022600889205933,-0.024252362549304962,-0.02440704219043255,-0.025818293914198875,-0.02730902098119259,-0.021890170872211456,-0.02072632499039173,-0.01843283697962761,-0.016885189339518547,-0.006634118501096964,-0.009402581490576267,-0.013158665969967842,-0.007698357105255127,-0.008540332317352295,-0.007953139953315258,-0.00709557207301259,-0.0069699352607131,-0.007131895981729031,-0.008455353789031506,-0.00770975835621357,-0.008716495707631111,-0.00940539501607418,-0.013150281272828579,-0.014937171712517738,-0.016805902123451233,-0.01943253166973591,-0.010859795846045017,-0.007706825155764818,-0.005336935631930828,-0.003510627895593643,-0.0053380317986011505,-0.0089865168556571,-0.016399342566728592,-0.020618770271539688,-0.019715506583452225,-0.023436861112713814,-0.025206848978996277,-0.0258474163711071,-0.02556546777486801,-0.023215007036924362
-0.009351853281259537,-0.021308710798621178,-0.03361031413078308,-0.02905821055173874,-0.030269386246800423,-0.026597993448376656,-0.023223433643579483,-0.0172133669257164,-0.014814077876508236,-0.012639173306524754,-0.014461824670433998,-0.016522351652383804,-0.015507563017308712,-0.013538356870412827,-0.01252653170377016,-0.012060217559337616,-0.014992841519415379,-0.016534052789211273,-0.017729151993989944,-0.011828677728772163,-0.01195923425257206,-0.011364737525582314,-0.009736047126352787,-0.011334024369716644,-0.013431903906166553,-0.015125446952879429,-0.014604735188186169,-0.01395483035594225,-0.009991120547056198,-0.00883345678448677,-0.00887501984834671,-0.009370476007461548,-0.010823932476341724,-0.014143121428787708,-0.01692820154130459,-0.019606897607445717,-0.0212701428681612,-0.0216800719499588,-0.02038216032087803,-0.015045111067593098
0.0,-0.030516834929585457,-0.03708591312170029,-0.03598148375749588,-0.032398734241724014,-0.029419442638754845,-0.02847602218389511,-0.022262200713157654,-0.019223224371671677,-0.018055247142910957,-0.019924378022551537,-0.02052748017013073,-0.01894807070493698,-0.015376562252640724,-0.014331987127661705,-0.014729917980730534,-0.014106150716543198,-0.01526853907853365,-0.01598517596721649,-0.015200404450297356,-0.014994447119534016,-0.013657859526574612,-0.009690603241324425,-0.011216523125767708,-0.013228167779743671,-0.015161633491516113,-0.01625853031873703,-0.016321318224072456,-0.015046367421746254,-0.015113724395632744,-0.015084334649145603,-0.014193509705364704,-0.01058652251958847,-0.011377817951142788,-0.012381283566355705,-0.012670693919062614,-0.01257940474897623,-0.013479713350534439,-0.012258458882570267,-0.011023974977433681
