dougfraga/big_13.json
{"header": {"parameterUnit": "m.s-1", "parameterNumber": 3, "dx": 0.016666000000000736, "dy": 0.016666000000000736, "parameterNumberName": "Northward current", "la1": -22.891645999999998, "la2": -24.0416, "parameterCategory": 2, "lo2": -43.225054, "nx": 95, "ny": 70, "refTime": "2022-12-18 13:00:00", "lo1": -44.79166}, "data":
[rows 18 to 35 of 70, columns 0 to 39 of 95]
0.0,0.0,0.0,0.0,0.0,0.00661954702809453,0.01615404337644577,0.009720901027321815,0.003379546571522951,0.0018535826820880175,-3.4171102015534416e-05,0.002521858084946871,0.008284171111881733,0.00701753469184041,0.008767015300691128,0.0058523621410131454,0.010354772210121155,0.009925181046128273,0.007536907214671373,0.005805096123367548,0.0008001510286703706,-0.005154810380190611,-0.012312687002122402,-0.01983601599931717,-0.030019240453839302,0.0,0.0,0.0,0.0,-0.010248955339193344,-0.016666095703840256,0.0,0.0,0.0,0.0,0.0,0.0,-0.009021017700433731,-0.016699880361557007,-0.02597789652645588
0.0,0.0,0.0,0.0,0.0,0.012316304259002209,0.013017578981816769,0.005057516507804394,0.0,0.0,0.000810268975328654,-0.0005253599374555051,-0.00031436581048183143,0.0021505316253751516,0.004130365327000618,0.00475618802011013,0.007215093821287155,0.009037231095135212,0.007039375603199005,0.0037584099918603897,-0.0002513753715902567,-0.006002574693411589,-0.012498125433921814,-0.02233067899942398,-0.03750118985772133,-0.02065267786383629,0.0,0.0,-0.006928319111466408,-0.013700338080525398,-0.03022691234946251,-0.024041326716542244,0.0,0.0,-0.02094179019331932,0.0,0.006087139248847961,-0.004017194267362356,-0.01987982727587223,-0.0362137071788311
0.0,0.0,0.0,0.0,0.0,0.005696757696568966,0.004852220881730318,0.0,0.0,0.0,0.0,-0.0007852190174162388,0.0034860537853091955,0.004041064530611038,0.00483991764485836,0.004730647895485163,0.003020551521331072,0.005921873729676008,0.004763992037624121,0.0002244048228021711,-0.0044602989219129086,-0.009222237393260002,-0.0146163459867239,-0.024683931842446327,-0.03364526852965355,-0.04827139526605606,0.0,0.0,0.0021377482917159796,0.002816737862303853,-0.01566522754728794,-0.03166583180427551,-0.008779000490903854,-0.010929382406175137,-0.03407464176416397,-0.012120883911848068,-0.0024574792478233576,-0.0071012480184435844,-0.014891314320266247,-0.02185792848467827
0.0,0.0,0.0,0.0,0.0,0.0,0.0,0.0,0.0,0.0,0.0,0.0021814422216266394,0.005934408400207758,-0.00042841030517593026,0.0011779945343732834,0.001632237690500915,-0.0019770984072238207,-0.00038596251397393644,-0.0003124843933619559,-0.005355462431907654,-0.00947345606982708,-0.013539534993469715,-0.01645585708320141,-0.021138101816177368,-0.03086061216890812,-0.04252830892801285,-0.009360193274915218,-0.006780526600778103,0.007646798621863127,0.006996880751103163,-0.005130316596478224,-0.015308083966374397,-0.014309513382613659,-0.018089856952428818,-0.02234380878508091,-0.022389525547623634,-0.019473861902952194,-0.02731514722108841,-0.02519170008599758,-0.02208505943417549
0.0,0.0,0.0,0.0,0.0,0.0,0.0,0.0,0.0,0.0,0.0,0.0,0.0,-0.003748967545107007,-0.004282466601580381,-0.004842561203986406,-0.007127605844289064,-0.008927318267524242,-0.008289044722914696,-0.010003765113651752,-0.009446424432098866,-0.014181059785187244,-0.01538669690489769,-0.011121976189315319,-0.017014799639582634,-0.024848688393831253,-0.016961582005023956,-0.012048138305544853,-0.00633658142760396,-0.0016813683323562145,-0.00624937703832984,-0.013934756629168987,-0.012340560555458069,-0.015211955644190311,-0.018812503665685654,-0.02075926773250103,-0.02167019620537758,-0.026110846549272537,-0.0235300213098526,-0.020678933709859848
0.0,0.0,0.0,0.0,0.0,0.0,0.0,0.0,0.0,0.0,0.0,0.0,0.0,0.000593910226598382,-0.0017815445316955447,-0.0031911132391542196,-0.007618254516273737,-0.011143730953335762,-0.014370164833962917,-0.013506652787327766,-0.006726453080773354,-0.011925190687179565,-0.011970851570367813,-0.011918600648641586,-0.01403958909213543,-0.016502337530255318,-0.014276713132858276,-0.011653486639261246,-0.01120656169950962,-0.008019229397177696,-0.009295541793107986,-0.013561069034039974,-0.01496272161602974,-0.016871338710188866,-0.019119376316666603,-0.020910626277327538,-0.022910146042704582,-0.022799961268901825,-0.02179500088095665,-0.021474437788128853
0.0,0.0,0.0,0.0,0.0,0.0,0.0,0.0,0.0,0.0,0.0,0.0,0.0,0.0,0.0,0.0,0.0013495732564479113,-0.0008669978124089539,-0.006110935006290674,-0.01136748120188713,-0.004025396890938282,-0.007197339087724686,-0.011616252362728119,-0.017554042860865593,-0.020051248371601105,-0.01566561497747898,-0.01495696883648634,-0.014150985516607761,-0.014768531545996666,-0.014393128454685211,-0.014664951711893082,-0.016180556267499924,-0.01704942062497139,-0.01838729903101921,-0.02139078639447689,-0.022245939821004868,-0.022805338725447655,-0.022531110793352127,-0.021899959072470665,-0.020785072818398476
0.0,0.0,0.0,0.0,0.0,0.0,0.0,0.0,0.0,0.0,0.0,0.0,0.0,0.0,0.0,-0.01072260458022356,-0.003320731921121478,0.013237107545137405,0.010360058397054672,-0.0029268956277519464,-0.0037152862641960382,-0.006652079988270998,-0.012280176393687725,-0.015995869413018227,-0.020411208271980286,-0.01918569765985012,-0.01793433167040348,-0.019315220415592194,-0.01719132624566555,-0.018069779500365257,-0.017859064042568207,-0.017894340679049492,-0.0178731307387352,-0.018721196800470352,-0.02191219851374626,-0.02165183238685131,-0.02031591907143593,-0.020231010392308235,-0.01956198923289776,-0.018203120678663254
0.0,0.0,0.0,0.0,0.0,0.0,0.0,0.0,0.0,0.0,0.0,0.0,0.0,0.0,-0.02333582378923893,-0.020544221624732018,-0.015676071867346764,0.010004926472902298,0.014831015840172768,0.004806540906429291,-0.004178771283477545,-0.010176186449825764,-0.013468957506120205,-0.016903875395655632,-0.020263154059648514,-0.02363075315952301,-0.022487204521894455,-0.02142055705189705,-0.017622049897909164,-0.017663421109318733,-0.017346573993563652,-0.017547011375427246,-0.01975230686366558,-0.019148005172610283,-0.018015431240200996,-0.01859923079609871,-0.018464459106326103,-0.018580695614218712,-0.017925985157489777,-0.016475534066557884
0.0,0.0,0.0,0.0,0.0,0.0,0.0,0.0,0.0,0.0,0.0,0.0,0.0,0.0,-0.01759086549282074,-0.014840048737823963,-0.011736500076949596,0.0002134423702955246,0.012978718616068363,0.009749026969075203,0.0006239368231035769,-0.008333172649145126,-0.01433814037591219,-0.019903529435396194,-0.022073281928896904,-0.024579858407378197,-0.02409040555357933,-0.019966619089245796,-0.01727011799812317,-0.01584794372320175,-0.017384037375450134,-0.01855514757335186,-0.019771257415413857,-0.018639881163835526,-0.015478786081075668,-0.016391051933169365,-0.016790753230452538,-0.017019901424646378,-0.01638086326420307,-0.01564735919237137
0.0,0.0,0.0,0.0,0.0,-0.0015719407238066196,-0.0073609985411167145,-0.01600002683699131,-0.02445189096033573,-0.04454546794295311,0.0,0.0,0.0,0.014634961262345314,0.009489565156400204,-0.004560544621199369,-0.004565287381410599,0.000861052016261965,0.011553137563169003,0.01099312026053667,0.005467593669891357,-0.0022468199022114277,-0.011274388059973717,-0.018841436132788658,-0.022470004856586456,-0.020956315100193024,-0.02088959328830242,-0.02208775095641613,-0.019997285678982735,-0.017301008105278015,-0.014699547551572323,-0.01880495250225067,-0.017347214743494987,-0.016425836831331253,-0.014831099659204483,-0.014845496974885464,-0.01526203565299511,-0.01564617082476616,-0.016784973442554474,-0.016399424523115158
0.0,0.0,0.0,0.0,-0.0011217135470360518,-0.006808355916291475,-0.01473886426538229,-0.029017258435487747,-0.04505140706896782,-0.07157113403081894,-0.016260430216789246,-0.019891615957021713,-0.01065187156200409,0.009285629726946354,-0.003882630029693246,-0.008093665353953838,-0.008629675954580307,-0.003955470398068428,0.005033383145928383,0.010612684302031994,0.008099088445305824,0.004548886325210333,-0.0023345081135630608,-0.011991634964942932,-0.017277473583817482,-0.019961576908826828,-0.02178092487156391,-0.022797849029302597,-0.023795928806066513,-0.022672997787594795,-0.018720902502536774,-0.01679977960884571,-0.016376744955778122,-0.015574744902551174,-0.014767017215490341,-0.014013281092047691,-0.013888856396079063,-0.015091143548488617,-0.015551137737929821,-0.015025218017399311
-0.027804406359791756,-0.027804406359791756,-0.029733946546912193,-0.026288794353604317,-0.015441449359059334,-0.016886865720152855,-0.020218003541231155,-0.025123978033661842,-0.03456740081310272,-0.04045560583472252,-0.026698939502239227,-0.028253735974431038,-0.016346199437975883,-0.011429897509515285,-0.015438531525433064,-0.01819150149822235,-0.018123621121048927,-0.013647311367094517,-0.004570096265524626,0.005416682455688715,0.006755165755748749,0.007382182404398918,0.005871481262147427,-0.0029590872582048178,-0.009562143124639988,-0.015625296160578728,-0.02109207585453987,-0.023654276505112648,-0.026392526924610138,-0.026383718475699425,-0.024342957884073257,-0.017751671373844147,-0.016830623149871826,-0.01585119217634201,-0.014373604208230972,-0.013174879364669323,-0.013703780248761177,-0.01344694010913372,-0.01210666261613369,-0.011716723442077637
-0.05199252441525459,-0.05199252441525459,-0.05611655116081238,-0.051016759127378464,-0.035237956792116165,-0.030589373782277107,-0.028199568390846252,-0.026389578357338905,-0.029041346162557602,-0.027155274525284767,-0.020341653376817703,-0.016520461067557335,-0.012628092430531979,-0.01346005778759718,-0.017171591520309448,-0.021141596138477325,-0.023787187412381172,-0.02218216098845005,-0.015763716772198677,-0.005218292120844126,0.0010612104088068008,0.005472139921039343,0.007546861656010151,0.012274535372853279,7.00823511579074e-05,-0.007488949690014124,-0.015915974974632263,-0.024813268333673477,-0.02899407409131527,-0.029053406789898872,-0.02655896730720997,-0.022861776873469353,-0.019493496045470238,-0.016020772978663445,-0.014165547676384449,-0.013824946247041225,-0.012994960881769657,-0.011426742188632488,-0.010505272075533867,-0.009885379113256931
-0.04772438108921051,-0.04772438108921051,-0.04957950860261917,-0.04754853621125221,-0.041771743446588516,-0.03812625631690025,-0.03362790122628212,-0.031107043847441673,-0.029489822685718536,-0.026762645691633224,-0.02090146206319332,-0.01704428903758526,-0.015579565428197384,-0.01820356212556362,-0.021962471306324005,-0.025948014110326767,-0.02915223315358162,-0.02976628579199314,-0.02715551294386387,-0.022381607443094254,-0.006096351891756058,0.0010263451840728521,0.00587828503921628,0.015102933160960674,0.011431938968598843,0.001430065487511456,-0.010844334028661251,-0.02130226604640484,-0.028209969401359558,-0.030436057597398758,-0.03029920719563961,-0.02711733989417553,-0.023456431925296783,-0.019745511934161186,-0.01632489450275898,-0.013698904775083065,-0.011548127979040146,-0.010806852951645851,-0.009700936265289783,-0.008054995909333229
-0.045697201043367386,-0.045697201043367386,-0.044597379863262177,-0.0441194623708725,-0.042133837938308716,-0.03886047378182411,-0.03551099821925163,-0.03260060027241707,-0.02782847359776497,-0.02472350187599659,-0.02098112739622593,-0.018040092661976814,-0.01899818517267704,-0.02094908431172371,-0.024922695010900497,-0.029271593317389488,-0.03272812440991402,-0.035073719918727875,-0.0361623577773571,-0.03534054756164551,-0.024584000930190086,-0.012172493152320385,0.0016144062392413616,0.009597244672477245,0.01925135776400566,0.009134537540376186,-0.0038467268459498882,-0.015035473741590977,-0.023742079734802246,-0.02791556715965271,-0.028649097308516502,-0.02761598490178585,-0.025399381294846535,-0.02277308702468872,-0.0176639836281538,-0.012552395462989807,-0.010798990726470947,-0.010538648813962936,-0.009431147016584873,-0.00890829786658287
-0.04281756281852722,-0.04281756281852722,-0.042322151362895966,-0.0411260761320591,-0.04008927196264267,-0.037767473608255386,-0.03398052975535393,-0.030908547341823578,-0.02665134333074093,-0.022759821265935898,-0.020037168636918068,-0.02006668597459793,-0.020019741728901863,-0.020642075687646866,-0.02494894340634346,-0.02982017770409584,-0.03394366055727005,-0.03787168487906456,-0.041731175035238266,-0.04238186404109001,-0.040634337812662125,-0.02674845978617668,-0.008124874904751778,0.0029281822498887777,0.01224592886865139,0.012161516584455967,0.002618825761601329,-0.008047470822930336,-0.017090532928705215,-0.023205051198601723,-0.026212267577648163,-0.02635037526488304,-0.024503471329808235,-0.021166080608963966,-0.016752583906054497,-0.012090511620044708,-0.00904819369316101,-0.010112768039107323,-0.011811409145593643,-0.011718567460775375
-0.03842851519584656,-0.03842851519584656,-0.03833189234137535,-0.03725793957710266,-0.036044392734766006,-0.03454417362809181,-0.03220658376812935,-0.02908146008849144,-0.025671212002635002,-0.02228911779820919,-0.021208014339208603,-0.020056596025824547,-0.019467271864414215,-0.021678803488612175,-0.025345172733068466,-0.02937125600874424,-0.0332128070294857,-0.03739655762910843,-0.04117712378501892,-0.04319898039102554,-0.038375407457351685,-0.029569638893008232,-0.01831767149269581,-0.007795318029820919,0.0020192547235637903,0.009296233765780926,0.0028822803869843483,-0.003319098148494959,-0.011349462904036045,-0.01826905645430088,-0.023312680423259735,-0.025172777473926544,-0.024042226374149323,-0.021065734326839447,-0.016428599134087563,-0.010903390124440193,-0.00905440840870142,-0.009491324424743652,-0.01268476340919733,-0.013782993890345097
