dougfraga/big_3.json
{"header": {"parameterUnit": "m.s-1", "parameterNumber": 2, "dx": 0.016666000000000736, "dy": 0.016666000000000736, "parameterNumberName": "Eastward current", "la1": -22.891645999999998, "la2": -24.0416, "parameterCategory": 2, "lo2": -43.225054, "nx": 95, "ny": 70, "refTime": "2022-12-18 03:00:00", "lo1": -44.79166}, "data":
[rows 19 to 37 of 70, columns 42 to 83 of 95]
0.028151003643870354,0.02627522498369217,0.02308000437915325,0.025031814351677895,0.025230396538972855,0.027766838669776917,0.028225548565387726,0.025337589904665947,0.024723123759031296,0.025246813893318176,0.025717616081237793,0.025026362389326096,0.02390838786959648,0.02578067220747471,0.025961216539144516,0.024657974019646645,0.024918334558606148,0.02491748332977295,0.025309382006525993,0.025071829557418823,0.02421657368540764,0.023613017052412033,0.024171728640794754,0.025538835674524307,0.027667533606290817,0.03028031252324581,0.03287861496210098,0.03550934046506882,0.038346562534570694,0.04164029285311699,0.0455629900097847,0.05153794586658478,0.05516829341650009,0.056015681475400925,0.05832719802856445,0.060900259763002396,0.06383523344993591,0.0672612115740776,0.07093534618616104,0.07457346469163895,0.07834149897098541,0.08258188515901566
0.028138333931565285,0.02619108185172081,0.02842710167169571,0.02963731251657009,0.026596549898386,0.02571866475045681,0.02531757764518261,0.023515181615948677,0.022112540900707245,0.02195674367249012,0.02268923446536064,0.02609819732606411,0.026422571390867233,0.023907417431473732,0.024053242057561874,0.024355119094252586,0.024285070598125458,0.02413865737617016,0.024122904986143112,0.024013835936784744,0.024125706404447556,0.024953125044703484,0.02626458927989006,0.028187522664666176,0.031040392816066742,0.03468463197350502,0.03999185189604759,0.04337300360202789,0.04493362456560135,0.0481424406170845,0.05161432549357414,0.05529870092868805,0.05808530002832413,0.05984213203191757,0.06184596195816994,0.06432613730430603,0.06709786504507065,0.06991387158632278,0.07288523018360138,0.07603400200605392,0.07954124361276627,0.08347576856613159
0.028932388871908188,0.028041841462254524,0.027527883648872375,0.026877278462052345,0.025785265490412712,0.024921804666519165,0.024177398532629013,0.024069156497716904,0.026910817250609398,0.02756105177104473,0.025569379329681396,0.02576747164130211,0.025258542969822884,0.024543240666389465,0.024767139926552773,0.024753088131546974,0.02424628660082817,0.024158386513590813,0.024602921679615974,0.025475502014160156,0.027125906199216843,0.030862368643283844,0.032880138605833054,0.03346608579158783,0.03664156049489975,0.04055206850171089,0.04410342499613762,0.04705078899860382,0.04991335794329643,0.05294350907206535,0.0558953694999218,0.05876274034380913,0.06114157661795616,0.06288879364728928,0.06453484296798706,0.06673955917358398,0.0692707896232605,0.0719086304306984,0.07465614378452301,0.0775933712720871,0.08141148090362549,0.0862107202410698
0.02787475474178791,0.02685229294002056,0.026671936735510826,0.02680319733917713,0.029127687215805054,0.02953941375017166,0.02783389203250408,0.02807975932955742,0.02832561731338501,0.027998579666018486,0.027641430497169495,0.027608172968029976,0.02733139880001545,0.0269707553088665,0.026706118136644363,0.026409411802887917,0.02638249844312668,0.02738575078547001,0.030378133058547974,0.03226158022880554,0.03283939138054848,0.03445674106478691,0.03615264594554901,0.03855026513338089,0.04168778657913208,0.045162055641412735,0.048320308327674866,0.0508885383605957,0.05368611589074135,0.056415826082229614,0.05867166817188263,0.06086849793791771,0.06346104294061661,0.06600907444953918,0.06754409521818161,0.0693349838256836,0.07209988683462143,0.07520952075719833,0.07861047238111496,0.0828179195523262,0.08951645344495773,0.09438564628362656
0.03151858225464821,0.029095394536852837,0.02929936721920967,0.029399096965789795,0.029839947819709778,0.030262988060712814,0.029900968074798584,0.02942506968975067,0.029471302404999733,0.029726052656769753,0.030189018696546555,0.03045804239809513,0.030272342264652252,0.030125273391604424,0.030097967013716698,0.030303070321679115,0.031100701540708542,0.03415767475962639,0.035857394337654114,0.03556029498577118,0.036797042936086655,0.038421500474214554,0.04012702405452728,0.04229660704731941,0.045029573142528534,0.04799743741750717,0.05067719146609306,0.0531039834022522,0.05586777999997139,0.05850179120898247,0.0606401190161705,0.06268133223056793,0.06572549045085907,0.06882055848836899,0.07092110812664032,0.0741085335612297,0.08025652915239334,0.08522491902112961,0.08855198323726654,0.09301754087209702,0.0971633642911911,0.10041490942239761
0.02987341210246086,0.02910996600985527,0.029130946844816208,0.02937411703169346,0.02973700687289238,0.030202385038137436,0.03018900379538536,0.030298136174678802,0.03061891347169876,0.03147832304239273,0.034183401614427567,0.03500921651721001,0.033611029386520386,0.03341016545891762,0.0335400253534317,0.03414367139339447,0.034866709262132645,0.03581474721431732,0.03739853575825691,0.03869170323014259,0.039995014667510986,0.04140675067901611,0.04302511736750603,0.04498639330267906,0.04692191258072853,0.04929559305310249,0.0518927276134491,0.05451367795467377,0.05727143585681915,0.05997638776898384,0.062360979616642,0.06492231786251068,0.06854578852653503,0.07388048619031906,0.07789550721645355,0.08095429092645645,0.08589256554841995,0.09045939892530441,0.09434572607278824,0.09814734756946564,0.10127609223127365,0.10372283309698105
0.02930651605129242,0.029070530086755753,0.02950640767812729,0.029801199212670326,0.030302999541163445,0.030759433284401894,0.03152107447385788,0.03422434628009796,0.03535377234220505,0.0348840095102787,0.03556881472468376,0.0360143817961216,0.03599366173148155,0.035788483917713165,0.03571779653429985,0.03646697849035263,0.03775941953063011,0.03905768692493439,0.040724266320466995,0.04238753393292427,0.04390957951545715,0.04515520855784416,0.04628300666809082,0.047697972506284714,0.049278877675533295,0.05140204355120659,0.05426706373691559,0.05724009498953819,0.060357533395290375,0.06359617412090302,0.06676198542118073,0.06999198347330093,0.07352396100759506,0.07767406105995178,0.08431237936019897,0.08786232769489288,0.08967690169811249,0.09430158138275146,0.09800854325294495,0.10100911557674408,0.10306264460086823,0.10474906861782074
0.03076297603547573,0.031289469450712204,0.03198488801717758,0.032855816185474396,0.03538035973906517,0.03615590184926987,0.03580737113952637,0.03709857538342476,0.03754820674657822,0.038113631308078766,0.038825131952762604,0.03924001753330231,0.03935195133090019,0.039542216807603836,0.040023792535066605,0.041118718683719635,0.0432538203895092,0.04531412199139595,0.047194287180900574,0.04885772615671158,0.050524357706308365,0.050737883895635605,0.05086018890142441,0.05255163088440895,0.05439850315451622,0.05701370909810066,0.06072593480348587,0.0650707334280014,0.06915485858917236,0.07273611426353455,0.0760965645313263,0.07905901223421097,0.08279714733362198,0.09032606333494186,0.09229018539190292,0.09117825329303741,0.09505288302898407,0.09797699004411697,0.10066330432891846,0.10383304953575134,0.10795826464891434,0.1092018112540245
0.0353684239089489,0.037902817130088806,0.038744617253541946,0.03842620179057121,0.03956193849444389,0.039965808391571045,0.040298353880643845,0.041222020983695984,0.04190332815051079,0.042708612978458405,0.043080415576696396,0.0425698421895504,0.0434393435716629,0.04540599137544632,0.046740468591451645,0.04731935262680054,0.049028538167476654,0.051377393305301666,0.05311306565999985,0.054975271224975586,0.05654388666152954,0.0576341338455677,0.058668095618486404,0.060201287269592285,0.06272787600755692,0.06632468849420547,0.07082074135541916,0.07848023623228073,0.08349311351776123,0.08552379161119461,0.08913005143404007,0.09140074253082275,0.09411840885877609,0.09718748182058334,0.09794625639915466,0.09827876836061478,0.10261761397123337,0.10605443269014359,0.10677315294742584,0.10804914683103561,0.10908477008342743,0.11090384423732758
0.03993484377861023,0.04084377363324165,0.04197843745350838,0.04318955913186073,0.044202376157045364,0.044823382049798965,0.044791191816329956,0.04507901147007942,0.04568420723080635,0.04648403450846672,0.04696322977542877,0.04691554233431816,0.04834951460361481,0.050441231578588486,0.05232385918498039,0.053744830191135406,0.05507494509220123,0.05676737055182457,0.05922066792845726,0.06188078597187996,0.06411296129226685,0.06766799092292786,0.0693926215171814,0.06824874132871628,0.07173638790845871,0.0802251398563385,0.08511663228273392,0.08777399361133575,0.09190063178539276,0.0947720855474472,0.09599661827087402,0.09691260010004044,0.09830882400274277,0.10073822736740112,0.1054622009396553,0.10787775367498398,0.10846912115812302,0.11060226708650589,0.11179213970899582,0.11182969808578491,0.11177852749824524,0.11337234824895859
0.041871778666973114,0.043232399970293045,0.045276422053575516,0.047325801104307175,0.04831163212656975,0.04872341826558113,0.04900225251913071,0.048949647694826126,0.048738207668066025,0.04925760626792908,0.05002465471625328,0.05087290331721306,0.05266037583351135,0.054843124002218246,0.05723728612065315,0.059385303407907486,0.06165042892098427,0.06454630941152573,0.06720876693725586,0.069793701171875,0.07416656613349915,0.07637929171323776,0.0768667683005333,0.07960164546966553,0.08287306874990463,0.08755718916654587,0.09259563684463501,0.09558916091918945,0.09720633924007416,0.09774905443191528,0.09846960753202438,0.10153462737798691,0.10266696661710739,0.10326380282640457,0.10628388822078705,0.10891502350568771,0.1112266480922699,0.11282891035079956,0.11291493475437164,0.11216545850038528,0.11271790415048599,0.11551760882139206
0.04345410317182541,0.04622699320316315,0.0492638535797596,0.051520295441150665,0.05260753631591797,0.052615098655223846,0.05252569541335106,0.05212079733610153,0.05151674896478653,0.05204962193965912,0.05360997095704079,0.055376097559928894,0.05737011879682541,0.060065362602472305,0.06321447342634201,0.06661714613437653,0.07048235833644867,0.07563704997301102,0.07744959741830826,0.07696330547332764,0.07860783487558365,0.08061622083187103,0.08323783427476883,0.08631350845098495,0.08925718814134598,0.09301241487264633,0.09712369740009308,0.09979961812496185,0.10334385931491852,0.10365726798772812,0.10100245475769043,0.1007213369011879,0.10136110335588455,0.10337347537279129,0.10671970248222351,0.1097700223326683,0.11160316318273544,0.11352469772100449,0.11621042340993881,0.1159062311053276,0.11449997127056122,0.11356011778116226
0.04588516429066658,0.05190296098589897,0.055409807711839676,0.05708981677889824,0.05740964040160179,0.05641002580523491,0.055685918778181076,0.05519368499517441,0.05568723380565643,0.05774329602718353,0.062110528349876404,0.06432036310434341,0.06446418166160583,0.06700565665960312,0.07033316045999527,0.07369500398635864,0.07701271772384644,0.07974690198898315,0.08121602237224579,0.08188188076019287,0.08308842778205872,0.08517692238092422,0.08838394284248352,0.09215783327817917,0.09476683288812637,0.09821584820747375,0.1047263890504837,0.10776951909065247,0.10677747428417206,0.10501465946435928,0.10195367783308029,0.10079275816679001,0.10142098367214203,0.10342445224523544,0.10818631201982498,0.11456681787967682,0.11640042066574097,0.11519837379455566,0.11565230041742325,0.11541818082332611,0.11562136560678482,0.11746643483638763
0.05197341740131378,0.056835275143384933,0.060160037130117416,0.0650186762213707,0.06471240520477295,0.059987228363752365,0.06093950569629669,0.06247270852327347,0.06335096806287766,0.06591493636369705,0.06830637156963348,0.06962119042873383,0.07114242762327194,0.07343364506959915,0.0761406421661377,0.07895567268133163,0.0814136490225792,0.08322390913963318,0.08440344780683517,0.08535697311162949,0.08723384141921997,0.0903954952955246,0.09431325644254684,0.10007815808057785,0.10380469262599945,0.10611660033464432,0.11028511077165604,0.11248499900102615,0.1119731068611145,0.10956646502017975,0.10698354989290237,0.107723668217659,0.10858254134654999,0.10962054133415222,0.11347770690917969,0.11658219993114471,0.11734361201524734,0.1166243776679039,0.11543958634138107,0.11037234961986542,0.1018509790301323,0.09902271628379822
0.06403964757919312,0.06691902130842209,0.06969030201435089,0.07210706919431686,0.06992239505052567,0.06541762501001358,0.06609315425157547,0.06712710857391357,0.06917256116867065,0.07165447622537613,0.07332511246204376,0.07459759712219238,0.07636245340108871,0.07839430868625641,0.08042825758457184,0.08234614878892899,0.08374080061912537,0.08471857011318207,0.08638827502727509,0.09002169221639633,0.09694483131170273,0.10070616006851196,0.10150426626205444,0.10487687587738037,0.10823039710521698,0.11159338802099228,0.11475169658660889,0.11616538465023041,0.11529618501663208,0.114555224776268,0.11318633705377579,0.11210236698389053,0.11313401162624359,0.11472086608409882,0.1172223687171936,0.11885183304548264,0.11831645667552948,0.1167740747332573,0.11304697394371033,0.10310009121894836,0.09610912203788757,0.09498446434736252
0.07207480818033218,0.07640286535024643,0.07752963900566101,0.0780770480632782,0.0735929012298584,0.06866059452295303,0.06931396573781967,0.06971491873264313,0.07168833911418915,0.0736580342054367,0.07526566833257675,0.07675214111804962,0.07859402894973755,0.0807487815618515,0.08262650668621063,0.08462010324001312,0.08817842602729797,0.08932951837778091,0.08968854695558548,0.09355274587869644,0.09785450994968414,0.10142971575260162,0.10447929054498672,0.10719333589076996,0.10975640267133713,0.11316855996847153,0.11627309769392014,0.11717453598976135,0.11810620129108429,0.1174294725060463,0.11486466228961945,0.11453117430210114,0.11494970321655273,0.11551383137702942,0.1163443922996521,0.11635322123765945,0.11571384221315384,0.11456286907196045,0.11035367101430893,0.1009141057729721,0.09448161721229553,0.09361645579338074
0.08055643737316132,0.08371052145957947,0.08301375806331635,0.08157384395599365,0.07544177025556564,0.07008109986782074,0.07077120989561081,0.07009495049715042,0.0712788999080658,0.07393267005681992,0.07830794155597687,0.08084680140018463,0.08185660094022751,0.08369150757789612,0.08462471514940262,0.0853327214717865,0.08638321608304977,0.08775582909584045,0.09046448022127151,0.0941612720489502,0.09755577147006989,0.10072772949934006,0.10385943949222565,0.1067008227109909,0.10948304831981659,0.11246330291032791,0.11525908857584,0.11873065680265427,0.12003874033689499,0.1180773600935936,0.11597410589456558,0.11513976007699966,0.11458498239517212,0.11347067356109619,0.11306914687156677,0.1131410300731659,0.11327163875102997,0.11121313273906708,0.10406714677810669,0.09707928448915482,0.09566265344619751,0.10042903572320938
0.08944779634475708,0.08717042952775955,0.08668828010559082,0.08035861700773239,0.0706772580742836,0.06663377583026886,0.06641696393489838,0.06910237669944763,0.07385635375976562,0.07742389291524887,0.07913386821746826,0.08141107857227325,0.08308900892734528,0.08396144211292267,0.0837857723236084,0.08395430445671082,0.08595313876867294,0.0886470228433609,0.09221796691417694,0.09816405177116394,0.10163139551877975,0.10277145355939865,0.1052786111831665,0.10712940990924835,0.10787384957075119,0.11143102496862411,0.11752631515264511,0.12391847372055054,0.12538932263851166,0.11841895431280136,0.11216479539871216,0.1129535362124443,0.11633322387933731,0.1154768094420433,0.11326229572296143,0.11281086504459381,0.11279338598251343,0.11255089938640594,0.10935688018798828,0.1065126433968544,0.11034150421619415,0.11416850984096527
0.09382586926221848,0.09081725776195526,0.08266569674015045,0.07238277047872543,0.06363668292760849,0.060845471918582916,0.06488125771284103,0.07189581543207169,0.07624929398298264,0.07989531010389328,0.08267375826835632,0.08454063534736633,0.08560024946928024,0.0859098806977272,0.08584944903850555,0.08752845227718353,0.09333649277687073,0.0977095440030098,0.09964453428983688,0.10257478058338165,0.1047494187951088,0.10669200867414474,0.10858308523893356,0.10999719053506851,0.11129153519868851,0.1147850826382637,0.12137995660305023,0.12789297103881836,0.12681463360786438,0.1111203134059906,0.09607622772455215,0.10234513878822327,0.1136532798409462,0.11461612582206726,0.11330115795135498,0.11306998133659363,0.11307716369628906,0.1135241910815239,0.11620339006185532,0.12074637413024902,0.1221838966012001,0.11871843039989471
