dougfraga/big_1.json
{"header": {"parameterUnit": "m.s-1", "parameterNumber": 2, "dx": 0.016666000000000736, "dy": 0.016666000000000736, "parameterNumberName": "Eastward current", "la1": -22.891645999999998, "la2": -24.0416, "parameterCategory": 2, "lo2": -43.225054, "nx": 95, "ny": 70, "refTime": "2022-12-18 01:00:00", "lo1": -44.79166}, "data":
[rows 38 to 56 of 70, columns 0 to 41 of 95]
0.07849114388227463,0.0782548189163208,0.07733530551195145,0.075022853910923,0.07038123905658722,0.06327308714389801,0.05539674311876297,0.046505942940711975,0.038848862051963806,0.03609447926282883,0.03528415411710739,0.03451383858919144,0.03447827696800232,0.03488272428512573,0.03515825420618057,0.03560962900519371,0.03623916581273079,0.04184311255812645,0.04802051559090614,0.048719413578510284,0.049108028411865234,0.05145091563463211,0.04969111457467079,0.0432472787797451,0.041440557688474655,0.042702049016952515,0.04642093554139137,0.05210260674357414,0.05597281455993652,0.05781398341059685,0.05518726631999016,0.04836069047451019,0.040770772844552994,0.03821574151515961,0.03821313753724098,0.03889960050582886,0.04705347493290901,0.06141132116317749,0.07630655169487,0.07931359112262726,0.07935275882482529,0.08049199730157852
0.07426667958498001,0.07397257536649704,0.07350543141365051,0.0723368301987648,0.06923023611307144,0.06371615082025528,0.05416562035679817,0.04329898953437805,0.03643541410565376,0.03346673771739006,0.03303426876664162,0.03434033691883087,0.03718506544828415,0.03954148665070534,0.03896338865160942,0.03777119889855385,0.038457684218883514,0.04539261758327484,0.05033651366829872,0.05077044665813446,0.05014177784323692,0.04644644632935524,0.04372914880514145,0.04090705141425133,0.038352496922016144,0.037828974425792694,0.04792005941271782,0.0572824627161026,0.058844566345214844,0.060270391404628754,0.05574723705649376,0.04754489287734032,0.04086226224899292,0.03942989557981491,0.04549366608262062,0.052079685032367706,0.065601646900177,0.08595546334981918,0.09019630402326584,0.08284708857536316,0.07885389775037766,0.07791560143232346
0.07058051228523254,0.07003835588693619,0.07012093812227249,0.07064401358366013,0.06896418333053589,0.06410150229930878,0.0536542646586895,0.041295044124126434,0.03416060283780098,0.030228955671191216,0.033911626785993576,0.03727315366268158,0.03819109499454498,0.04551946371793747,0.04513020068407059,0.039991360157728195,0.040792591869831085,0.047593507915735245,0.05051359161734581,0.049422502517700195,0.04726908355951309,0.04168640822172165,0.03748522326350212,0.03586418926715851,0.03706856444478035,0.03950808197259903,0.05080949515104294,0.058763228356838226,0.06358113139867783,0.06499800831079483,0.055841464549303055,0.04791587218642235,0.04320700839161873,0.04543120414018631,0.05868346244096756,0.07600672543048859,0.08852043002843857,0.09438808262348175,0.09005105495452881,0.08370538800954819,0.0791945680975914,0.07267098873853683
0.0645742267370224,0.0646442398428917,0.06623091548681259,0.06882231682538986,0.06878015398979187,0.06436863541603088,0.05379448086023331,0.041402094066143036,0.035611651837825775,0.036640264093875885,0.03627237305045128,0.03940572589635849,0.04787299036979675,0.050210628658533096,0.04726237431168556,0.044738493859767914,0.045302458107471466,0.050647664815187454,0.051978062838315964,0.04927225410938263,0.04512972757220268,0.03654278814792633,0.03218179941177368,0.03557513281702995,0.04153112322092056,0.046408142894506454,0.05791059136390686,0.06624513119459152,0.06666753441095352,0.06415706872940063,0.05965845286846161,0.0534743033349514,0.04851553589105606,0.05333620309829712,0.0695972889661789,0.08730776607990265,0.09679786115884781,0.09594307094812393,0.09021453559398651,0.08407630026340485,0.07578442990779877,0.06886745244264603
0.0604819729924202,0.06025607883930206,0.06202665716409683,0.0672832578420639,0.07048436254262924,0.06523865461349487,0.05448947474360466,0.04434662684798241,0.039763327687978745,0.04216289892792702,0.046811360865831375,0.05024859309196472,0.052446216344833374,0.05324089154601097,0.05187512934207916,0.05020957440137863,0.0503450408577919,0.055379562079906464,0.055569373071193695,0.050812654197216034,0.04467914253473282,0.036446407437324524,0.0368301197886467,0.04131093621253967,0.05082140862941742,0.06133563444018364,0.06484479457139969,0.06844480335712433,0.0714169293642044,0.06950931251049042,0.06542323529720306,0.05760619044303894,0.05317860469222069,0.06364687532186508,0.08089294284582138,0.09392726421356201,0.09560378640890121,0.09399287402629852,0.09088676422834396,0.08322291076183319,0.07788485288619995,0.0728466734290123
0.05782226100564003,0.05743899568915367,0.058956652879714966,0.06431500613689423,0.06818360835313797,0.06400971114635468,0.05860593542456627,0.051178693771362305,0.04429316520690918,0.046634797006845474,0.0518178828060627,0.05583634227514267,0.057684190571308136,0.05725419521331787,0.055576156824827194,0.054550956934690475,0.05554715543985367,0.060382090508937836,0.05880327895283699,0.052701592445373535,0.04794447496533394,0.0439448282122612,0.04593414440751076,0.05106467753648758,0.06079915910959244,0.06994972378015518,0.07325910031795502,0.0747256726026535,0.07467302680015564,0.07283586263656616,0.07021864503622055,0.06224314868450165,0.05935727804899216,0.07356627285480499,0.08861009031534195,0.09696478396654129,0.09796132892370224,0.09298726916313171,0.0878148227930069,0.08315999060869217,0.07830949872732162,0.07374688237905502
0.056819114834070206,0.05619339644908905,0.05624150484800339,0.05945171043276787,0.06436686217784882,0.06321218609809875,0.06075069680809975,0.05575310066342354,0.04866354912519455,0.05000830441713333,0.05524726212024689,0.059483952820301056,0.06209693104028702,0.06199616938829422,0.06034959480166435,0.06013455241918564,0.060359008610248566,0.05982357636094093,0.05701625719666481,0.053459282964468,0.05273035168647766,0.057107169181108475,0.06079931557178497,0.06412848830223083,0.0703808069229126,0.07432680577039719,0.07475589960813522,0.07638761401176453,0.07875015586614609,0.074709951877594,0.06733521074056625,0.06226583942770958,0.06685426831245422,0.08018674701452255,0.0900866761803627,0.0942191556096077,0.09399424493312836,0.0911172479391098,0.08542916178703308,0.07854334264993668,0.07458963245153427,0.07338284701108932
0.05419498682022095,0.05405495688319206,0.05443432927131653,0.05581066012382507,0.05848689377307892,0.060149792581796646,0.06239211931824684,0.05949931964278221,0.05409891903400421,0.054641854017972946,0.06025495380163193,0.0644773468375206,0.06375938653945923,0.06344858556985855,0.06267359852790833,0.061497967690229416,0.06020123511552811,0.05916972458362579,0.05818188935518265,0.05834227800369263,0.061247315257787704,0.06690888106822968,0.07036595791578293,0.07239806652069092,0.0757109597325325,0.07726209610700607,0.07713468372821808,0.07541957497596741,0.07105172425508499,0.06491231918334961,0.06004976108670235,0.06178934499621391,0.07211042195558548,0.08266976475715637,0.08849761635065079,0.09206851571798325,0.09064038097858429,0.08359389007091522,0.0754305049777031,0.06931455433368683,0.06805562973022461,0.07015805691480637
0.05373523011803627,0.053147587925195694,0.052089761942625046,0.05212375521659851,0.05449491739273071,0.05829579755663872,0.06363774091005325,0.06295610219240189,0.06029921770095825,0.062430787831544876,0.06403503566980362,0.06555555015802383,0.06591106951236725,0.06517799198627472,0.06387688219547272,0.06189059838652611,0.05974767357110977,0.058966100215911865,0.06043131276965141,0.06427614390850067,0.07033140957355499,0.07404817640781403,0.0755271390080452,0.07724728435277939,0.07800785452127457,0.0776873379945755,0.07430052012205124,0.06780359148979187,0.0629928931593895,0.06360384076833725,0.06730920821428299,0.07265191525220871,0.08091405034065247,0.08619049936532974,0.08713459968566895,0.08630550652742386,0.08039586246013641,0.07011629641056061,0.061476875096559525,0.0586051270365715,0.06145516410470009,0.0669298991560936
0.05435250326991081,0.05311327800154686,0.05107910558581352,0.050140757113695145,0.051583852618932724,0.05694304034113884,0.06475815176963806,0.06754281371831894,0.06683412194252014,0.0671805888414383,0.06753396987915039,0.0681455060839653,0.06778130680322647,0.06652320176362991,0.06455859541893005,0.062326859682798386,0.0606614388525486,0.06072793900966644,0.0635966807603836,0.06978338211774826,0.07499010860919952,0.07777118682861328,0.0802375003695488,0.08039022982120514,0.07911999523639679,0.07804928719997406,0.07583572715520859,0.0731247141957283,0.0728340819478035,0.07666780054569244,0.07959937304258347,0.08099859952926636,0.08395078033208847,0.08570326864719391,0.08517096191644669,0.08148802071809769,0.07363661378622055,0.06380733102560043,0.05790233239531517,0.05920141562819481,0.06474818289279938,0.07021065056324005
0.054264433681964874,0.0528729110956192,0.05044448375701904,0.04901422560214996,0.05097629129886627,0.05724305659532547,0.06505057215690613,0.074355348944664,0.07600107789039612,0.07093832641839981,0.0700625479221344,0.07025180011987686,0.06891490519046783,0.06638438999652863,0.06452110409736633,0.06364995986223221,0.06311467289924622,0.06421015411615372,0.06809704750776291,0.07501159608364105,0.07912535220384598,0.08008648455142975,0.0814891904592514,0.08058059960603714,0.07864481210708618,0.07789067924022675,0.07843782752752304,0.07814404368400574,0.07826056331396103,0.08047367632389069,0.08249218016862869,0.08433911949396133,0.08532648533582687,0.08454934507608414,0.08208069950342178,0.07730861008167267,0.07007557153701782,0.061988819390535355,0.05890002101659775,0.0645638182759285,0.07409645617008209,0.07846159487962723
0.05652637034654617,0.05436037853360176,0.05094565823674202,0.049454063177108765,0.05344999581575394,0.06009311601519585,0.06834007799625397,0.07805683463811874,0.07969079166650772,0.07877034693956375,0.07790277898311615,0.07250027358531952,0.06667012721300125,0.062159646302461624,0.0628523975610733,0.06623271107673645,0.06725824624300003,0.06871884316205978,0.07260837405920029,0.08013243228197098,0.08269492536783218,0.08031386882066727,0.07990596443414688,0.0782877653837204,0.07672092318534851,0.07751673460006714,0.07812654227018356,0.0781654566526413,0.07957690954208374,0.0811878964304924,0.08251599222421646,0.08334391564130783,0.08278276026248932,0.08044115453958511,0.07703647017478943,0.07219536602497101,0.06464240700006485,0.060111384838819504,0.06525719910860062,0.07312832027673721,0.07760997116565704,0.07973446696996689
0.057111404836177826,0.055278584361076355,0.05203498527407646,0.051036953926086426,0.055073365569114685,0.06208371743559837,0.07146930694580078,0.08268941193819046,0.08470502495765686,0.08180013298988342,0.07865249365568161,0.07135558128356934,0.0647001564502716,0.061624445021152496,0.06226623058319092,0.06752369552850723,0.0723474994301796,0.07224384695291519,0.07015152275562286,0.0774877592921257,0.08410122990608215,0.08022655546665192,0.07696103304624557,0.0729558989405632,0.06946570426225662,0.06679955124855042,0.06726426631212234,0.07228957116603851,0.07692595571279526,0.07893826812505722,0.07931509613990784,0.07896596938371658,0.07807019352912903,0.07578825205564499,0.07147634774446487,0.06689073145389557,0.06133260950446129,0.05835109204053879,0.0608661025762558,0.0658317431807518,0.07096274942159653,0.07383555918931961
0.05931638181209564,0.05763290077447891,0.054845165461301804,0.0537613108754158,0.05509881675243378,0.061854299157857895,0.07274391502141953,0.08489804714918137,0.0880269780755043,0.08359918743371964,0.07824551314115524,0.06919892877340317,0.06276887655258179,0.061984818428754807,0.06566130369901657,0.07007972151041031,0.0731879398226738,0.07215667515993118,0.07003805041313171,0.0792810469865799,0.08545605838298798,0.07883743941783905,0.07115209847688675,0.06487961858510971,0.06275685131549835,0.06280814856290817,0.06314686685800552,0.0641547441482544,0.06568790227174759,0.068694569170475,0.07326244562864304,0.07698934525251389,0.07927612215280533,0.07784050703048706,0.0740087479352951,0.06932462751865387,0.062199994921684265,0.05878749117255211,0.06009326130151749,0.06228113919496536,0.06417539715766907,0.06542029231786728
0.062381986528635025,0.060833271592855453,0.05798397958278656,0.056358762085437775,0.05809134989976883,0.06264518201351166,0.06922037899494171,0.07864195108413696,0.08493975549936295,0.07951364666223526,0.07014735788106918,0.06516426056623459,0.06380075216293335,0.06552067399024963,0.06895677000284195,0.07356520742177963,0.07647765427827835,0.07486502081155777,0.07240085303783417,0.07182122766971588,0.06891700625419617,0.06684666872024536,0.06551534682512283,0.06383002549409866,0.06431686878204346,0.064572773873806,0.06391286849975586,0.06301333010196686,0.06228281557559967,0.06449491530656815,0.07344642281532288,0.0804516151547432,0.0808144137263298,0.07957349717617035,0.07597607374191284,0.0684322938323021,0.061643749475479126,0.06026401370763779,0.06154872849583626,0.06291789561510086,0.06339775025844574,0.06348798424005508
0.06366518139839172,0.06246621534228325,0.06015363708138466,0.05874807387590408,0.059197429567575455,0.061283230781555176,0.06414739042520523,0.07587805390357971,0.0810365378856659,0.07412488013505936,0.06922018527984619,0.06464574486017227,0.06483952701091766,0.06854559481143951,0.07291699200868607,0.07810178399085999,0.08073975145816803,0.08173734694719315,0.08760447800159454,0.08965633809566498,0.07991742342710495,0.0686953142285347,0.06506098806858063,0.06606752425432205,0.06695351004600525,0.06656455248594284,0.06486504524946213,0.06341404467821121,0.06419353187084198,0.070717953145504,0.07861267030239105,0.08295165002346039,0.08370717614889145,0.0809280127286911,0.07522161304950714,0.06755667924880981,0.06249029189348221,0.06150951236486435,0.062433067709207535,0.06332278996706009,0.0630839392542839,0.06279284507036209
0.0648166835308075,0.06373582780361176,0.06167345494031906,0.06045866012573242,0.06087683513760567,0.0626787543296814,0.06557237356901169,0.0698854997754097,0.07432878017425537,0.07252419739961624,0.06741947680711746,0.06537292897701263,0.06693950295448303,0.07157046347856522,0.07669099420309067,0.0828506201505661,0.0864562913775444,0.08772243559360504,0.09372681379318237,0.09522039443254471,0.0845450758934021,0.07229827344417572,0.06762953102588654,0.06821867823600769,0.06823394447565079,0.06682539731264114,0.06576263159513474,0.06773502379655838,0.06779760867357254,0.06979793310165405,0.07825757563114166,0.08369668573141098,0.08178702741861343,0.07479255646467209,0.06806524842977524,0.0641692653298378,0.06264772266149521,0.062465600669384,0.062352173030376434,0.06241919472813606,0.06298360973596573,0.06406960636377335
0.06575778871774673,0.06458383053541183,0.06233539804816246,0.061179667711257935,0.06260783225297928,0.06449573487043381,0.06513313204050064,0.06553840637207031,0.06550540775060654,0.06485726684331894,0.06480944901704788,0.06656550616025925,0.0707378163933754,0.07656162977218628,0.08198439329862595,0.08559783548116684,0.08308965712785721,0.08500056713819504,0.09274359792470932,0.09160630404949188,0.08063425123691559,0.07089540362358093,0.0689544752240181,0.06890547275543213,0.06871525198221207,0.06990029662847519,0.06879591941833496,0.06594447046518326,0.06526333093643188,0.06620117276906967,0.06857167184352875,0.07042445987462997,0.07018367201089859,0.06772446632385254,0.06480536609888077,0.06321069598197937,0.06271981447935104,0.06252405792474747,0.06249402463436127,0.06413516402244568,0.06778482347726822,0.06760576367378235
0.06582391262054443,0.06463511288166046,0.06254616379737854,0.061682235449552536,0.06411218643188477,0.06514818966388702,0.0618186891078949,0.05926485359668732,0.05882444232702255,0.059954382479190826,0.06268587708473206,0.06751988083124161,0.074535071849823,0.0815420150756836,0.08639323711395264,0.08830609917640686,0.09049315005540848,0.09299395978450775,0.09149843454360962,0.08341152966022491,0.07431326806545258,0.07054147869348526,0.0697128027677536,0.07041356712579727,0.0733105018734932,0.07153191417455673,0.06697848439216614,0.06603149324655533,0.065468929708004,0.06547845900058746,0.06634567677974701,0.06725849956274033,0.06744452565908432,0.06640752404928207,0.0648706927895546,0.06418140232563019,0.06384579837322235,0.0636730045080185,0.06503582745790482,0.06938901543617249,0.06887739896774292,0.0652918666601181
