dougfraga/big_4.json
{"header": {"parameterUnit": "m.s-1", "parameterNumber": 2, "dx": 0.016666000000000736, "dy": 0.016666000000000736, "parameterNumberName": "Eastward current", "la1": -22.891645999999998, "la2": -24.0416, "parameterCategory": 2, "lo2": -43.225054, "nx": 95, "ny": 70, "refTime": "2022-12-18 04:00:00", "lo1": -44.79166}, "data":
[rows 38 to 56 of 70, columns 0 to 41 of 95]
0.08411206305027008,0.0849321037530899,0.08589766919612885,0.08502443134784698,0.08185435831546783,0.07688543945550919,0.07117924839258194,0.063472218811512,0.05625336244702339,0.054447270929813385,0.056454092264175415,0.05967237427830696,0.06252225488424301,0.06397901475429535,0.06430618464946747,0.06445533037185669,0.06490498781204224,0.07019990682601929,0.07486012578010559,0.07366950809955597,0.07326646149158478,0.07564721256494522,0.07385936379432678,0.06737811863422394,0.06588808447122574,0.0672530010342598,0.07015940546989441,0.07492978125810623,0.07856123894453049,0.08027169108390808,0.07737314701080322,0.0698196291923523,0.06082708388566971,0.05765268951654434,0.058806970715522766,0.06384725123643875,0.0772530809044838,0.08836308866739273,0.09426819533109665,0.09207204729318619,0.09221702069044113,0.09502523392438889
0.07986919581890106,0.08065380901098251,0.08212197571992874,0.08230341225862503,0.08022629469633102,0.07586941123008728,0.06769859045743942,0.05802926421165466,0.05193562060594559,0.05070093646645546,0.05390419438481331,0.05918193981051445,0.06440331041812897,0.06727603822946548,0.0663779228925705,0.06491208076477051,0.06570490449666977,0.07255907356739044,0.07599940896034241,0.07489056885242462,0.07390524446964264,0.07029197365045547,0.06728710234165192,0.0639820322394371,0.06194997578859329,0.06250500679016113,0.07174389809370041,0.07935400307178497,0.08048085868358612,0.08112285286188126,0.0753353014588356,0.06640398502349854,0.05877818167209625,0.057748038321733475,0.06603492796421051,0.07594571262598038,0.08949842303991318,0.10394193977117538,0.10256700962781906,0.09304584562778473,0.09013725072145462,0.09159918129444122
0.07610378414392471,0.07666625827550888,0.07886993139982224,0.08083661645650864,0.07982268929481506,0.07544117420911789,0.06565169990062714,0.05409007519483566,0.047708362340927124,0.04619315639138222,0.05396772921085358,0.06084160506725311,0.06427285075187683,0.07208505272865295,0.07026270776987076,0.06466452777385712,0.06608282029628754,0.07303376495838165,0.07484270632266998,0.07281886041164398,0.07052379846572876,0.06434636563062668,0.05910441279411316,0.05693988874554634,0.058983076363801956,0.06276816129684448,0.07367480546236038,0.08031239360570908,0.08508080989122391,0.08521056920289993,0.07355976104736328,0.06419846415519714,0.05812518671154976,0.06038423255085945,0.07467561215162277,0.09164204448461533,0.10322215408086777,0.10755030810832977,0.10086225718259811,0.09395699203014374,0.09037377685308456,0.08491251617670059
0.06983714550733566,0.07108140736818314,0.07513125240802765,0.07942843437194824,0.07957220077514648,0.07508284598588943,0.06478896737098694,0.05275283008813858,0.04783578962087631,0.05107801407575607,0.05446837469935417,0.06151987612247467,0.07188573479652405,0.07374613732099533,0.06967329978942871,0.06683526933193207,0.0678483173251152,0.07345519214868546,0.07373160868883133,0.06999453157186508,0.06564107537269592,0.0566171370446682,0.05127052962779999,0.05423524230718613,0.06107280030846596,0.06709612160921097,0.07901675999164581,0.08657287806272507,0.0866273045539856,0.08357121795415878,0.07717158645391464,0.06884036213159561,0.06178675591945648,0.06618331372737885,0.08416677266359329,0.10197222977876663,0.10992205142974854,0.10789164900779724,0.10132650285959244,0.09542325139045715,0.08781998604536057,0.08103673905134201
0.06557965278625488,0.0664243996143341,0.07082951068878174,0.07861883193254471,0.08203434199094772,0.07593660056591034,0.06510350853204727,0.05505925044417381,0.05086338892579079,0.05485151708126068,0.062323130667209625,0.06873507797718048,0.07289092987775803,0.07398441433906555,0.07209310680627823,0.07001593708992004,0.07019065320491791,0.07515433430671692,0.07413225620985031,0.06786683946847916,0.060846637934446335,0.052019793540239334,0.05128846317529678,0.05632622167468071,0.06877859681844711,0.08011672645807266,0.08344712108373642,0.08766033500432968,0.09070754051208496,0.0882701426744461,0.08312343806028366,0.0749683603644371,0.06985684484243393,0.0782708153128624,0.09495832026004791,0.10779471695423126,0.10863573104143143,0.10679800808429718,0.10371123999357224,0.09604355692863464,0.09004173427820206,0.0841757282614708
0.06285180151462555,0.06336605548858643,0.06731273978948593,0.07582264393568039,0.08067692816257477,0.07563215494155884,0.06969522684812546,0.061512865126132965,0.054180845618247986,0.057525791227817535,0.06490388512611389,0.07131393998861313,0.07502056658267975,0.07534222304821014,0.07352855056524277,0.07204782217741013,0.07274693250656128,0.07721666246652603,0.07427898049354553,0.06699399650096893,0.06156729534268379,0.05668683722615242,0.057579074054956436,0.06254157423973083,0.07429829984903336,0.08518441021442413,0.08956246078014374,0.09237593412399292,0.09298064559698105,0.09115301072597504,0.08872117102146149,0.08183081448078156,0.07789242267608643,0.08884238451719284,0.10299919545650482,0.11170270293951035,0.11219725757837296,0.10735058784484863,0.10237543284893036,0.09661133587360382,0.09007661789655685,0.08389738947153091
0.06205451488494873,0.062250569462776184,0.06418684870004654,0.07036351412534714,0.07738419622182846,0.07580205053091049,0.07220654934644699,0.06576596200466156,0.05769852176308632,0.05986107140779495,0.06688487529754639,0.0731126144528389,0.07752151787281036,0.07831600308418274,0.07662027329206467,0.07581303268671036,0.0753215029835701,0.07415745407342911,0.07034077495336533,0.0659511387348175,0.06494999676942825,0.06876912713050842,0.07130888849496841,0.07418385148048401,0.08173742145299911,0.08757155388593674,0.0900118425488472,0.0938110277056694,0.09751607477664948,0.09387537837028503,0.08728982508182526,0.08418748527765274,0.0865495353937149,0.09479017555713654,0.10409308969974518,0.11005794256925583,0.11067983508110046,0.10740268230438232,0.10039318352937698,0.09176389127969742,0.08580731600522995,0.08257772773504257
0.05874613672494888,0.05958990380167961,0.062128715217113495,0.066028892993927,0.07095678150653839,0.07318465411663055,0.07435232400894165,0.06945277750492096,0.06262999027967453,0.06373968720436096,0.07086930423974991,0.07677780091762543,0.07795128226280212,0.07874739915132523,0.07767173647880554,0.07558054476976395,0.07336419820785522,0.0716053694486618,0.06988616287708282,0.06961683928966522,0.07251965254545212,0.077915258705616,0.08039499074220657,0.08208772540092468,0.08664683997631073,0.0901675596833229,0.09258896857500076,0.09411422163248062,0.093033567070961,0.08782584965229034,0.08350121229887009,0.08570798486471176,0.0909399762749672,0.09631574898958206,0.10289135575294495,0.10896681249141693,0.10834170132875443,0.10070894658565521,0.09106986969709396,0.08285540342330933,0.07913874089717865,0.07878043502569199
0.058265119791030884,0.05842680484056473,0.0592513345181942,0.06171815097332001,0.06649199873209,0.07142256945371628,0.07606600224971771,0.0732627660036087,0.068909652531147,0.0703892633318901,0.0725138783454895,0.07642967253923416,0.07945066690444946,0.07986720651388168,0.0779462605714798,0.0746632069349289,0.07140271365642548,0.06994625180959702,0.07101865857839584,0.07464513927698135,0.08076971024274826,0.08438249677419662,0.0852922573685646,0.08708483725786209,0.08923482894897461,0.09101320803165436,0.09117560088634491,0.08999167382717133,0.0879913792014122,0.08658846467733383,0.08645300567150116,0.08879351615905762,0.09491614997386932,0.09911949932575226,0.1015772819519043,0.10353530198335648,0.09990755468606949,0.08861307799816132,0.07255356758832932,0.06702488660812378,0.07277902960777283,0.07672475278377533
0.05853298678994179,0.058031100779771805,0.057703837752342224,0.05895223096013069,0.06286464631557465,0.06996482610702515,0.07794497907161713,0.0788579136133194,0.07587577402591705,0.0743635967373848,0.07431980222463608,0.07738307863473892,0.0798606425523758,0.0798298567533493,0.07735279947519302,0.07375375181436539,0.07083196192979813,0.07039503008127213,0.07326577603816986,0.07891950011253357,0.08340706676244736,0.08633051812648773,0.08937045186758041,0.09023363888263702,0.09037917107343674,0.09125572443008423,0.09056653827428818,0.08852726966142654,0.08819682896137238,0.09116393327713013,0.09286259859800339,0.0937514677643776,0.09698687493801117,0.09958326816558838,0.10039807111024857,0.0983492061495781,0.09065660834312439,0.07591892033815384,0.06669994443655014,0.07031670957803726,0.07613734155893326,0.07924606651067734
0.058303799480199814,0.05759323015809059,0.05660783872008324,0.05723440647125244,0.06149062514305115,0.06974323093891144,0.07912608981132507,0.08809331804513931,0.08717167377471924,0.07835754007101059,0.07550635933876038,0.07718609273433685,0.0782456174492836,0.07741167396306992,0.0756659135222435,0.07358494400978088,0.07178863883018494,0.07186853885650635,0.07524184882640839,0.08172368258237839,0.08519446849822998,0.08653982728719711,0.0894516259431839,0.08997765928506851,0.08956843614578247,0.09025698155164719,0.09109951555728912,0.09024979174137115,0.08989491313695908,0.09184014797210693,0.0936257541179657,0.09617945551872253,0.09892423450946808,0.0994855985045433,0.0975474864244461,0.09313510358333588,0.08697523921728134,0.08122391253709793,0.07963917404413223,0.0813107043504715,0.08422970771789551,0.08534718304872513
0.06036606803536415,0.05873265489935875,0.05662300065159798,0.0572843961417675,0.06373720616102219,0.07247138768434525,0.0827503502368927,0.09339200705289841,0.09384289383888245,0.08901289850473404,0.08346588909626007,0.07698597013950348,0.07286244630813599,0.07033444941043854,0.07217308133840561,0.07500969618558884,0.07467113435268402,0.07494749873876572,0.07879296690225601,0.08610453456640244,0.08745458722114563,0.08489149063825607,0.08618620783090591,0.08732781559228897,0.08808427304029465,0.0896853357553482,0.09002005308866501,0.08942633122205734,0.09008526802062988,0.09135439991950989,0.09285523742437363,0.09491317719221115,0.09638851881027222,0.09548106789588928,0.09225580096244812,0.08868563175201416,0.08668913692235947,0.08554607629776001,0.08567667752504349,0.08621236681938171,0.08685839176177979,0.08728759735822678
0.06064043194055557,0.059123314917087555,0.057022575289011,0.05804593116044998,0.06520906835794449,0.07484447956085205,0.08592298626899719,0.0979539006948471,0.09897862374782562,0.09301843494176865,0.0848579853773117,0.0748613178730011,0.0691811814904213,0.0677417516708374,0.06929603219032288,0.07421310245990753,0.07751390337944031,0.07805757224559784,0.08318887650966644,0.09173660725355148,0.09099641442298889,0.08453919738531113,0.0833275094628334,0.084169901907444,0.08725462853908539,0.08836016058921814,0.08748936653137207,0.08794126659631729,0.08893968164920807,0.09039679914712906,0.09076452255249023,0.09045307338237762,0.09035515040159225,0.08982701599597931,0.08919081836938858,0.09015096724033356,0.08890701085329056,0.08610653877258301,0.08463885635137558,0.08363968133926392,0.08499709516763687,0.08601672202348709
0.06257793307304382,0.061102572828531265,0.05923091247677803,0.05991140753030777,0.0640648677945137,0.0740310475230217,0.08718719333410263,0.09973739087581635,0.10099878162145615,0.09316466748714447,0.08343244343996048,0.07183455675840378,0.0661599412560463,0.06684011220932007,0.07100159674882889,0.07480897009372711,0.07694126665592194,0.07840459793806076,0.08625945448875427,0.09794030338525772,0.09573942422866821,0.08825389295816422,0.0891491025686264,0.08660806715488434,0.0740804374217987,0.06495442241430283,0.06495583057403564,0.06740003079175949,0.0756908729672432,0.08588181436061859,0.0897388607263565,0.09064626693725586,0.09236826747655869,0.09094853699207306,0.08772196620702744,0.08370359241962433,0.07275225222110748,0.062410589307546616,0.06020543724298477,0.06222588196396828,0.06440253555774689,0.06536506861448288
0.06533245742321014,0.0640428364276886,0.06193779408931732,0.06188990920782089,0.0659155398607254,0.07292203605175018,0.08189918845891953,0.09243588149547577,0.09815099835395813,0.08951602876186371,0.0746547058224678,0.06719652563333511,0.06661912798881531,0.0691814124584198,0.07281047105789185,0.07663854956626892,0.0802391991019249,0.08473963290452957,0.09072722494602203,0.09508214890956879,0.09440694004297256,0.09392064809799194,0.08978257328271866,0.07443325966596603,0.06312775611877441,0.06193092092871666,0.0618443489074707,0.06188800558447838,0.063344806432724,0.06912600994110107,0.08319657295942307,0.09351886808872223,0.09358931332826614,0.09178358316421509,0.08789348602294922,0.07789760828018188,0.06528621912002563,0.059088706970214844,0.05870550498366356,0.05952055752277374,0.059739403426647186,0.059741247445344925
0.06690795719623566,0.06593188643455505,0.0641855001449585,0.06375575065612793,0.06577974557876587,0.06955920159816742,0.07448884844779968,0.08789783716201782,0.0919688418507576,0.0808774009346962,0.07113005965948105,0.0654783844947815,0.06733319908380508,0.07145761698484421,0.0751555860042572,0.07968015968799591,0.08422748744487762,0.087559774518013,0.09105456620454788,0.09411898255348206,0.09670913964509964,0.09648323804140091,0.08875877410173416,0.07380302250385284,0.06427676975727081,0.06334438174962997,0.06251418590545654,0.06318976730108261,0.0671917200088501,0.08044470101594925,0.09375008940696716,0.09683225303888321,0.095934197306633,0.09381620585918427,0.08805911988019943,0.07478313893079758,0.06261482834815979,0.05903514102101326,0.05934242904186249,0.059687357395887375,0.05902557447552681,0.05863514915108681
0.06813225895166397,0.06725091487169266,0.06572507321834564,0.06528428941965103,0.06657321006059647,0.06925521790981293,0.07301437854766846,0.07800303399562836,0.08146962523460388,0.07676555216312408,0.06883083283901215,0.06553873419761658,0.06744857877492905,0.07251142710447311,0.07740537077188492,0.08351026475429535,0.0890289917588234,0.09099268168210983,0.09439403563737869,0.0964924693107605,0.09549617767333984,0.09683831036090851,0.09463424235582352,0.08155054599046707,0.06854939460754395,0.0654391273856163,0.068801149725914,0.08594568073749542,0.09946269541978836,0.09705143421888351,0.0962618961930275,0.09713349491357803,0.09621468186378479,0.09199410676956177,0.079374760389328,0.06591108441352844,0.06061768904328346,0.05953148007392883,0.059091195464134216,0.0588502362370491,0.05908682942390442,0.06008760631084442
0.06932010501623154,0.06837049871683121,0.06651395559310913,0.06595513969659805,0.06773333996534348,0.06974931806325912,0.0706973522901535,0.07100433111190796,0.07012657076120377,0.0679316446185112,0.06637773662805557,0.06709685176610947,0.070865698158741,0.07664221525192261,0.0818043202161789,0.08727822452783585,0.09143287688493729,0.0947437658905983,0.09629494696855545,0.0954616591334343,0.09642013907432556,0.09858693927526474,0.09606750309467316,0.08501634001731873,0.07538636773824692,0.08713484555482864,0.10536402463912964,0.10876362025737762,0.1071787029504776,0.10190488398075104,0.08733472228050232,0.07499587535858154,0.07232756167650223,0.07000162452459335,0.06536605209112167,0.06167171522974968,0.0603393130004406,0.05975170433521271,0.05940324813127518,0.060692574828863144,0.06392785906791687,0.0632040798664093
0.06909418106079102,0.06829741597175598,0.06671946495771408,0.06639231741428375,0.06927584856748581,0.06990034878253937,0.0660264641046524,0.06319745630025864,0.062206920236349106,0.06257021427154541,0.06483760476112366,0.06931386142969131,0.07583925127983093,0.08249984681606293,0.08638262003660202,0.08938620984554291,0.09515107423067093,0.0973619744181633,0.09551267325878143,0.09535540640354156,0.09784024953842163,0.10241061449050903,0.1037377193570137,0.09739819169044495,0.09872007369995117,0.10786034166812897,0.10382425785064697,0.08453186601400375,0.07030709832906723,0.06830191612243652,0.0668037012219429,0.06587585061788559,0.06567691266536713,0.06438686698675156,0.06263574212789536,0.06182616576552391,0.061277855187654495,0.06106855720281601,0.06250548362731934,0.06641354411840439,0.06505009531974792,0.06090496852993965
