dougfraga/big_14.json
{"header": {"parameterUnit": "m.s-1", "parameterNumber": 3, "dx": 0.016666000000000736, "dy": 0.016666000000000736, "parameterNumberName": "Northward current", "la1": -22.891645999999998, "la2": -24.0416, "parameterCategory": 2, "lo2": -43.225054, "nx": 95, "ny": 70, "refTime": "2022-12-18 14:00:00", "lo1": -44.79166}, "data":
[rows 18 to 35 of 70, columns 0 to 39 of 95]
0.0,0.0,0.0,0.0,0.0,0.010208209045231342,0.031106019392609596,0.021223368123173714,0.0021705394610762596,-0.0013246424496173859,-0.017033839598298073,-0.016462763771414757,-0.012026362121105194,-0.014582164585590363,-0.014472284354269505,-0.01802818477153778,-0.014730500057339668,-0.01653766632080078,-0.019098561257123947,-0.021945198997855186,-0.0259492639452219,-0.03173394501209259,-0.03896469622850418,-0.04777419939637184,-0.05813637003302574,0.0,0.0,0.0,0.0,-0.010568453930318356,-0.016434799879789352,0.0,0.0,0.0,0.0,0.0,0.0,-0.011022360995411873,-0.017010625451803207,-0.02654058299958706
0.0,0.0,0.0,0.0,0.0,0.019693683832883835,0.025889504700899124,0.012698844075202942,0.0,0.0,-0.009927308186888695,-0.02203776314854622,-0.019647425040602684,-0.0186561681330204,-0.018827958032488823,-0.019890066236257553,-0.019356703385710716,-0.020023174583911896,-0.022017255425453186,-0.025604482740163803,-0.029050515964627266,-0.03410853445529938,-0.03965573385357857,-0.048912253230810165,-0.06122758239507675,-0.02699047513306141,0.0,0.0,-0.009672076441347599,-0.015810620039701462,-0.03054036758840084,-0.023397184908390045,0.0,0.0,-0.02140052616596222,0.0,0.0022198024671524763,-0.008914858102798462,-0.022306786850094795,-0.03800233453512192
0.0,0.0,0.0,0.0,0.0,0.009485474787652493,0.010650526732206345,0.0,0.0,0.0,0.0,-0.017246052622795105,-0.011430080980062485,-0.016238773241639137,-0.017966967076063156,-0.020433371886610985,-0.02487281896173954,-0.0251126941293478,-0.026552483439445496,-0.030252212658524513,-0.03420402109622955,-0.037557367235422134,-0.04095430672168732,-0.0486053004860878,-0.056387659162282944,-0.06300801783800125,0.0,0.0,-0.0030180190224200487,-0.001036010100506246,-0.01784391514956951,-0.03152219206094742,-0.009211039170622826,-0.012075666338205338,-0.036094896495342255,-0.014101988635957241,-0.009653844870626926,-0.013478457927703857,-0.01992504857480526,-0.02615194395184517
0.0,0.0,0.0,0.0,0.0,0.0,0.0,0.0,0.0,0.0,0.0,-0.003735323203727603,-0.00019307626644149423,-0.02219509519636631,-0.020521095022559166,-0.022378310561180115,-0.030352381989359856,-0.032208919525146484,-0.03300591930747032,-0.0363612100481987,-0.038762323558330536,-0.04028462618589401,-0.04087718948721886,-0.04449165239930153,-0.054749973118305206,-0.05831282213330269,-0.012342801317572594,-0.009327535517513752,0.0023960680700838566,0.002691407920792699,-0.00834271777421236,-0.016919495537877083,-0.01588716357946396,-0.02069786936044693,-0.026169100776314735,-0.02731339819729328,-0.0264934953302145,-0.03464363515377045,-0.031880468130111694,-0.02891158126294613
0.0,0.0,0.0,0.0,0.0,0.0,0.0,0.0,0.0,0.0,0.0,0.0,0.0,-0.021997403353452682,-0.020662929862737656,-0.023511158302426338,-0.035254787653684616,-0.04080682620406151,-0.04116867482662201,-0.041105564683675766,-0.038512133061885834,-0.037854619324207306,-0.03717031702399254,-0.03506159782409668,-0.04034118726849556,-0.04119976982474327,-0.02673668973147869,-0.019780665636062622,-0.013204042799770832,-0.0075310911051929,-0.010826243087649345,-0.01721253991127014,-0.015857670456171036,-0.01920979842543602,-0.02401803806424141,-0.027043821290135384,-0.029067525640130043,-0.03385598957538605,-0.031221900135278702,-0.028400182723999023
0.0,0.0,0.0,0.0,0.0,0.0,0.0,0.0,0.0,0.0,0.0,0.0,0.0,-0.006126281339675188,-0.007929432205855846,-0.010600093752145767,-0.04285654425621033,-0.04695044830441475,-0.04832650348544121,-0.04465861618518829,-0.03570212796330452,-0.033748455345630646,-0.034100234508514404,-0.03560063987970352,-0.03583592176437378,-0.034299470484256744,-0.02824564278125763,-0.022697029635310173,-0.020265189930796623,-0.015950025990605354,-0.016075633466243744,-0.01895936019718647,-0.020437369123101234,-0.02250116690993309,-0.025204850360751152,-0.027525652199983597,-0.030047792941331863,-0.030233193188905716,-0.029323019087314606,-0.0291430801153183
0.0,0.0,0.0,0.0,0.0,0.0,0.0,0.0,0.0,0.0,0.0,0.0,0.0,0.0,0.0,0.0,-0.04571708291769028,-0.044898997992277145,-0.044287435710430145,-0.04279658943414688,-0.032351695001125336,-0.030930737033486366,-0.035639628767967224,-0.03992081806063652,-0.03954474255442619,-0.03261847794055939,-0.029042860493063927,-0.025845637544989586,-0.024953410029411316,-0.023166125640273094,-0.02222577854990959,-0.0227703545242548,-0.02329113893210888,-0.024518638849258423,-0.02755093388259411,-0.028554458171129227,-0.029379354789853096,-0.029291948303580284,-0.028780942782759666,-0.027836468070745468
0.0,0.0,0.0,0.0,0.0,0.0,0.0,0.0,0.0,0.0,0.0,0.0,0.0,0.0,0.0,-0.0237214844673872,-0.04577656462788582,-0.03139980509877205,-0.028894200921058655,-0.034760721027851105,-0.031129783019423485,-0.031385019421577454,-0.035024989396333694,-0.03636486455798149,-0.038130249828100204,-0.03480511158704758,-0.03131122887134552,-0.03076735883951187,-0.02721560187637806,-0.026806073263287544,-0.02538326196372509,-0.024558257311582565,-0.024043213576078415,-0.02460484579205513,-0.027708372101187706,-0.027505839243531227,-0.026344045996665955,-0.02647334523499012,-0.026013756170868874,-0.024966510012745857
0.0,0.0,0.0,0.0,0.0,0.0,0.0,0.0,0.0,0.0,0.0,0.0,0.0,0.0,-0.027361290529370308,-0.04529646784067154,-0.046632833778858185,-0.02672300674021244,-0.01928866095840931,-0.02485831268131733,-0.028960421681404114,-0.03169441223144531,-0.03256019577383995,-0.03443119674921036,-0.036033838987350464,-0.03767818957567215,-0.034895673394203186,-0.03239200636744499,-0.027367589995265007,-0.026508908718824387,-0.02528526447713375,-0.02459588274359703,-0.026155075058341026,-0.025160662829875946,-0.02385319210588932,-0.024581095203757286,-0.024553393945097923,-0.02486036904156208,-0.02448754943907261,-0.023482471704483032
0.0,0.0,0.0,0.0,0.0,0.0,0.0,0.0,0.0,0.0,0.0,0.0,0.0,0.0,-0.03744873031973839,-0.04036806523799896,-0.03976805880665779,-0.029547303915023804,-0.015313750132918358,-0.015293065458536148,-0.02026538923382759,-0.02585648000240326,-0.02979229763150215,-0.03431931138038635,-0.035637106746435165,-0.03713143989443779,-0.035899460315704346,-0.031095119193196297,-0.02759072557091713,-0.025479935109615326,-0.026199953630566597,-0.02651260420680046,-0.02711888775229454,-0.025603698566555977,-0.022244686260819435,-0.023302985355257988,-0.023726481944322586,-0.02390267327427864,-0.023401284590363503,-0.022991884499788284
0.0,0.0,0.0,0.0,0.0,-0.003980792127549648,-0.008253862150013447,-0.01605282351374626,-0.023831244558095932,-0.041998814791440964,0.0,0.0,0.0,0.004582115914672613,-0.01920984871685505,-0.029958026483654976,-0.02963624708354473,-0.02410992793738842,-0.012619790621101856,-0.010414263233542442,-0.012825069949030876,-0.017558027058839798,-0.02462375909090042,-0.03119819611310959,-0.03446762636303902,-0.032823964953422546,-0.03281649574637413,-0.03384799882769585,-0.031202930957078934,-0.027832962572574615,-0.024347767233848572,-0.027732741087675095,-0.025807488709688187,-0.02450556866824627,-0.02268528938293457,-0.022658832371234894,-0.022960197180509567,-0.023116478696465492,-0.02427353337407112,-0.024066688492894173
0.0,0.0,0.0,0.0,-0.0017542430432513356,-0.009823134168982506,-0.01603006012737751,-0.029234709218144417,-0.04459875449538231,-0.06916824728250504,-0.01805884577333927,-0.022251445800065994,-0.014215229079127312,-0.008069419302046299,-0.025382306426763535,-0.028697548434138298,-0.029189473018050194,-0.025013091042637825,-0.01634114608168602,-0.008818378672003746,-0.009088201448321342,-0.01006704568862915,-0.014855588786303997,-0.02353725954890251,-0.028703872114419937,-0.03185097128152847,-0.03388095274567604,-0.03477396070957184,-0.03545200452208519,-0.03379015251994133,-0.02902192994952202,-0.026536177843809128,-0.025648657232522964,-0.024405140429735184,-0.02330452762544155,-0.02235325239598751,-0.02202797122299671,-0.023036213591694832,-0.023482944816350937,-0.02294420450925827
-0.02724652737379074,-0.02724652737379074,-0.029244832694530487,-0.0260121189057827,-0.016260629519820213,-0.017900820821523666,-0.021165406331419945,-0.02594955638051033,-0.03553247079253197,-0.04172953590750694,-0.03061499260365963,-0.03365793451666832,-0.024114355444908142,-0.024521995335817337,-0.03099854104220867,-0.034623607993125916,-0.03506852686405182,-0.03149697184562683,-0.023434573784470558,-0.012236963957548141,-0.009147053584456444,-0.006734128575772047,-0.006566531490534544,-0.014316909946501255,-0.020770777016878128,-0.027541082352399826,-0.032856300473213196,-0.035285744816064835,-0.03793198987841606,-0.03766003996133804,-0.03511232137680054,-0.02804131619632244,-0.02664199098944664,-0.025180546566843987,-0.023324061185121536,-0.02183401584625244,-0.022132860496640205,-0.021656673401594162,-0.020202279090881348,-0.019645802676677704
-0.05087459459900856,-0.05087459459900856,-0.055228833109140396,-0.0506012924015522,-0.03553071990609169,-0.031286053359508514,-0.029229437932372093,-0.027711177244782448,-0.030930794775485992,-0.029906637966632843,-0.0248833317309618,-0.02289319969713688,-0.021023087203502655,-0.024259747937321663,-0.029904047027230263,-0.034852005541324615,-0.03824354708194733,-0.03764168545603752,-0.03246299922466278,-0.021105939522385597,-0.013471894897520542,-0.008157731033861637,-0.005125358700752258,0.0008408690337091684,-0.010988234542310238,-0.01889573037624359,-0.026947591453790665,-0.03577977791428566,-0.04008724167943001,-0.040286917239427567,-0.03767283633351326,-0.033687688410282135,-0.029924102127552032,-0.025941237807273865,-0.023457130417227745,-0.022691356018185616,-0.021491218358278275,-0.01958487182855606,-0.018472513183951378,-0.017700674012303352
-0.04676758497953415,-0.04676758497953415,-0.04889869689941406,-0.047319166362285614,-0.04203539714217186,-0.03879782557487488,-0.034693676978349686,-0.03262198716402054,-0.031756531447172165,-0.029986103996634483,-0.02565285563468933,-0.02359534241259098,-0.023692188784480095,-0.027752986177802086,-0.032842762768268585,-0.0377492718398571,-0.041879549622535706,-0.043637197464704514,-0.04224352911114693,-0.036987315863370895,-0.019985483959317207,-0.012495595030486584,-0.007066300604492426,0.003145154332742095,0.0002110325003741309,-0.009511600248515606,-0.021300947293639183,-0.031811077147722244,-0.03904612734913826,-0.04171948507428169,-0.04163216054439545,-0.03835996612906456,-0.034352485090494156,-0.029988933354616165,-0.025776224210858345,-0.02262105606496334,-0.019984865561127663,-0.018903858959674835,-0.017611486837267876,-0.015906741842627525
-0.045044220983982086,-0.045044220983982086,-0.044146012514829636,-0.04398281127214432,-0.042407527565956116,-0.03962314873933792,-0.03674963489174843,-0.03429342433810234,-0.030142048373818398,-0.028012145310640335,-0.025695446878671646,-0.024350155144929886,-0.02644997276365757,-0.029532484710216522,-0.034489698708057404,-0.03984702378511429,-0.044415730983018875,-0.0479193739593029,-0.05006673187017441,-0.04918719083070755,-0.038122255355119705,-0.025528402999043465,-0.011602463200688362,-0.0030588428489863873,0.007678659167140722,-0.0017055750358849764,-0.014168028719723225,-0.025457926094532013,-0.034564558416604996,-0.03930312395095825,-0.04024149104952812,-0.039146341383457184,-0.036495767533779144,-0.033048998564481735,-0.027180440723896027,-0.021464619785547256,-0.019178658723831177,-0.018670018762350082,-0.017420826479792595,-0.016971902921795845
-0.04241165146231651,-0.04241165146231651,-0.042070817202329636,-0.04112659767270088,-0.04044399410486221,-0.038602374494075775,-0.035296693444252014,-0.032627444714307785,-0.02899019978940487,-0.026050472632050514,-0.024523627012968063,-0.02567349374294281,-0.02658107504248619,-0.028152527287602425,-0.03343716263771057,-0.03943951427936554,-0.044729795306921005,-0.049703199416399,-0.05430387705564499,-0.05514422059059143,-0.053206171840429306,-0.03936922922730446,-0.020918752998113632,-0.009406656958162785,0.0007195843500085175,0.0014433518517762423,-0.007699888665229082,-0.018447285518050194,-0.02795681729912758,-0.0346166156232357,-0.037951745092868805,-0.038022853434085846,-0.03578165918588638,-0.031578272581100464,-0.026358870789408684,-0.021078385412693024,-0.017528371885418892,-0.0183622557669878,-0.020017055794596672,-0.020238101482391357
-0.038335930556058884,-0.038335930556058884,-0.03833041340112686,-0.03748062998056412,-0.03660833463072777,-0.03549855947494507,-0.033553894609212875,-0.03086414933204651,-0.028004486113786697,-0.02534940280020237,-0.025174014270305634,-0.024793675169348717,-0.024984996765851974,-0.028037307783961296,-0.03277164325118065,-0.037932734936475754,-0.04283502697944641,-0.04790429398417473,-0.0522892102599144,-0.054661136120557785,-0.05003226548433304,-0.04147449508309364,-0.03025968186557293,-0.0194562878459692,-0.009217948652803898,-0.0012605097144842148,-0.0072786156088113785,-0.013524669222533703,-0.022087249904870987,-0.02949237823486328,-0.034873414784669876,-0.036767054349184036,-0.035426344722509384,-0.03173919767141342,-0.02626853808760643,-0.0201710257679224,-0.01778259500861168,-0.017744695767760277,-0.02101876214146614,-0.022690555080771446
