dougfraga/big_12.json
{"header": {"parameterUnit": "m.s-1", "parameterNumber": 3, "dx": 0.016666000000000736, "dy": 0.016666000000000736, "parameterNumberName": "Northward current", "la1": -22.891645999999998, "la2": -24.0416, "parameterCategory": 2, "lo2": -43.225054, "nx": 95, "ny": 70, "refTime": "2022-12-18 12:00:00", "lo1": -44.79166}, "data":
[rows 36 to 53 of 70, columns 41 to 81 of 95]
0.00134192849509418,0.008003144524991512,0.014203721657395363,0.021557951346039772,0.020985625684261322,0.016479717567563057,-0.0014766536187380552,-0.009405744262039661,-0.013031096197664738,-0.012666729278862476,-0.011507045477628708,-0.008983349427580833,-0.004829451907426119,-0.0018722866661846638,0.0004456078459043056,0.0017208667704835534,0.002563449554145336,0.004147547762840986,0.0049740043468773365,0.006820358335971832,0.009238072670996189,0.011322248727083206,0.01300304289907217,0.015571903437376022,0.01973896473646164,0.026096271350979805,0.03450484946370125,0.04067995771765709,0.04386088624596596,0.04508843645453453,0.043709173798561096,0.03976577892899513,0.036829639226198196,0.03275878354907036,0.029038047417998314,0.026865892112255096,0.026303507387638092,0.027220625430345535,0.029780399054288864,0.03408312425017357,0.04038666561245918
0.0014173653908073902,0.012493791058659554,0.021262725815176964,0.025487864390015602,0.02405257150530815,0.016422297805547714,0.0009589515975676477,-0.008075007237493992,-0.011227469891309738,-0.01046051923185587,-0.007978715933859348,-0.0058321296237409115,-0.003118552267551422,-0.00041832582792267203,0.0017618103884160519,0.002845074748620391,0.0018756004283204675,0.0033381942193955183,0.005042111501097679,0.006325067486613989,0.008459800854325294,0.012113968841731548,0.013747128657996655,0.015695475041866302,0.018599091097712517,0.02285981923341751,0.029508935287594795,0.0411788709461689,0.04898680001497269,0.055320724844932556,0.049391478300094604,0.04353808984160423,0.03889186680316925,0.03575044125318527,0.03334948047995567,0.030221281573176384,0.028370745480060577,0.02855769917368889,0.030072705820202827,0.03355720639228821,0.03610468655824661
0.009021352976560593,0.01612882688641548,0.024190029129385948,0.024377210065722466,0.018810875713825226,0.009553633630275726,0.0007449290133081377,-0.004936376120895147,-0.006048671901226044,-0.0054643163457512856,-0.003772561438381672,-0.0015804042341187596,0.0011556019308045506,0.0035946443676948547,0.004013681784272194,0.004609385505318642,0.004150825086981058,0.004969375673681498,0.007787546142935753,0.009049961343407631,0.010376838967204094,0.011658616364002228,0.012559236027300358,0.01350436545908451,0.014738667756319046,0.01710250973701477,0.021781841292977333,0.030635055154561996,0.04097536578774452,0.05092337727546692,0.05363475903868675,0.0508556105196476,0.04441342502832413,0.04256848990917206,0.03913448378443718,0.03572291135787964,0.03362591192126274,0.033053115010261536,0.03454716131091118,0.03751937299966812,0.041865792125463486
0.01564974896609783,0.0207405723631382,0.021339166909456253,0.018055660650134087,0.012861070223152637,0.005530377849936485,0.0009811586933210492,-0.0007499698549509048,-0.0008016560459509492,-0.0002707244420889765,0.0017408126732334495,0.004305428359657526,0.005826327484101057,0.007527708541601896,0.008208607323467731,0.008174930699169636,0.00872828159481287,0.00858225766569376,0.009173179976642132,0.009190356358885765,0.00921349786221981,0.009109855629503727,0.009297198615968227,0.00967563595622778,0.010051978752017021,0.011069731786847115,0.01248009130358696,0.014544367790222168,0.023485232144594193,0.03653040528297424,0.0511041060090065,0.0504206046462059,0.04982389882206917,0.047072287648916245,0.043545156717300415,0.04063066467642784,0.03826406970620155,0.037773218005895615,0.03983798623085022,0.041825782507658005,0.046869486570358276
0.015913518145680428,0.019778676331043243,0.016669271513819695,0.012481274083256721,0.008598240092396736,0.004200836177915335,0.0023734993301331997,0.00200867117382586,0.002544550457969308,0.004144384525716305,0.0070674535818398,0.009185710921883583,0.010656964965164661,0.011619554832577705,0.013103731907904148,0.012301378883421421,0.01078505627810955,0.009427214041352272,0.009219436906278133,0.009134593419730663,0.008421548642218113,0.00745111471042037,0.007938314229249954,0.00913100317120552,0.009489648044109344,0.007914237678050995,0.008984212763607502,0.011877089738845825,0.018040981143712997,0.028158796951174736,0.03951295092701912,0.04369122534990311,0.04870441555976868,0.04680439457297325,0.04377332329750061,0.04092678055167198,0.038454752415418625,0.03885916993021965,0.04024318978190422,0.043319523334503174,0.0495169535279274
0.014922882430255413,0.013787114061415195,0.011231993325054646,0.008671095594763756,0.007378404028713703,0.004801422357559204,0.002541842171922326,0.002520765410736203,0.0037750445771962404,0.0061982120387256145,0.008894267491996288,0.012240664102137089,0.014994023367762566,0.015369546599686146,0.01475706696510315,0.013041367754340172,0.011254788376390934,0.010686375200748444,0.011585507541894913,0.011622196063399315,0.010251159779727459,0.009381654672324657,0.007758029270917177,0.007437075488269329,0.008040321990847588,0.008203022181987762,0.009219381026923656,0.01166196633130312,0.01568661257624626,0.021387197077274323,0.02954544499516487,0.037922684103250504,0.04206458479166031,0.04038742929697037,0.03815368190407753,0.03703821823000908,0.03783411160111427,0.03632263466715813,0.03289136290550232,0.04144292324781418,0.0481264591217041
0.013289270922541618,0.01046823151409626,0.009310347028076649,0.007777110207825899,0.006451940163969994,0.004418250638991594,0.0019466700032353401,0.00142591109033674,0.0012476706178858876,0.0035417242906987667,0.00787555892020464,0.012688095681369305,0.015207689255475998,0.015229097567498684,0.013982138596475124,0.012399187311530113,0.012027096003293991,0.013378859497606754,0.014590729959309101,0.014000211842358112,0.013178707100450993,0.011499542742967606,0.00978798232972622,0.008210529573261738,0.00894341990351677,0.012016168795526028,0.013749946840107441,0.01626707799732685,0.020412499085068703,0.02414287067949772,0.02919231913983822,0.03140426054596901,0.03327036648988724,0.03361092507839203,0.0339806042611599,0.03685091435909271,0.04048086330294609,0.034278448671102524,0.02499723993241787,0.04415934532880783,0.048496782779693604
0.013265760615468025,0.010772409848868847,0.009248193353414536,0.007941728457808495,0.00671995198354125,0.004261617548763752,-1.645521115278825e-05,-0.0010181714314967394,-0.0005091903149150312,0.0017832849407568574,0.006971482187509537,0.010637037456035614,0.012838520109653473,0.013419139198958874,0.013322794809937477,0.013534672558307648,0.013993978500366211,0.015493846498429775,0.016148226335644722,0.017006073147058487,0.016280310228466988,0.015379826538264751,0.01552077941596508,0.015092228539288044,0.015875129029154778,0.017802497372031212,0.020088892430067062,0.022778797894716263,0.026248037815093994,0.026980793103575706,0.02902764081954956,0.028381546959280968,0.02870745211839676,0.03142748028039932,0.034479863941669464,0.038757920265197754,0.03517616167664528,0.02478845603764057,0.01696469821035862,0.04643326252698898,0.050770822912454605
0.012063335627317429,0.010750548914074898,0.00960850715637207,0.008398821577429771,0.005321257747709751,0.001958704087883234,-0.0011439202353358269,-0.001960407942533493,0.00018135455320589244,0.0026033108588308096,0.005810149945318699,0.008646423928439617,0.010646190494298935,0.012082608416676521,0.013994574546813965,0.017711445689201355,0.024050790816545486,0.019136888906359673,0.020323045551776886,0.020127763971686363,0.019826820120215416,0.020207036286592484,0.019861038774251938,0.01999705284833908,0.02100113034248352,0.02313234657049179,0.02555624395608902,0.027820484712719917,0.02902926318347454,0.028338773176074028,0.027646327391266823,0.02792922779917717,0.030250675976276398,0.03268681466579437,0.0348060168325901,0.029963279142975807,0.010312135331332684,0.00045790188596583903,-0.0007421973277814686,0.035737939178943634,0.047353409230709076
0.007440679240971804,0.007471603807061911,0.0074753668159246445,0.005512861534953117,0.0025965182576328516,-0.00027647841488942504,-0.0010062407236546278,-0.0012937677092850208,-0.00019699851691257209,0.0019098289776593447,0.004527893383055925,0.0069800736382603645,0.009237678721547127,0.011307225562632084,0.01410845760256052,0.016560066491365433,0.020003078505396843,0.02368147298693657,0.02474690042436123,0.02451936900615692,0.02398938313126564,0.0224384106695652,0.021740971133112907,0.021257679909467697,0.021103626117110252,0.02260390669107437,0.024886397644877434,0.026192551478743553,0.026019124314188957,0.027782000601291656,0.02885904721915722,0.030763722956180573,0.029807928949594498,0.027785245329141617,0.025291807949543,0.005587332881987095,-0.013058938086032867,-0.01673727296292782,-0.015450462698936462,0.015781765803694725,0.04178565740585327
0.0015370585024356842,0.0028524789959192276,0.002503662370145321,0.001939598936587572,0.0012407086323946714,-0.0006382850115187466,-0.0021224527154117823,-0.0019097673939540982,-0.000756622408516705,0.0011237099533900619,0.003339199349284172,0.0054422649554908276,0.007750395685434341,0.01025159191340208,0.013105115853250027,0.013392316177487373,0.014095851220190525,0.026124298572540283,0.029635952785611153,0.031028402969241142,0.028228288516402245,0.02451881766319275,0.022027991712093353,0.018574533984065056,0.016007211059331894,0.01666296273469925,0.020074376836419106,0.023740170523524284,0.026272224262356758,0.02529364638030529,0.02675182931125164,0.02679014764726162,0.015235885046422482,0.0060802362859249115,-0.0003449216892477125,-0.015846142545342445,-0.01999446377158165,-0.01894908770918846,-0.018941447138786316,-0.004755133762955666,0.036638181656599045
-0.003481208113953471,-0.0017924909479916096,-0.0007406053482554853,0.0008077049860730767,0.0004897401086054742,-0.00111303199082613,-0.0032025775872170925,-0.0031769208144396544,-0.001874130335636437,0.00011715933214873075,0.0022870718967169523,0.004204729571938515,0.006236714776605368,0.009151390753686428,0.01362659502774477,0.017664046958088875,0.023269569501280785,0.030486755073070526,0.0360359288752079,0.036536604166030884,0.0332416296005249,0.028200117871165276,0.02275671623647213,0.016765709966421127,0.013869508169591427,0.016154460608959198,0.02153446525335312,0.0281760785728693,0.026452625170350075,0.014508797787129879,0.00982022937387228,0.004438393749296665,-0.007672649808228016,-0.015520290471613407,-0.019507309421896935,-0.02200036682188511,-0.02102922461926937,-0.01903507113456726,-0.019932596012949944,-0.018112342804670334,0.02153688855469227
-0.005388872232288122,-0.003540163626894355,-0.0006862745503894985,0.0004417130840010941,0.0004880280757788569,-0.0007683020667172968,-0.0027971873059868813,-0.0029943378176540136,-0.001982946414500475,3.7446476198965684e-05,0.00240310444496572,0.004747462458908558,0.007413302082568407,0.010757483541965485,0.0163409523665905,0.024805819615721703,0.029762908816337585,0.03598712012171745,0.03921658545732498,0.03977096825838089,0.03690209239721298,0.031132467091083527,0.023542683571577072,0.018631255254149437,0.019830742850899696,0.02544180303812027,0.0261496901512146,0.027180852368474007,0.010443221777677536,-0.00468963198363781,-0.010555609129369259,-0.015631472691893578,-0.01927989348769188,-0.020807510241866112,-0.021014101803302765,-0.020998487249016762,-0.020376063883304596,-0.019218873232603073,-0.020717617124319077,-0.02330152690410614,-0.006524236872792244
-0.004320224747061729,-0.0017078975215554237,0.00021192066196817905,0.0011071631452068686,0.0011214431142434478,0.0002894320641644299,-0.0008036578656174242,-0.0006862501613795757,0.00020353056606836617,0.001719329389743507,0.004145884420722723,0.007355435751378536,0.01089446246623993,0.014457615092396736,0.017305107787251472,0.025812050327658653,0.03410722315311432,0.03820626810193062,0.04012548550963402,0.040250640362501144,0.037367768585681915,0.031179705634713173,0.024761496111750603,0.02460644021630287,0.030268004164099693,0.032469265162944794,0.02086677774786949,0.009260225109755993,-0.008841096423566341,-0.01598212495446205,-0.017726952210068703,-0.018762564286589622,-0.018766436725854874,-0.018173063173890114,-0.017524980008602142,-0.017723264172673225,-0.018531765788793564,-0.020582638680934906,-0.022512611001729965,-0.023950083181262016,-0.024374190717935562
-0.005782548803836107,-0.0028428155928850174,-0.0005847917054779828,0.0009291120222769678,0.0016411722172051668,0.0018535907147452235,0.002091669011861086,0.0030672859866172075,0.003548666602000594,0.003494240576401353,0.002249765209853649,0.004333306569606066,0.0073546310886740685,0.011682872660458088,0.017053736373782158,0.02367524430155754,0.0325934961438179,0.0367695614695549,0.03784073889255524,0.03687627986073494,0.034338824450969696,0.030628565698862076,0.029970262199640274,0.034190353006124496,0.03832206502556801,0.02640671283006668,0.006778968032449484,-0.00793030858039856,-0.014076849445700645,-0.015055547468364239,-0.015218506567180157,-0.015450221486389637,-0.015678225085139275,-0.014394529163837433,-0.012896556407213211,-0.012865275144577026,-0.014467749744653702,-0.018532942980527878,-0.02076883614063263,-0.02102622576057911,-0.030094793066382408
-0.011020329780876637,-0.008665252476930618,-0.005654043983668089,-0.002017990220338106,0.0011932762572541833,0.003789762733504176,0.0060027060098946095,0.0072198365814983845,0.005950103513896465,0.0020699831657111645,-1.515157964604441e-05,-0.0015146203804761171,-0.000521024689078331,0.003430634504184127,0.011560048907995224,0.018442781642079353,0.02522909641265869,0.029245130717754364,0.02973184362053871,0.029615186154842377,0.030343730002641678,0.033336661756038666,0.03971095010638237,0.0460674948990345,0.03612550348043442,0.012079151347279549,-0.0040536061860620975,-0.010171914473176003,-0.01043870858848095,-0.010561415925621986,-0.010994451120495796,-0.011786844581365585,-0.012211017310619354,-0.01084866188466549,-0.008434781804680824,-0.007797018624842167,-0.009615465067327023,-0.013539810664951801,-0.014123230241239071,-0.02064867503941059,-0.019730165600776672
-0.015025565400719643,-0.01362137496471405,-0.009965256787836552,-0.003889485727995634,0.001555880531668663,0.006054112687706947,0.009532385505735874,0.01030642818659544,0.007792813237756491,0.003372784471139312,0.0011129028862342238,-0.004545875824987888,-0.007063161116093397,-0.005507081281393766,-0.0008094469085335732,0.006202739663422108,0.012782434932887554,0.017931949347257614,0.021501343697309494,0.02550889365375042,0.031138956546783447,0.0406254418194294,0.05247647687792778,0.051994580775499344,0.02283567562699318,0.0011939465766772628,-0.006133620627224445,-0.006153218913823366,-0.005973426625132561,-0.0063290223479270935,-0.00709539745002985,-0.008161929436028004,-0.008587736636400223,-0.007391319610178471,-0.004541494883596897,-0.0039742132648825645,-0.005843603052198887,-0.009203599765896797,-0.01689486764371395,-0.025888431817293167,-0.023189615458250046
-0.014569219201803207,-0.013591945171356201,-0.010229344479739666,-0.005662734154611826,-0.0001896078756544739,0.004341718275099993,0.008254117332398891,0.011492326855659485,0.010521868243813515,0.009157378226518631,0.002965430961921811,-0.006468377076089382,-0.012875586748123169,-0.0135097187012434,-0.01066725142300129,-0.00432320823892951,0.0027067651972174644,0.010680926032364368,0.019366836175322533,0.028199199587106705,0.0375409834086895,0.0492858849465847,0.057599183171987534,0.036676742136478424,0.008596394211053848,-0.0021986979991197586,-0.0035610354971140623,-0.002596875885501504,-0.0025623783003538847,-0.0028811884112656116,-0.0036093660164624453,-0.0047278013080358505,-0.005288298241794109,-0.0037650789599865675,-0.0003107924712821841,0.00030398889794014394,-0.0013506379909813404,-0.00031053100246936083,-0.014993756078183651,-0.02503100037574768,-0.03770799562335014
