dougfraga/big_13.json
{"header": {"parameterUnit": "m.s-1", "parameterNumber": 3, "dx": 0.016666000000000736, "dy": 0.016666000000000736, "parameterNumberName": "Northward current", "la1": -22.891645999999998, "la2": -24.0416, "parameterCategory": 2, "lo2": -43.225054, "nx": 95, "ny": 70, "refTime": "2022-12-18 13:00:00", "lo1": -44.79166}, "data":
[rows 18 to 35 of 70, columns 40 to 79 of 95]
0.0,-0.02318306267261505,-0.02316521666944027,-0.031269725412130356,-0.025698617100715637,-0.022997098043560982,-0.019381878897547722,-0.016264349222183228,-0.01549444254487753,-0.008743150159716606,-0.008511634543538094,-0.010701821185648441,-0.0120122404769063,-0.008633584715425968,-0.009987937286496162,-0.010092568583786488,-0.011529580689966679,-0.01332064252346754,-0.01409500278532505,-0.013380047865211964,-0.012568188831210136,-0.010365654714405537,-0.00469739967957139,-0.005324657075107098,-0.006836808752268553,-0.008278441615402699,-0.009124888107180595,-0.012675851583480835,-0.005384196527302265,-0.004491318017244339,-0.0028957659378647804,-0.0026908728759735823,-0.0024584191851317883,-0.003166843205690384,-0.005671411752700806,-0.004951782058924437,-0.0032222645822912455,-0.000957630283664912,0.001788141205906868,0.0049125500954687595
-0.016016429290175438,-0.017389332875609398,-0.024341972544789314,-0.02580888569355011,-0.02633368968963623,-0.02704078145325184,-0.01966197043657303,-0.015245293267071247,-0.01246423739939928,-0.011491834186017513,-0.01193100307136774,-0.012430781498551369,-0.010833898559212685,-0.005236134864389896,-0.008484496735036373,-0.0076921056024730206,-0.0075159999541938305,-0.0087444968521595,-0.009303562343120575,-0.009504870511591434,-0.009014333598315716,-0.007027361076325178,-0.001476229284889996,-0.002047337358817458,-0.0030062792357057333,-0.0030697935726493597,-0.002671346301212907,-0.002533064689487219,-0.0004447253595571965,-0.0016655195504426956,-0.0019554325845092535,-0.001610690145753324,-0.000626706110779196,0.0003434874815866351,0.00041988620068877935,0.0004761854943353683,0.002218573587015271,0.006183471996337175,0.008398918434977531,0.01043220516294241
-0.021869899705052376,-0.029606148600578308,-0.03162066265940666,-0.02568068727850914,-0.02519180253148079,-0.02257596142590046,-0.02022172324359417,-0.017570743337273598,-0.0116879902780056,-0.00994948297739029,-0.00991733931005001,-0.012201706878840923,-0.011252732947468758,-0.009233111515641212,-0.009020896628499031,-0.009118207730352879,-0.006896105129271746,-0.007759817875921726,-0.007151737809181213,-0.006593234837055206,-0.005175379104912281,-0.0028899044264107943,2.245896030217409e-05,0.001003266777843237,-0.0007057733600959182,-0.0004123368998989463,6.785123696317896e-05,0.0007599020027555525,0.0017026052810251713,0.002080874517560005,0.0016700441483408213,0.0019413152476772666,0.003133306046947837,0.005217685364186764,0.008340634405612946,0.008112420327961445,0.008631606586277485,0.009999041445553303,0.011563889682292938,0.01362205296754837
-0.015411369502544403,-0.0201745443046093,-0.026540877297520638,-0.02734963782131672,-0.025419343262910843,-0.018970759585499763,-0.01735001616179943,-0.01843021623790264,-0.01606195606291294,-0.014264814555644989,-0.013453396037220955,-0.013098802417516708,-0.013573933392763138,-0.012536918744444847,-0.008509146049618721,-0.00855373963713646,-0.008167251013219357,-0.007504000328481197,-0.006505121942609549,-0.005244594532996416,-0.0036894867662340403,-0.0027359449304640293,-0.00013404498167801648,0.0015924188774079084,0.002203970914706588,0.0019710459746420383,0.002064718399196863,0.0026346996892243624,0.0039019272662699223,0.006741689518094063,0.0071721868589520454,0.007689326070249081,0.008871308527886868,0.010434926487505436,0.012030317448079586,0.012014603242278099,0.011934374459087849,0.012606077827513218,0.014247361570596695,0.016953647136688232
-0.01870243065059185,-0.014622079208493233,-0.0235004760324955,-0.025638999417424202,-0.02512972056865692,-0.022406689822673798,-0.02009131759405136,-0.018572472035884857,-0.01822204329073429,-0.01746472902595997,-0.015921860933303833,-0.012032528407871723,-0.012015867047011852,-0.011588024906814098,-0.0100016538053751,-0.009355517104268074,-0.00867049302905798,-0.007467514369636774,-0.006219907198101282,-0.0047513339668512344,-0.004220316652208567,-0.0020210715010762215,-0.0004313998215366155,0.000956129573751241,0.003539781318977475,0.0036703082732856274,0.004172716289758682,0.0053066955879330635,0.006718852091580629,0.008426176384091377,0.009650245308876038,0.010715536773204803,0.01197446882724762,0.013333498500287533,0.014653547666966915,0.01486690528690815,0.015230025164783001,0.01618882641196251,0.01761520467698574,0.017675332725048065
-0.018819058313965797,-0.01985236629843712,-0.022310057654976845,-0.024543698877096176,-0.02439073659479618,-0.023308690637350082,-0.020931845530867577,-0.01653473451733589,-0.015581429935991764,-0.014519999735057354,-0.013265102170407772,-0.011754421517252922,-0.011733626015484333,-0.013141603209078312,-0.012748563662171364,-0.012187943793833256,-0.011502345092594624,-0.010385693050920963,-0.008936528116464615,-0.006259066518396139,-0.003085633972659707,0.0004078955971635878,0.001622664392925799,0.0025881805922836065,0.0036606555804610252,0.004294718615710735,0.005318998359143734,0.0066778212785720825,0.00823152158409357,0.009781560860574245,0.011289622634649277,0.01308490987867117,0.014644146896898746,0.016090096905827522,0.01731872372329235,0.017876964062452316,0.01700700633227825,0.017375612631440163,0.018324745818972588,0.018271837383508682
-0.018834983929991722,-0.020751124247908592,-0.01806560717523098,-0.019338829442858696,-0.019322490319609642,-0.01878429390490055,-0.017749708145856857,-0.015730980783700943,-0.013814673759043217,-0.013017437420785427,-0.013698738999664783,-0.01281611155718565,-0.012462761253118515,-0.012543405406177044,-0.013039177283644676,-0.012847027741372585,-0.012153690680861473,-0.010695244185626507,-0.00891407486051321,-0.005792317446321249,-0.0009064762271009386,0.0013316541444510221,0.002703039674088359,0.004002166911959648,0.005132054444402456,0.00611259276047349,0.00718599371612072,0.00867713987827301,0.010255728848278522,0.011719643138349056,0.013516128994524479,0.015759164467453957,0.017930584028363228,0.019723881036043167,0.021547658368945122,0.023383915424346924,0.023412181064486504,0.019153138622641563,0.019670408219099045,0.021577375009655952
-0.017059223726391792,-0.016257744282484055,-0.015581715852022171,-0.016076624393463135,-0.016611862927675247,-0.016402393579483032,-0.016471033915877342,-0.017026221379637718,-0.015748245641589165,-0.01513033825904131,-0.014975295402109623,-0.01467548031359911,-0.01395646296441555,-0.011783702298998833,-0.011731773614883423,-0.01096840389072895,-0.00989228393882513,-0.007824554108083248,-0.005582497455179691,-0.0034417612478137016,-0.000976582639850676,0.0012506332714110613,0.002807959681376815,0.004062166437506676,0.005840409081429243,0.007559237070381641,0.009010919369757175,0.01055319607257843,0.012124262750148773,0.013621818274259567,0.015311570838093758,0.017528116703033447,0.02005496807396412,0.022475892677903175,0.02529319003224373,0.02755950205028057,0.02590954862535,0.023679329082369804,0.022954722866415977,0.024253711104393005
-0.014944412745535374,-0.014289811253547668,-0.014312220737338066,-0.015447039157152176,-0.017504068091511726,-0.017633577808737755,-0.018021145835518837,-0.018404368311166763,-0.018426649272441864,-0.017793791368603706,-0.01626814715564251,-0.016312798485159874,-0.01608155108988285,-0.014972771517932415,-0.013466033153235912,-0.012431008741259575,-0.011316492222249508,-0.00970363151282072,-0.006728040520101786,-0.004493513610213995,-0.0022710496559739113,-0.00017004908295348287,0.0017333978321403265,0.0033652859274297953,0.005125144962221384,0.007271697279065847,0.009392651729285717,0.01089396607130766,0.012543723918497562,0.013646087609231472,0.012080170214176178,0.013207994401454926,0.014617711305618286,0.01682146266102791,0.020324498414993286,0.023691467940807343,0.02472047321498394,0.026286067441105843,0.026246827095746994,0.025012359023094177
-0.01611025631427765,-0.01607394404709339,-0.016366546973586082,-0.016924649477005005,-0.01801721751689911,-0.019073953852057457,-0.019605742767453194,-0.019091567024588585,-0.019928868860006332,-0.019479049369692802,-0.019124286249279976,-0.01907220669090748,-0.018951065838336945,-0.018403366208076477,-0.017023375257849693,-0.01607889123260975,-0.014788554981350899,-0.014032101258635521,-0.011670558713376522,-0.008736818097531796,-0.005488317925482988,-0.002790966536849737,0.00013550893345382065,0.0025546180550009012,0.002225342905148864,0.0041505261324346066,0.008712546899914742,0.010058535262942314,0.009204205125570297,0.010398618876934052,0.010532429441809654,0.010183790698647499,0.010940597392618656,0.012788149528205395,0.015994518995285034,0.021306270733475685,0.02794766239821911,0.025839123874902725,0.026723992079496384,0.025865038856863976
-0.016564752906560898,-0.017009839415550232,-0.01717648096382618,-0.01708320714533329,-0.016710884869098663,-0.018474549055099487,-0.019957689568400383,-0.02111652120947838,-0.022345183417201042,-0.022683823481202126,-0.022225895896553993,-0.021426968276500702,-0.020691998302936554,-0.02036181278526783,-0.02002684213221073,-0.01881796307861805,-0.017415154725313187,-0.016507316380739212,-0.014578977599740028,-0.011358316987752914,-0.008109253831207752,-0.0043697720393538475,-0.0008103535510599613,-0.0003927088400814682,-8.949926268542185e-05,0.0003396204556338489,0.0031058478634804487,0.0063098943792283535,0.007860667072236538,0.009401055052876472,0.013214942999184132,0.014303398318588734,0.016759907826781273,0.018343854695558548,0.01830899901688099,0.021838977932929993,0.025785697624087334,0.02610858716070652,0.02666880376636982,0.028481893241405487
-0.013809007592499256,-0.014237867668271065,-0.014416656456887722,-0.015133119188249111,-0.016542645171284676,-0.018619252368807793,-0.02110466919839382,-0.023326370865106583,-0.02492968738079071,-0.025892192497849464,-0.025095950812101364,-0.023456908762454987,-0.021524682641029358,-0.020784368738532066,-0.02008673921227455,-0.018862558528780937,-0.01761913299560547,-0.01610764116048813,-0.013810760341584682,-0.01121546421200037,-0.010794886387884617,-0.007513829506933689,-0.004114987328648567,-0.002227165037766099,-0.00025722707505337894,1.212652750837151e-05,0.00017090422625187784,0.004525019787251949,0.01023905910551548,0.013069374486804008,0.016047537326812744,0.01602489873766899,0.017815204337239265,0.01917889155447483,0.020042680203914642,0.021469339728355408,0.024406103417277336,0.028167517855763435,0.030074533075094223,0.03249872475862503
-0.01126182358711958,-0.010686210356652737,-0.010085351765155792,-0.01189331617206335,-0.015078134834766388,-0.01801309920847416,-0.021679498255252838,-0.02497057616710663,-0.0272683035582304,-0.02776406519114971,-0.02676774561405182,-0.024571899324655533,-0.02195131778717041,-0.022206924855709076,-0.021020090207457542,-0.01989155448973179,-0.018824541941285133,-0.01737208664417267,-0.015542610548436642,-0.013189633376896381,-0.011851253919303417,-0.010381779633462429,-0.007742184214293957,-0.0035720509476959705,-0.0009585833176970482,0.001189413364045322,0.003476269543170929,0.007890534587204456,0.012849986553192139,0.014471715316176414,0.01666441559791565,0.01675196923315525,0.016285959631204605,0.017503878101706505,0.020928064361214638,0.023291928693652153,0.027211973443627357,0.030612856149673462,0.03126309812068939,0.03330608829855919
-0.008898168802261353,-0.007394538260996342,-0.007521127816289663,-0.00851221103221178,-0.0105598084628582,-0.013454887084662914,-0.020889779552817345,-0.02544534020125866,-0.02884180285036564,-0.031056184321641922,-0.03060944378376007,-0.028398487716913223,-0.02484230138361454,-0.02243468537926674,-0.020906871184706688,-0.019663633778691292,-0.01844259910285473,-0.017099235206842422,-0.015570097602903843,-0.013441929593682289,-0.010512200184166431,-0.009767820127308369,-0.00835962314158678,-0.005521711893379688,-0.0014606385957449675,0.0025752924848347902,0.004446208477020264,0.008747913874685764,0.013480947352945805,0.015527402982115746,0.01673961617052555,0.018894238397479057,0.01868366450071335,0.01944965310394764,0.019856052473187447,0.02218562178313732,0.025433437898755074,0.029171861708164215,0.031081795692443848,0.031910818070173264
-0.006133584305644035,-0.001570601249113679,-0.00548475980758667,-0.005010578781366348,-0.006537855137139559,-0.009044136852025986,-0.017596706748008728,-0.024559350684285164,-0.030190210789442062,-0.03338424116373062,-0.03371572867035866,-0.03169913589954376,-0.026913747191429138,-0.02135077863931656,-0.018750587478280067,-0.016650037840008736,-0.014285100623965263,-0.011999309062957764,-0.010305404663085938,-0.009281523525714874,-0.008193663321435452,-0.0075574154034256935,-0.007468317169696093,-0.007883423008024693,-0.004373005125671625,0.0010012858547270298,0.005165487062186003,0.009128786623477936,0.013913378119468689,0.01889236457645893,0.020938122645020485,0.021669302135705948,0.01972133107483387,0.019644150510430336,0.019668348133563995,0.020070916041731834,0.021657725796103477,0.02509772777557373,0.029854072257876396,0.03174262121319771
-0.006601118948310614,-0.0036368765868246555,-0.0028308953624218702,-0.0014417251804843545,-0.003013956593349576,-0.005170783493667841,-0.011884110048413277,-0.020907051861286163,-0.029071426019072533,-0.03220542147755623,-0.03276484087109566,-0.030734926462173462,-0.025702187791466713,-0.021112661808729172,-0.017541678622364998,-0.014242126606404781,-0.01067421305924654,-0.00723757641389966,-0.005672920495271683,-0.007675621658563614,-0.008335164748132229,-0.00873849168419838,-0.008625403977930546,-0.007760890759527683,-0.005156622733920813,-0.00020909475279040635,0.0067339083179831505,0.012435213662683964,0.017968084663152695,0.02293035015463829,0.026272622868418694,0.02448948659002781,0.02156231552362442,0.01968061551451683,0.019398964941501617,0.01924712024629116,0.020416272804141045,0.02300887741148472,0.026393437758088112,0.029163697734475136
-0.006415307521820068,-0.00963496882468462,-0.0035162356216460466,0.0001297306880587712,0.0015744392294436693,0.001567925326526165,-0.005245962645858526,-0.01525429543107748,-0.02485380508005619,-0.029789065942168236,-0.030188478529453278,-0.028107911348342896,-0.0237236600369215,-0.020801054313778877,-0.017670944333076477,-0.014655006118118763,-0.011487472802400589,-0.008337658829987049,-0.006766293663531542,-0.007478991989046335,-0.00909524317830801,-0.00975951086729765,-0.00839135330170393,-0.004017125815153122,-0.0006808250327594578,0.003761075437068939,0.009704097174108028,0.016445767134428024,0.023049483075737953,0.027879294008016586,0.029067708179354668,0.026721086353063583,0.02458597533404827,0.021459976211190224,0.01882809028029442,0.018538927659392357,0.019910626113414764,0.022156501188874245,0.024917174130678177,0.027680231258273125
-0.01132021751254797,-0.009244930930435658,-0.005801364313811064,0.0007881432538852096,0.006583142559975386,0.005117504857480526,0.0008885494316928089,-0.011721882969141006,-0.020851559937000275,-0.02612687647342682,-0.026793118566274643,-0.026683418080210686,-0.02370770275592804,-0.020502964034676552,-0.01780991069972515,-0.01538820005953312,-0.013456109911203384,-0.011720564216375351,-0.010087789967656136,-0.007718701381236315,-0.007191045675426722,-0.006127697881311178,-0.005718984641134739,-0.003197459736838937,0.00016510745626874268,0.004857402760535479,0.011497917585074902,0.020617064088582993,0.02736389823257923,0.030962813645601273,0.029350746423006058,0.028256254270672798,0.02567012794315815,0.022608352825045586,0.02006574161350727,0.01667550392448902,0.016077391803264618,0.017081351950764656,0.018897291272878647,0.021461160853505135
