dougfraga/big_8.json
{"header": {"parameterUnit": "m.s-1", "parameterNumber": 3, "dx": 0.016666000000000736, "dy": 0.016666000000000736, "parameterNumberName": "Northward current", "la1": -22.891645999999998, "la2": -24.0416, "parameterCategory": 2, "lo2": -43.225054, "nx": 95, "ny": 70, "refTime": "2022-12-18 08:00:00", "lo1": -44.79166}, "data":
[rows 18 to 35 of 70, columns 42 to 83 of 95]
0.04324442893266678,0.03960971534252167,0.042658787220716476,0.04099715128540993,0.036144837737083435,0.03277217596769333,0.026774723082780838,0.026929937303066254,0.019078856334090233,0.01582326367497444,0.015194971114397049,0.015201878733932972,0.013076549395918846,0.011043976992368698,0.014411179348826408,0.015050926245748997,0.014530504122376442,0.014476302079856396,0.014317598193883896,0.014524814672768116,0.01592162437736988,0.016992712393403053,0.013243661262094975,0.009968419559299946,0.007182713598012924,0.0071041095070540905,0.011120835319161415,0.012712079100310802,0.013503641821444035,0.016154609620571136,0.01944592595100403,0.02033429779112339,0.019371574744582176,0.01995117962360382,0.02068755403161049,0.021843157708644867,0.023555539548397064,0.025522710755467415,0.027492400258779526,0.029991840943694115,0.03352431580424309,0.03915465250611305
0.03562185913324356,0.03806464001536369,0.03634588047862053,0.03210069239139557,0.03253316879272461,0.03079073317348957,0.02911440283060074,0.027186570689082146,0.02313731424510479,0.020375318825244904,0.020005354657769203,0.023981835693120956,0.020459068939089775,0.01836446300148964,0.020043615251779556,0.02006944641470909,0.019820600748062134,0.019077865406870842,0.01864001154899597,0.0192548930644989,0.023091668263077736,0.022876588627696037,0.021059948951005936,0.019410716369748116,0.017273221164941788,0.017680935561656952,0.018706191331148148,0.019647229462862015,0.02024361677467823,0.02123657986521721,0.02261793240904808,0.023221155628561974,0.02319735288619995,0.023350825533270836,0.024490607902407646,0.027887828648090363,0.03040887974202633,0.03325759619474411,0.03599302098155022,0.038922280073165894,0.041905373334884644,0.045390769839286804
0.013915940187871456,0.02599094808101654,0.02630048803985119,0.02641828916966915,0.02482989802956581,0.02316836640238762,0.02633139118552208,0.02822021394968033,0.027383431792259216,0.023770345374941826,0.022367538884282112,0.022804589942097664,0.022495709359645844,0.02131298929452896,0.02353529818356037,0.02320561558008194,0.02375713363289833,0.023866456001996994,0.024384258314967155,0.02533704973757267,0.026583367958664894,0.026657456532120705,0.024545392021536827,0.023690523579716682,0.022792760282754898,0.022865232080221176,0.023617321625351906,0.024900969117879868,0.024932339787483215,0.02499832957983017,0.025603223592042923,0.026798347011208534,0.02975158765912056,0.03041275031864643,0.03126795217394829,0.03301820531487465,0.03568703308701515,0.03886592015624046,0.04214859753847122,0.04559679329395294,0.0488673634827137,0.05218366160988808
0.009739262983202934,0.01593751274049282,0.018505899235606194,0.02444603107869625,0.025586364790797234,0.02335694059729576,0.02363334409892559,0.024490173906087875,0.0237433984875679,0.022600067779421806,0.019844429567456245,0.019597869366407394,0.02297787554562092,0.023088714107871056,0.023466356098651886,0.02424640581011772,0.02518676407635212,0.02603987418115139,0.026718126609921455,0.02629321627318859,0.026977676898241043,0.02745913341641426,0.02745422162115574,0.026599500328302383,0.025883113965392113,0.025767173618078232,0.026739051565527916,0.029724784195423126,0.030526915565133095,0.031053146347403526,0.03203866258263588,0.03329436853528023,0.03496601805090904,0.03549891710281372,0.03588899224996567,0.03722519427537918,0.040244873613119125,0.04389737546443939,0.047722965478897095,0.05157281830906868,0.054613396525382996,0.05591275915503502
0.012613591738045216,0.016098393127322197,0.018204310908913612,0.021250037476420403,0.02306210808455944,0.023704340681433678,0.022151637822389603,0.020724540576338768,0.019842248409986496,0.02190401218831539,0.020654624328017235,0.02096264436841011,0.02231423556804657,0.02275892347097397,0.023204296827316284,0.02425612136721611,0.02526865527033806,0.026174644008278847,0.02579040452837944,0.02678697742521763,0.027507886290550232,0.028236234560608864,0.030209114775061607,0.030040398240089417,0.029929660260677338,0.03052799217402935,0.03171253949403763,0.033485110849142075,0.03486116975545883,0.036002613604068756,0.03720758482813835,0.03840820863842964,0.03977032005786896,0.04021497070789337,0.04094072803854942,0.04241484776139259,0.044957730919122696,0.04640950635075569,0.04941724240779877,0.05259896069765091,0.05545118451118469,0.05823095515370369
0.012064583599567413,0.013950259424746037,0.0155458590015769,0.016897838562726974,0.018572522327303886,0.021866779774427414,0.021668942645192146,0.021164732053875923,0.020845690742135048,0.02091388590633869,0.020500540733337402,0.019474707543849945,0.019582318142056465,0.01971694454550743,0.019926242530345917,0.02052854560315609,0.02134024351835251,0.02310057543218136,0.025717774406075478,0.029164042323827744,0.03086278773844242,0.03200735151767731,0.03291124850511551,0.03312185779213905,0.03361351788043976,0.034632205963134766,0.036154597997665405,0.03788650780916214,0.03963179513812065,0.04152829572558403,0.043050698935985565,0.04432614892721176,0.045375168323516846,0.046141400933265686,0.0457439087331295,0.04632257670164108,0.04758482798933983,0.04930107295513153,0.05139924958348274,0.05405581742525101,0.05748238414525986,0.06298273056745529
0.012716430239379406,0.01473149098455906,0.016467299312353134,0.01788301020860672,0.019102344289422035,0.020802577957510948,0.021882327273488045,0.02180463634431362,0.020025625824928284,0.01924874074757099,0.01896313577890396,0.019029349088668823,0.018526265397667885,0.018357357010245323,0.018548812717199326,0.019449034705758095,0.020792648196220398,0.023388568311929703,0.02850152738392353,0.03167056664824486,0.03394261747598648,0.03575367107987404,0.0369858555495739,0.037790507078170776,0.03861210122704506,0.03996870294213295,0.04172597452998161,0.04359405115246773,0.04591768980026245,0.04837777465581894,0.05052574723958969,0.052062325179576874,0.05341009050607681,0.05505400151014328,0.05531229078769684,0.05141559988260269,0.05224369838833809,0.05534239485859871,0.057510796934366226,0.060262568295001984,0.0638522133231163,0.06845556944608688
0.013456666842103004,0.015580221079289913,0.01725124754011631,0.018881378695368767,0.019758421927690506,0.019583897665143013,0.020340193063020706,0.020284386351704597,0.0196066927164793,0.018736757338047028,0.01842852681875229,0.020129701122641563,0.020152878016233444,0.020728252828121185,0.021547723561525345,0.02330966852605343,0.02563617192208767,0.028013063594698906,0.03100726753473282,0.03396625071763992,0.036330126225948334,0.03828359767794609,0.04049239680171013,0.042380329221487045,0.04390844330191612,0.04562115669250488,0.04767699912190437,0.04968846216797829,0.05207076668739319,0.05453150346875191,0.05699536204338074,0.05897657945752144,0.06106755509972572,0.06238647550344467,0.06061897426843643,0.05904097110033035,0.0589887835085392,0.06078258901834488,0.06363418698310852,0.06714726239442825,0.07042073458433151,0.07139907777309418
0.014415271580219269,0.015622495673596859,0.015821360051631927,0.017071019858121872,0.017866292968392372,0.01842670328915119,0.01854165643453598,0.01877254992723465,0.019849542528390884,0.019359856843948364,0.018781857565045357,0.019164228811860085,0.020254796370863914,0.021225137636065483,0.02216619998216629,0.023457776755094528,0.026704782620072365,0.029318884015083313,0.03203930705785751,0.03491919860243797,0.03749169409275055,0.04021407663822174,0.04279022291302681,0.04542597755789757,0.04790589213371277,0.04979313910007477,0.0520474910736084,0.053709451109170914,0.05286584049463272,0.05422629788517952,0.055486664175987244,0.05705295503139496,0.0595347136259079,0.06145263835787773,0.06224396824836731,0.06442318856716156,0.06462502479553223,0.063651442527771,0.06489913165569305,0.0674876943230629,0.070667564868927,0.07254564762115479
0.012367857620120049,0.013414418324828148,0.014489684253931046,0.015074926428496838,0.016098935157060623,0.018219932913780212,0.018448835238814354,0.019265543669462204,0.01968930847942829,0.019362550228834152,0.01875365898013115,0.018538083881139755,0.019400954246520996,0.020114826038479805,0.021108461543917656,0.021371202543377876,0.02403801679611206,0.027305664494633675,0.0313401035964489,0.035140279680490494,0.0385826975107193,0.04256369173526764,0.04333740845322609,0.04593893513083458,0.05091147497296333,0.052446555346250534,0.05214602127671242,0.053739603608846664,0.05436229333281517,0.054306820034980774,0.05480699613690376,0.0558219738304615,0.05801291763782501,0.061920493841171265,0.06808032095432281,0.06623866409063339,0.06694013625383377,0.06619156152009964,0.06538867950439453,0.06591466814279556,0.0677308440208435,0.0721282809972763
0.011746866628527641,0.012894676998257637,0.015371698886156082,0.015872249379754066,0.016684534028172493,0.01775057427585125,0.018240073695778847,0.018869947642087936,0.0196547694504261,0.020174289122223854,0.020335374400019646,0.019968602806329727,0.01958746276795864,0.020210590213537216,0.021241333335638046,0.0218188539147377,0.0242402832955122,0.028109468519687653,0.032441962510347366,0.03734629973769188,0.0414162278175354,0.043194230645895004,0.044597312808036804,0.045958008617162704,0.04914358630776405,0.051913321018218994,0.05364181101322174,0.05548067018389702,0.059437062591314316,0.06063642352819443,0.06276094168424606,0.06360786408185959,0.06294073164463043,0.06560000032186508,0.06884581595659256,0.06888551265001297,0.0690840408205986,0.07073206454515457,0.07076817750930786,0.07128201425075531,0.07158876210451126,0.07320839911699295
0.01551797240972519,0.01601983793079853,0.016665291041135788,0.01689063012599945,0.01699448563158512,0.017330259084701538,0.018112637102603912,0.01860620453953743,0.019985510036349297,0.021405773237347603,0.02280553989112377,0.023061925545334816,0.02303076907992363,0.023674670606851578,0.02467896230518818,0.026399193331599236,0.029528247192502022,0.033030372112989426,0.03401079773902893,0.0380428284406662,0.04195497930049896,0.04465820640325546,0.04781891405582428,0.04913976415991783,0.049681778997182846,0.05331121385097504,0.05861035734415054,0.06141338124871254,0.0642799660563469,0.06415993720293045,0.065813809633255,0.06679175049066544,0.06747515499591827,0.06841763854026794,0.07052400708198547,0.07365621626377106,0.0750005692243576,0.07697251439094543,0.07755935192108154,0.0756388008594513,0.07390093058347702,0.07440436631441116
0.02110375463962555,0.020808950066566467,0.019776003435254097,0.019064150750637054,0.0180523544549942,0.01745232567191124,0.018016941845417023,0.019574705511331558,0.02178344316780567,0.02390827052295208,0.025711731985211372,0.02499055676162243,0.025312839075922966,0.025922304019331932,0.026905028149485588,0.028823835775256157,0.031413543969392776,0.034399718046188354,0.03580182045698166,0.037950847297906876,0.04122839868068695,0.04642687737941742,0.050188444554805756,0.053189467638731,0.05573230981826782,0.05942268297076225,0.06354912370443344,0.06459331512451172,0.06627362966537476,0.06604302674531937,0.06560516357421875,0.06683662533760071,0.07061520963907242,0.07282590121030807,0.07615283876657486,0.07878591120243073,0.07882042229175568,0.08014780282974243,0.08037646859884262,0.07798925787210464,0.07359551638364792,0.07144947350025177
0.024855684489011765,0.02521234191954136,0.025484280660748482,0.025174874812364578,0.020335227251052856,0.018266180530190468,0.018287673592567444,0.018921922892332077,0.02091057412326336,0.023295994848012924,0.02548128552734852,0.027044184505939484,0.02787371166050434,0.02860681340098381,0.02969267964363098,0.03121994249522686,0.03297281265258789,0.035572294145822525,0.0391288697719574,0.040766578167676926,0.043010588735342026,0.04745786637067795,0.05238090455532074,0.05689006298780441,0.05875076353549957,0.062232255935668945,0.0656094029545784,0.06674151867628098,0.06700170785188675,0.06877157837152481,0.06856359541416168,0.06966349482536316,0.07079186290502548,0.07339873909950256,0.07648666203022003,0.07960829138755798,0.0809280052781105,0.08047759532928467,0.08029893040657043,0.07876503467559814,0.07464981824159622,0.07187541574239731
0.02913343533873558,0.030532673001289368,0.030851641669869423,0.0305524580180645,0.024045437574386597,0.01953914947807789,0.017734503373503685,0.018037015572190285,0.01959795318543911,0.022331636399030685,0.02601817436516285,0.030754799023270607,0.032965824007987976,0.03465503081679344,0.03678925707936287,0.038864847272634506,0.04002256318926811,0.041751500219106674,0.04411621019244194,0.04584363102912903,0.04710737243294716,0.047879658639431,0.05185629054903984,0.057165537029504776,0.0609055757522583,0.06396501511335373,0.06704125553369522,0.07067537307739258,0.07151289284229279,0.07187394797801971,0.06990282982587814,0.0697370395064354,0.0707232728600502,0.0717240646481514,0.07356960326433182,0.07721400260925293,0.08181565999984741,0.08135199546813965,0.08095598965883255,0.07753484696149826,0.07457318902015686,0.07328516244888306
0.034488245844841,0.03655094653367996,0.035862382501363754,0.03470023721456528,0.029117779806256294,0.02296397276222706,0.019047515466809273,0.020184598863124847,0.02200501225888729,0.02558688446879387,0.030461210757493973,0.03457680344581604,0.0377839058637619,0.04088231176137924,0.04430513083934784,0.04728096351027489,0.047763943672180176,0.046515826135873795,0.04715267941355705,0.04787556082010269,0.04899502173066139,0.050226207822561264,0.05286819487810135,0.05751414969563484,0.0639721229672432,0.068550243973732,0.07222872972488403,0.07537082582712173,0.07713191211223602,0.07460197806358337,0.07081576436758041,0.06790698319673538,0.06888561695814133,0.06965324282646179,0.07181651145219803,0.07603555172681808,0.08006753772497177,0.08026184886693954,0.07944456487894058,0.07678517699241638,0.0753088966012001,0.07644927501678467
0.03653277829289436,0.040247440338134766,0.04133916646242142,0.041423264890909195,0.03479274734854698,0.028182579204440117,0.02347487397491932,0.023653576150536537,0.02588912472128868,0.03040236420929432,0.035501446574926376,0.03808344900608063,0.040777865797281265,0.04346340894699097,0.04637608677148819,0.04900108277797699,0.04973083734512329,0.04999108612537384,0.04964112862944603,0.049737170338630676,0.05166063830256462,0.056207407265901566,0.05938306823372841,0.06346779316663742,0.06894007325172424,0.07432234287261963,0.07887572050094604,0.08101034164428711,0.07955717295408249,0.07574142515659332,0.0714830830693245,0.06702303886413574,0.06567855179309845,0.06726173311471939,0.07055774331092834,0.07512494176626205,0.07876493036746979,0.08026489615440369,0.08015476167201996,0.07947696000337601,0.07983863353729248,0.08310116082429886
0.037083521485328674,0.042347345501184464,0.0462878942489624,0.04341588169336319,0.03832326829433441,0.02953343279659748,0.02680618315935135,0.027719156816601753,0.03057124651968479,0.03344200924038887,0.03776079788804054,0.04071639105677605,0.042717304080724716,0.044387318193912506,0.045682527124881744,0.04711384326219559,0.048940617591142654,0.05296773463487625,0.05478811636567116,0.05646659433841705,0.05729272589087486,0.05978956073522568,0.06278884410858154,0.06698668748140335,0.07299036532640457,0.08093085885047913,0.08518870919942856,0.08526081591844559,0.07996067404747009,0.07638799399137497,0.07142636179924011,0.06782061606645584,0.06653299182653427,0.06571636348962784,0.0672459602355957,0.07005507498979568,0.07267092913389206,0.07532470673322678,0.07819139957427979,0.08370933681726456,0.08535211533308029,0.08454251289367676
