dougfraga/big_8.json
{"header": {"parameterUnit": "m.s-1", "parameterNumber": 2, "dx": 0.016666000000000736, "dy": 0.016666000000000736, "parameterNumberName": "Eastward current", "la1": -22.891645999999998, "la2": -24.0416, "parameterCategory": 2, "lo2": -43.225054, "nx": 95, "ny": 70, "refTime": "2022-12-18 08:00:00", "lo1": -44.79166}, "data":
[rows 19 to 37 of 70, columns 0 to 41 of 95]
0.0,0.0,0.0,0.0,0.0,0.0007090974831953645,0.0003695295308716595,-0.0003395679232198745,0.0,0.0,-0.00783608853816986,-0.01931997761130333,-0.020160455256700516,-0.020508816465735435,-0.023891529068350792,-0.02362258918583393,-0.017273051664233208,-0.008150102570652962,0.00033150496892631054,0.005395870190113783,0.0044898372143507,0.0029870644211769104,0.0009667286067269742,0.00017544595175422728,-0.01257717702537775,-0.012907125055789948,0.0,0.0,0.016115734353661537,0.018184255808591843,-0.0001641532580833882,-0.002232674974948168,0.0,0.0,-9.880931944863104e-19,0.0,0.010132486931979656,0.022620942443609238,0.02514217421412468,0.030039122328162193,0.04198664054274559,0.04473333805799484
0.0,0.0,0.0,0.0,0.0,0.0010516602778807282,0.0010516602778807282,0.0,0.0,0.0,0.0,-0.00624949811026454,-0.01859709620475769,-0.02446012571454048,-0.023460162803530693,-0.02322140522301197,-0.017737412825226784,-0.010008960962295532,-0.004869149997830391,0.0018768685404211283,0.004791243467479944,0.003183590015396476,0.0026126913726329803,0.0004705402534455061,-0.007140972651541233,-0.0059918686747550964,0.0,0.0,0.010120814666152,0.015522745437920094,0.012223922647535801,0.016875769942998886,0.023010162636637688,0.025979788973927498,0.02633056789636612,0.02905924990773201,0.024182841181755066,0.026158906519412994,0.03643331676721573,0.042802050709724426,0.040613822638988495,0.03668093681335449
0.0,0.0,0.0,0.0,0.0,0.0,0.0,0.0,0.0,0.0,0.0,-0.011044665239751339,-0.02227839268743992,-0.015050070360302925,-0.00924189854413271,-0.011015426367521286,-0.010033775120973587,-0.007469731383025646,-0.003799121594056487,0.0026334405411034822,0.006842947565019131,0.006007315590977669,0.006306913681328297,0.002791664330288768,-0.004559820517897606,-0.010754645802080631,-0.00760136591270566,0.00587838888168335,0.013389600440859795,0.01498455461114645,0.018036263063549995,0.02473033033311367,0.027932092547416687,0.026536235585808754,0.02793826162815094,0.031148264184594154,0.030221644788980484,0.03288297355175018,0.03853093832731247,0.03954709321260452,0.04236770421266556,0.03930588439106941
0.0,0.0,0.0,0.0,0.0,0.0,0.0,0.0,0.0,0.0,0.0,0.0,0.0,0.008466526865959167,0.013420114293694496,0.0013706980971619487,-0.006797394715249538,-0.003773989388719201,0.002472467487677932,0.008299347944557667,0.010805358178913593,0.011026850901544094,0.01282738707959652,0.009873644448816776,0.0025397632271051407,-0.0012839166447520256,-0.00045939674600958824,0.005944208707660437,0.015779072418808937,0.02232970856130123,0.024128077551722527,0.026628749445080757,0.02833685465157032,0.029206035658717155,0.031282003968954086,0.034160763025283813,0.03692195191979408,0.038710903376340866,0.03844001889228821,0.04059039428830147,0.04517058655619621,0.047016967087984085
0.0,0.0,0.0,0.0,0.0,0.0,0.0,0.0,0.0,0.0,0.0,0.0,0.0,0.011020081117749214,0.02329968474805355,0.006603288929909468,-0.00481320871040225,0.003299913601949811,0.008682656101882458,0.015017571859061718,0.01732001267373562,0.017363645136356354,0.019034530967473984,0.01968114636838436,0.021449938416481018,0.017990730702877045,0.01223074272274971,0.017783604562282562,0.02580481395125389,0.030018873512744904,0.03234628960490227,0.032640375196933746,0.032424114644527435,0.034552402794361115,0.03782746568322182,0.04119694232940674,0.04487057402729988,0.04718317836523056,0.04827417805790901,0.051309239119291306,0.0506243072450161,0.05169307813048363
0.0,0.0,0.0,0.0,0.0,0.0,0.0,0.0,0.0,0.0,0.0,0.0,0.0,0.0,0.0,0.0,0.005452662240713835,0.014407781884074211,0.017121024429798126,0.01860210858285427,0.022934215143322945,0.02930254116654396,0.0367509089410305,0.034362856298685074,0.029659705236554146,0.028794094920158386,0.02638505958020687,0.030393511056900024,0.03505983203649521,0.0361526794731617,0.03813532739877701,0.038380399346351624,0.03728324547410011,0.03856180980801582,0.04221922159194946,0.047046344727277756,0.04989771172404289,0.050466738641262054,0.05168910697102547,0.05229930579662323,0.052298758178949356,0.05244186520576477
0.0,0.0,0.0,0.0,0.0,0.0,0.0,0.0,0.0,0.0,0.0,0.0,0.0,0.0,0.0,0.02092665247619152,0.042791061103343964,0.038064830005168915,0.02550344727933407,0.025588681921362877,0.038263458758592606,0.046451639384031296,0.04637463018298149,0.042816270142793655,0.040600698441267014,0.03853924572467804,0.037202879786491394,0.04061390832066536,0.042832013219594955,0.04138502851128578,0.04213060066103935,0.0418425053358078,0.041458576917648315,0.04494063928723335,0.04767138138413429,0.0481705479323864,0.04945686459541321,0.05006291717290878,0.05073559284210205,0.05164811760187149,0.052217256277799606,0.05289279669523239
0.0,0.0,0.0,0.0,0.0,0.0,0.0,0.0,0.0,0.0,0.0,0.0,0.0,0.0,0.02667377144098282,0.04487025737762451,0.04101455211639404,0.05067566782236099,0.05501339212059975,0.05182111635804176,0.046407558023929596,0.04745722934603691,0.051713977009058,0.050397783517837524,0.046669088304042816,0.04495290294289589,0.048232950270175934,0.049513768404722214,0.0481736995279789,0.04776060953736305,0.04657459259033203,0.04509608820080757,0.04498584195971489,0.04903567209839821,0.05028734728693962,0.04899337515234947,0.04971980303525925,0.04984373599290848,0.05029761418700218,0.051641467958688736,0.052931737154722214,0.05359240621328354
0.0,0.0,0.0,0.0,0.0,0.0,0.0,0.0,0.0,0.0,0.0,0.0,0.0,0.0,0.010592926293611526,0.031919658184051514,0.045512180775403976,0.061963051557540894,0.06892933696508408,0.059481918811798096,0.056684136390686035,0.056321509182453156,0.05440381169319153,0.05259176343679428,0.05446014180779457,0.054548606276512146,0.05354098230600357,0.054724883288145065,0.05512655898928642,0.054200585931539536,0.05237868055701256,0.052396260201931,0.051761455833911896,0.051593028008937836,0.05229949951171875,0.051354728639125824,0.05046237260103226,0.04977697506546974,0.05010073259472847,0.051739562302827835,0.0534614697098732,0.05473288148641586
0.0,0.0,0.0,0.0,0.0,0.013955682516098022,0.031635578721761703,0.044749628752470016,0.04906454309821129,0.021994808688759804,0.0,0.0,0.0,0.024769600480794907,0.060449495911598206,0.07146249711513519,0.07253757864236832,0.07403304427862167,0.07074007391929626,0.0648675486445427,0.06255173683166504,0.060471151024103165,0.060284025967121124,0.05984232947230339,0.058363620191812515,0.05916033685207367,0.059656430035829544,0.05852406471967697,0.0568094477057457,0.05742571875452995,0.056551676243543625,0.054341886192560196,0.05361334979534149,0.053715676069259644,0.054344575852155685,0.05390749126672745,0.05233236774802208,0.05134018138051033,0.052542053163051605,0.056373316794633865,0.05835071578621864,0.05826032534241676
0.0,0.0,0.0,0.0,0.018853809684515,0.05751809477806091,0.07941620796918869,0.07987096905708313,0.08232042193412781,0.09574670344591141,0.09870890527963638,0.10804508626461029,0.11527343094348907,0.09826823323965073,0.089293472468853,0.08649600297212601,0.08235176652669907,0.07835479825735092,0.07354681193828583,0.0692635253071785,0.0667872205376625,0.06716732680797577,0.06663528084754944,0.06352705508470535,0.06253115832805634,0.06245330721139908,0.062473978847265244,0.05828854441642761,0.05288408324122429,0.050886429846286774,0.054988838732242584,0.05673597753047943,0.05331089347600937,0.054134588688611984,0.055061910301446915,0.054716162383556366,0.053693078458309174,0.05502074584364891,0.05689235404133797,0.05779309570789337,0.058577992022037506,0.05883481353521347
0.11013829708099365,0.11129327863454819,0.1207079142332077,0.13299058377742767,0.12234468758106232,0.10720943659543991,0.10752800852060318,0.10659768432378769,0.10708749294281006,0.11199449747800827,0.1118270605802536,0.10947354882955551,0.10624808818101883,0.09807383269071579,0.09121420234441757,0.08689302951097488,0.08232971280813217,0.07601385563611984,0.07001230120658875,0.07048726826906204,0.07200469821691513,0.07083326578140259,0.07376319915056229,0.07083543390035629,0.06676847487688065,0.0645703598856926,0.054749950766563416,0.0452803298830986,0.043009739369153976,0.04657214134931564,0.0507512167096138,0.053086746484041214,0.053742945194244385,0.05463709682226181,0.055299896746873856,0.05482688173651695,0.05559985712170601,0.05673568323254585,0.05685122683644295,0.057329144328832626,0.05769573897123337,0.058076199144124985
0.12657426297664642,0.12360972166061401,0.12343547493219376,0.12744022905826569,0.1247200071811676,0.12180201709270477,0.119173564016819,0.1146668791770935,0.11287108808755875,0.1122199073433876,0.10888293385505676,0.10293359309434891,0.09718072414398193,0.08966121077537537,0.08368009328842163,0.08049555867910385,0.0759570449590683,0.06953403353691101,0.06541706621646881,0.07100940495729446,0.07626468688249588,0.07493920624256134,0.07834180444478989,0.0750771164894104,0.06828486919403076,0.0616883747279644,0.049801312386989594,0.04092756286263466,0.038659192621707916,0.04157694801688194,0.0477193146944046,0.05332574248313904,0.05471455678343773,0.055134937167167664,0.05563465133309364,0.057045478373765945,0.057283174246549606,0.05647214874625206,0.05653306469321251,0.05673595145344734,0.05665700510144234,0.05625269562005997
0.13041241466999054,0.12870892882347107,0.12575235962867737,0.12507081031799316,0.12479230761528015,0.12322720885276794,0.12064611911773682,0.11848089843988419,0.11445704847574234,0.1077939048409462,0.10128511488437653,0.09415087103843689,0.0879242867231369,0.08291406184434891,0.07898051291704178,0.07623478025197983,0.07340934127569199,0.06914317607879639,0.06298691779375076,0.0699300542473793,0.08000639826059341,0.07966621220111847,0.07577372342348099,0.07745377719402313,0.07549621909856796,0.06049161031842232,0.04879650101065636,0.04112641140818596,0.04017568379640579,0.045613136142492294,0.05082137882709503,0.0537472702562809,0.053993795067071915,0.05550241470336914,0.05908365175127983,0.05938604474067688,0.057478029280900955,0.056712806224823,0.056674618273973465,0.056699950248003006,0.056296318769454956,0.057140134274959564
0.1207021102309227,0.12145726382732391,0.12214984744787216,0.12195395678281784,0.12210359424352646,0.12237465381622314,0.11966881901025772,0.11494054645299911,0.10922393202781677,0.10142571479082108,0.09339195489883423,0.0870315283536911,0.08412671089172363,0.08031053841114044,0.07599355280399323,0.07438532263040543,0.07239212095737457,0.06943222135305405,0.06867299973964691,0.06865876913070679,0.076633982360363,0.08638153970241547,0.08169050514698029,0.07868828624486923,0.07741744071245193,0.0645141750574112,0.05225343257188797,0.046588119119405746,0.046161502599716187,0.05027179792523384,0.053656309843063354,0.055532753467559814,0.05670218914747238,0.05829160660505295,0.05962255969643593,0.05932290107011795,0.05809585377573967,0.057083968073129654,0.056157540529966354,0.05619237944483757,0.054983045905828476,0.06198016181588173
0.1149865910410881,0.11536353081464767,0.11705140769481659,0.1186586320400238,0.11807018518447876,0.11667147278785706,0.11420342326164246,0.10896485298871994,0.10237288475036621,0.09480840712785721,0.08764807879924774,0.0845613107085228,0.08209938555955887,0.07855765521526337,0.07703209668397903,0.07647909969091415,0.07551641762256622,0.07453911751508713,0.07368922233581543,0.07741104066371918,0.08245258033275604,0.08252504467964172,0.08015122264623642,0.07952896505594254,0.08002345263957977,0.06839513778686523,0.05607343092560768,0.05299483984708786,0.05235607177019119,0.054439131170511246,0.056089818477630615,0.05735839158296585,0.05831258371472359,0.05893009155988693,0.05906295031309128,0.0589173398911953,0.05854587256908417,0.0572836697101593,0.057902298867702484,0.05952202528715134,0.06084384396672249,0.06594578921794891
0.10862955451011658,0.10949582606554031,0.11075399816036224,0.11212009191513062,0.11274376511573792,0.11123861372470856,0.10774770379066467,0.10184944421052933,0.09493611752986908,0.08885280042886734,0.08576125651597977,0.08305191993713379,0.08033198863267899,0.08023455739021301,0.08086661994457245,0.08097528666257858,0.08036911487579346,0.08072268217802048,0.08233839273452759,0.08277712762355804,0.08103718608617783,0.07807322591543198,0.07614900171756744,0.07635170966386795,0.07444347441196442,0.06674037128686905,0.06165260076522827,0.059875018894672394,0.05806265026330948,0.058444131165742874,0.058975931257009506,0.05953305587172508,0.05949759855866432,0.05904003977775574,0.05843762680888176,0.057572923600673676,0.05853770673274994,0.06055815517902374,0.06141909211874008,0.059559084475040436,0.06635884195566177,0.07398632168769836
0.10264546424150467,0.10367392003536224,0.10563890635967255,0.10740252584218979,0.10734429210424423,0.10517945140600204,0.10105415433645248,0.09487844258546829,0.0892208144068718,0.08612755686044693,0.08272674679756165,0.08036546409130096,0.0811726376414299,0.08215641230344772,0.08296600729227066,0.08325580507516861,0.08331841230392456,0.08346795290708542,0.08326990157365799,0.08206221461296082,0.08012931048870087,0.07819654047489166,0.07635608315467834,0.07465816289186478,0.07269609719514847,0.07105991989374161,0.06819300353527069,0.06511539965867996,0.06386445462703705,0.06333316117525101,0.06319313496351242,0.06208909675478935,0.060062553733587265,0.057831279933452606,0.05644651874899864,0.05865098163485527,0.06136909872293472,0.062248751521110535,0.06356152147054672,0.06542100012302399,0.06995300203561783,0.07665055990219116
0.09906068444252014,0.09984184056520462,0.1011195033788681,0.10172861069440842,0.10143502801656723,0.09934167563915253,0.09508831053972244,0.09070869535207748,0.0853772908449173,0.08004242181777954,0.07792261242866516,0.07894068956375122,0.08094700425863266,0.08216314762830734,0.0831829309463501,0.08372817188501358,0.08348210155963898,0.08361168205738068,0.08662447333335876,0.08560162782669067,0.08239452540874481,0.08166695386171341,0.07960537075996399,0.0771297886967659,0.07458027452230453,0.07353930175304413,0.07203908264636993,0.06965380162000656,0.06831912696361542,0.06737411767244339,0.06602075695991516,0.06458403915166855,0.060479458421468735,0.05618619918823242,0.05604063719511032,0.05851687118411064,0.06144566833972931,0.0675392672419548,0.07109830528497696,0.07096932828426361,0.07360611110925674,0.0768052414059639
