dougfraga/big_17.json
{"header": {"parameterUnit": "m.s-1", "parameterNumber": 3, "dx": 0.016666000000000736, "dy": 0.016666000000000736, "parameterNumberName": "Northward current", "la1": -22.891645999999998, "la2": -24.0416, "parameterCategory": 2, "lo2": -43.225054, "nx": 95, "ny": 70, "refTime": "2022-12-18 17:00:00", "lo1": -44.79166}, "data":
[rows 0 to 17 of 70, columns 40 to 79 of 95]
0.0,0.0,0.0,0.0,0.0,0.0,0.0,0.0,0.0,0.0,0.0,0.0,0.0,0.0,0.0,0.0,0.0,0.0,0.0,0.0,0.0,0.0,0.0,0.0,0.0,0.0,0.0,0.0,0.0,0.0,0.0,0.0,0.0,0.0,0.0,0.0,0.0,0.0,0.0,0.0
0.0,0.0,0.0,0.0,0.0,0.0,0.0,0.0,0.0,0.0,0.0,0.0,0.0,0.0,0.0,0.0,0.0,0.0,0.0,0.0,0.0,0.0,0.0,0.0,0.0,0.0,0.0,0.0,0.0,0.0,0.0,0.0,0.0,0.0,0.0,0.0,0.0,0.0,0.0,0.0
0.0,0.0,0.0,0.0,0.0,0.0,0.0,0.0,0.0,0.0,0.0,0.0,0.0,0.0,0.0,-0.0004945468390360475,0.0,0.0,0.0,0.0,0.0,0.0,0.0,0.0,0.0,0.0,0.0,0.0,0.0,0.0,0.0,0.0,0.0,0.0,0.0,0.0,0.0,0.0,0.0,0.0
0.0,0.0,0.0,0.0,0.0,0.0,0.0,0.0,0.0,0.0,-0.004395888186991215,0.0,0.0,0.0,0.0,-0.002065047388896346,-0.00039758262573741376,0.0,-0.0022899846080690622,-0.0006141069461591542,0.0,0.0,0.0,0.0,0.0,0.0,0.0,0.0,0.0,0.0,0.0,0.0,0.0,0.0,0.0,0.0,0.0,0.0,0.0,0.0
0.0,0.0,0.0,-0.0032821937929838896,-0.0035712351091206074,0.0,0.0,-0.000845337170176208,-0.002561550587415695,-0.002960829297080636,-0.010061870329082012,-0.006489663850516081,-0.006661153398454189,0.0,0.0,-0.005635461304336786,-0.0038074564654380083,-0.0025982565712183714,-0.005566657520830631,-0.003316575661301613,-0.001648405333980918,-0.00014361317153088748,0.002034164499491453,0.0,0.0,0.0,0.0,0.0,0.0,0.0,0.0,0.0,0.0,0.0,0.0,0.0,0.0,0.0,0.0,0.0
0.0,0.0,0.0,-0.007079171948134899,-0.006575478240847588,0.0,0.0014769736444577575,-3.955816282541491e-05,-0.0033358086366206408,-0.0067980531603097916,-0.009982064366340637,-0.007920926436781883,-0.009223895147442818,0.0001449845003662631,0.00020027669961564243,-0.007453129626810551,-0.007743941154330969,-0.007209192030131817,-0.00826407689601183,-0.0072175078094005585,-0.005005466286092997,-0.0018952881218865514,0.002095174975693226,3.687358912429772e-05,0.0,0.0,0.0,0.0,0.0,0.0,0.0,0.0,0.0,0.0,0.0,0.0,0.0,0.0,0.0,0.0
0.0,0.0,0.0,-0.00698832655325532,-0.005525878630578518,0.0012062005698680878,0.0006113467970862985,-0.0018945090705528855,-0.003970883321017027,-0.005055253393948078,-0.004196576774120331,-0.0015671083237975836,-0.0017967502353712916,-0.002451832639053464,-0.004492122679948807,-0.009611605666577816,-0.011439540423452854,-0.01216439250856638,-0.01234650332480669,-0.011046442203223705,-0.00877199787646532,-0.0060777924954891205,-0.003595663234591484,-0.005322599783539772,-0.009576810523867607,0.0,0.0,0.0,0.0,0.0,0.0,0.0,0.0,0.0,0.0,0.0,0.0,0.0,0.0,0.0
0.0,0.0,-0.0010933279991149902,-0.007283455692231655,-0.006420644000172615,-0.00046487728832289577,-0.002400570549070835,0.00018167226517107338,-0.0007416037260554731,-0.0020645514596253633,-0.003235362935811281,-0.005173292476683855,-0.004466747399419546,-0.00744891120120883,-0.01069052517414093,-0.01462011132389307,-0.016477737575769424,-0.017088664695620537,-0.016631795093417168,-0.015097717754542828,-0.013124099932610989,-0.011381233111023903,-0.010177107527852058,-0.012894518673419952,-0.019330138340592384,-0.005672944709658623,-0.00711393728852272,-0.016134653240442276,0.0,0.0,0.0,0.0,0.0,0.0,0.0,0.0,0.0,0.0,0.0,0.0
0.0,-0.0036923864390701056,-0.0025389851070940495,-0.004991654306650162,-0.0038980692625045776,-0.0007578125223517418,-0.000765038828831166,0.0001995417260332033,0.0016073890728875995,-0.001909213955514133,-0.0054251328110694885,-0.007928534410893917,-0.010300250723958015,-0.011753861792385578,-0.013191277161240578,-0.01576530933380127,-0.01774388551712036,-0.01845766045153141,-0.01995314285159111,-0.019099323078989983,-0.018058761954307556,-0.016897600144147873,-0.015280277468264103,-0.015156782232224941,-0.020398570224642754,-0.014136086218059063,-0.014896503649652004,-0.025545822456479073,-0.004595305770635605,-0.003934068605303764,-0.005803115200251341,-0.013018297962844372,-0.026872241869568825,0.0,0.0,0.0,0.0,0.0,0.0,0.0
-0.007526734843850136,-0.00718739815056324,-0.0034761973656713963,-0.005230493377894163,-0.009975284337997437,-0.004334013909101486,-0.005383727606385946,-0.008654829114675522,-0.004623670596629381,-0.0010626917937770486,-0.0020702648907899857,-0.0060568917542696,-0.01086898148059845,-0.014661870896816254,-0.014072851277887821,-0.007368634920567274,-0.008371621370315552,-0.008922453038394451,-0.0223139226436615,-0.02093239687383175,-0.02020379900932312,-0.020005811005830765,-0.017809204757213593,-0.011858303099870682,-0.010645243339240551,-0.00846314150840044,-0.007782566826790571,-0.009411169216036797,-0.004595305770635605,-0.003934068605303764,-0.005803115200251341,-0.013018297962844372,-0.050926871597766876,-0.02131601609289646,0.0,0.0,0.0,0.0,0.0,0.0
-0.019188128411769867,-0.01334560289978981,-0.010978259146213531,-0.020226573571562767,-0.02292947843670845,-0.02108365297317505,-0.018288780003786087,-0.007297452539205551,-0.003776038298383355,0.0,0.0,-0.0031658036168664694,-0.005801470018923283,-0.007760102394968271,-0.006879700813442469,0.0,0.0,0.0,-0.011633476242423058,-0.010399388149380684,-0.009854201227426529,-0.010163327679038048,-0.009049361571669579,-0.00423656590282917,0.0,0.0,0.0,0.0,0.0,0.0,0.0,0.0,-0.016930019482970238,-0.03569064661860466,0.0,0.0,0.0,-0.018438389524817467,-0.018465159460902214,-0.018172405660152435
-0.02562068961560726,-0.023821968585252762,-0.02155757136642933,-0.032740332186222076,-0.025172706693410873,-0.03657094016671181,-0.035115860402584076,-0.0013250416377559304,0.0,0.0,0.0,0.0,0.0,0.0,0.0,0.0,0.0,0.0,0.0,0.0,0.0,0.0,0.0,0.0,-0.011627702042460442,-0.009613689966499805,-0.01465167012065649,-0.015151720494031906,-0.01235993579030037,-0.014126677997410297,-0.01624959520995617,-0.02057596482336521,-0.006984745617955923,-0.032032158225774765,0.0,-0.021832803264260292,-0.021835362538695335,-0.030841758474707603,-0.029604319483041763,-0.030437849462032318
-0.02742144465446472,-0.030716395005583763,-0.025561882182955742,-0.03203359991312027,-0.03368150815367699,-0.03766888007521629,-0.04554973170161247,0.0,0.0,0.0,0.0,0.0,0.0,-0.012677418068051338,-0.01368902437388897,-0.014614691957831383,-0.015208326280117035,-0.013825113885104656,-0.00925175379961729,-0.009942058473825455,-0.010668033733963966,-0.011457718908786774,-0.011866241693496704,-0.012312703765928745,-0.024217981845140457,-0.021857017651200294,-0.02399023063480854,-0.02387714758515358,-0.020909791812300682,-0.02796930819749832,-0.029914123937487602,-0.030103251338005066,-0.01926705427467823,-0.028075888752937317,-0.005314406473189592,-0.03608386218547821,-0.03949602320790291,-0.028641657903790474,-0.023956110700964928,-0.015117359347641468
-0.027589695528149605,-0.035017360001802444,-0.025513336062431335,-0.03028586320579052,-0.039350830018520355,-0.03015180490911007,-0.04218461364507675,0.0,0.0,-0.01060868427157402,-0.00569964898750186,-0.007930182851850986,-0.01173417642712593,-0.019411494955420494,-0.020175248384475708,-0.02076234668493271,-0.020619280636310577,-0.019150611013174057,-0.016708606854081154,-0.01773335225880146,-0.021779833361506462,-0.022750534117221832,-0.02235192246735096,-0.019811933860182762,-0.010912069119513035,-0.010613680817186832,-0.010480611585080624,-0.010593477636575699,-0.012430173344910145,-0.01360725611448288,-0.015180551446974277,-0.009758476167917252,-0.002976236864924431,-0.00808054767549038,-0.005902125034481287,-0.020395129919052124,-0.028845256194472313,-0.028929440304636955,-0.025328610092401505,-0.013852333649992943
-0.02565208077430725,-0.030689936131238937,-0.022754687815904617,-0.030926724895834923,-0.03063203953206539,-0.018719282001256943,-0.021899987012147903,0.0016204576240852475,-0.007059806492179632,-0.014724316075444221,-0.00824645347893238,-0.011013608425855637,-0.011211280710995197,-0.007283427286893129,-0.006831388920545578,-0.00609154999256134,-0.006447826977819204,-0.005178237799555063,-0.012031475082039833,-0.01578064262866974,-0.016663189977407455,-0.016391683369874954,-0.016309423372149467,-0.012530343607068062,-0.0020068155135959387,-0.0021868112962692976,0.0018963582115247846,0.0007761863525956869,-0.005298594478517771,-0.001565075246617198,-0.005084816832095385,-0.005411708261817694,-0.0038500779774039984,-0.002371018985286355,0.0007379714515991509,-0.007848610170185566,-0.01506334263831377,-0.017757605761289597,-0.018529530614614487,-0.01985621266067028
-0.006729348562657833,-0.02012619376182556,-0.022295376285910606,-0.025612900033593178,-0.023620031774044037,-0.009053795598447323,-0.0036402707919478416,-0.0022694736253470182,-0.013099751435220242,-0.00438196724280715,-0.0016788676148280501,-0.0018978430889546871,0.0008926668670028448,-0.004284106194972992,-0.005323660559952259,-0.006658867467194796,-0.013110478408634663,-0.016075756400823593,-0.020849639549851418,-0.018951231613755226,-0.008423158898949623,-0.0052583287470042706,-0.006759806536138058,-0.0060584344901144505,-0.005147607531398535,-0.005945609416812658,0.0005395750049501657,-0.00011905909195775166,0.00023317680461332202,-0.0009739703964442015,-0.0030087267514318228,-0.0050897556357085705,-0.010173516348004341,-0.00926235131919384,-0.0031218535732477903,-0.007805860601365566,-0.011789731681346893,-0.013905858621001244,-0.014241049997508526,-0.012404648587107658
0.004795184824615717,-0.006526022683829069,-0.021906545385718346,-0.018677331507205963,-0.021297218278050423,-0.015026443637907505,-0.012509634718298912,-0.0075762621127069,-0.008160504512488842,-0.006068361923098564,-0.00563307898119092,-0.006199919618666172,-0.0071953460574150085,-0.0063565559685230255,-0.007154626306146383,-0.009239151142537594,-0.019161323085427284,-0.02900737151503563,-0.031004365533590317,-0.025505417957901955,-0.015938838943839073,-0.0074440971948206425,-0.00023569769109599292,-0.0007661772542633116,-0.0014433765318244696,-0.001740888925269246,-0.0012602536007761955,-0.001592631102539599,0.0002505237644072622,-0.0017679488519206643,-0.0035326334182173014,-0.004584565758705139,-0.005952517502009869,-0.007909279316663742,-0.0088187912479043,-0.01113105844706297,-0.013288324698805809,-0.013929784297943115,-0.011821466498076916,-0.0054386090487241745
0.0,-0.009293251670897007,-0.01758001744747162,-0.021383587270975113,-0.018175261095166206,-0.019560489803552628,-0.022608980536460876,-0.014926880598068237,-0.011988015845417976,-0.010630467906594276,-0.01106200274080038,-0.010924844071269035,-0.010622545145452023,-0.009327959269285202,-0.00971598643809557,-0.010166863910853863,-0.011484900489449501,-0.019356567412614822,-0.021733062341809273,-0.020189432427287102,-0.016841426491737366,-0.010281762108206749,-0.002762336516752839,-0.0035500351805239916,-0.004408777225762606,-0.004617780912667513,-0.0038577080704271793,-0.0034707137383520603,-0.002828566823154688,-0.005093654617667198,-0.007568527478724718,-0.008506239391863346,-0.005756840109825134,-0.007639180403202772,-0.008926200680434704,-0.009181003086268902,-0.00918904785066843,-0.009763626381754875,-0.007236825302243233,-0.004334871657192707
