dougfraga/big_4.json
{"header": {"parameterUnit": "m.s-1", "parameterNumber": 2, "dx": 0.016666000000000736, "dy": 0.016666000000000736, "parameterNumberName": "Eastward current", "la1": -22.891645999999998, "la2": -24.0416, "parameterCategory": 2, "lo2": -43.225054, "nx": 95, "ny": 70, "refTime": "2022-12-18 04:00:00", "lo1": -44.79166}, "data":
[rows 0 to 18 of 70, columns 42 to 83 of 95]
0.0,0.0,0.0,0.0,0.0,0.0,0.0,0.0,0.0,0.0,0.0,0.0,0.0,0.0,0.0,0.0,0.0,0.0,0.0,0.0,0.0,0.0,0.0,0.0,0.0,0.0,0.0,0.0,0.0,0.0,0.0,0.0,0.0,0.0,0.0,0.0,0.0,0.0,0.0,0.0,0.0,0.0
0.0,0.0,0.0,0.0,0.0,0.0,0.0,0.0,0.0,0.0,0.0,0.0,0.0,0.0,0.0,0.0,0.0,0.0,0.0,0.0,0.0,0.0,0.0,0.0,0.0,0.0,0.0,0.0,0.0,0.0,0.0,0.0,0.0,0.0,0.0,0.0,0.0,0.0,0.0,0.0,0.0,0.0
0.0,0.0,0.0,0.0,0.0,0.0,0.0,0.0,0.0,0.0,0.0,0.0,0.0,-1.0573096906660959e-19,0.0,0.0,0.0,0.0,0.0,0.0,0.0,0.0,0.0,0.0,0.0,0.0,0.0,0.0,0.0,0.0,0.0,0.0,0.0,0.0,0.0,0.0,0.0,0.0,0.0,0.0,0.0,0.0
0.0,0.0,0.0,0.0,0.0,0.0,0.0,0.0,-4.986580257605618e-19,0.0,0.0,0.0,0.0,0.0006167006213217974,0.0006167006213217974,0.0,-8.518145477864891e-05,-8.518145477864891e-05,0.0,0.0,0.0,0.0,0.0,0.0,0.0,0.0,0.0,0.0,0.0,0.0,0.0,0.0,0.0,0.0,0.0,0.0,0.0,0.0,0.0,0.0,0.0,0.0
0.0,0.002721714787185192,0.002721714787185192,0.0,0.0,0.00407921290025115,0.0039220028556883335,-0.0023460551165044308,-0.0009983269264921546,0.0021061862353235483,0.0009156683809123933,0.0,0.0,0.00011932408961001784,0.0022731584031134844,0.0023632298689335585,0.0023513073101639748,0.007369978353381157,0.00894108135253191,0.004704994615167379,0.0009919794974848628,0.0,0.0,0.0,0.0,0.0,0.0,0.0,0.0,0.0,0.0,0.0,0.0,0.0,0.0,0.0,0.0,0.0,0.0,0.0,0.0,0.0
0.0,0.0035828733816742897,0.0035828733816742897,0.0,0.0004248590557835996,-0.002200802555307746,-0.006710526067763567,-0.008405206725001335,-0.006682504899799824,-0.005466970149427652,-0.0036292129661887884,-0.0004812628321815282,-0.004354366101324558,-0.00507823983207345,0.0012223973171785474,0.005184386391192675,0.007390682119876146,0.008598129265010357,0.008727215230464935,0.008644135668873787,0.008598791435360909,0.004193165339529514,0.0,0.0,0.0,0.0,0.0,0.0,0.0,0.0,0.0,0.0,0.0,0.0,0.0,0.0,0.0,0.0,0.0,0.0,0.0,0.0
0.0,0.00010606113937683403,0.00407105078920722,-0.000683422083966434,-0.006706734653562307,-0.00572097348049283,-0.011381042189896107,-0.01873815432190895,-0.019006991758942604,-0.011298076249659061,-0.005977177526801825,-0.00689213490113616,-0.006120955105870962,0.0008461324032396078,0.007225695066154003,0.00986221432685852,0.010862786322832108,0.011285302229225636,0.011936762370169163,0.01353033073246479,0.017233438789844513,0.019717026501893997,0.00987747311592102,0.0,0.0,0.0,0.0,0.0,0.0,0.0,0.0,0.0,0.0,0.0,0.0,0.0,0.0,0.0,0.0,0.0,0.0,0.0
-0.0046332539059221745,-0.0075859674252569675,-0.005390567239373922,-0.006251057144254446,-0.007620019372552633,-0.014272958971560001,-0.024033905938267708,-0.025302346795797348,-0.02069203555583954,-0.01483120582997799,-0.007479352876543999,-0.00037258496740832925,0.0028369345236569643,0.0049370224587619305,0.008811618201434612,0.012382510118186474,0.014276293106377125,0.015521084889769554,0.017565280199050903,0.02031119354069233,0.02620696648955345,0.0393870510160923,0.061329085379838943,0.07103230059146881,0.05450925976037979,0.020731261000037193,0.0,0.0,0.0,0.0,0.0,0.0,0.0,0.0,0.0,0.0,0.0,0.0,0.0,0.0,0.0,0.0
0.0006020086584612727,-0.008112218230962753,-0.011804572306573391,-0.01413834560662508,-0.021906275302171707,-0.025079958140850067,-0.023778153583407402,-0.02145414426922798,-0.0166162122040987,-0.01413366012275219,-0.008245792239904404,-0.0007120438385754824,0.005047062411904335,0.009575946256518364,0.01353144459426403,0.017116175964474678,0.01920050010085106,0.021542564034461975,0.02405199594795704,0.026308445259928703,0.03371722996234894,0.051140692085027695,0.06949146836996078,0.07449400424957275,0.06958505511283875,0.07484126836061478,0.08050031214952469,0.07525700330734253,0.06888251006603241,0.0500754751265049,0.01757747307419777,0.0,0.0,0.0,0.0,0.0,0.0,0.0,0.0,0.0,0.0,0.0
-0.005793646443635225,-0.01581157185137272,-0.016592659056186676,-0.01847117394208908,-0.022962361574172974,-0.025825588032603264,-0.030310379341244698,-0.02461862564086914,-0.014076734893023968,-0.008640329353511333,-0.0026816134341061115,0.0025121201761066914,0.008867112919688225,0.015411636792123318,0.019589154049754143,0.023892542347311974,0.024222901090979576,0.024279983714222908,0.026463838294148445,0.02797725237905979,0.03765430673956871,0.06119861081242561,0.07479871064424515,0.07367480546236038,0.07709909230470657,0.0844849944114685,0.0887720137834549,0.08658576011657715,0.08197639137506485,0.07246668636798859,0.04656410589814186,0.01362148579210043,0.0,0.0,0.0,0.0,0.0,0.0,0.015691261738538742,0.03696705028414726,0.039742130786180496,0.03597068041563034
-0.0104140006005764,-0.013298706151545048,-0.01474756095558405,-0.019947471097111702,-0.022168291732668877,-0.022269325330853462,-0.01055776048451662,0.0,0.0,0.0032707976642996073,0.004460045136511326,0.0013487131800502539,0.0001594655041117221,0.0,0.0,0.0,0.009565135464072227,0.022136492654681206,0.0272055733948946,0.03161392733454704,0.029671769589185715,0.012692060321569443,0.0,0.0,0.0,0.0,0.0,0.0,0.0,0.0,-0.01972253993153572,-0.01972253993153572,0.0,0.0,0.0,0.02043844759464264,0.041311826556921005,0.045984476804733276,0.04555712640285492,0.03851659968495369,0.03789491951465607,0.044777531176805496
-0.010226396843791008,-0.012247002683579922,-0.013311057351529598,-0.018125949427485466,-0.023306220769882202,-0.012754624709486961,0.0,0.0,0.0,0.0,0.0,0.0,0.0,0.0,0.0,0.0,0.0,0.0,0.0,0.0,0.0,0.0,0.017092984169721603,0.02908581867814064,0.02723606489598751,0.0357561893761158,0.03651930391788483,0.03290759399533272,0.03268977254629135,0.026845069602131844,0.013664411380887032,0.002607867121696472,0.0,0.014030756428837776,0.038527797907590866,0.04410045966506004,0.04166204109787941,0.043394263833761215,0.04665989428758621,0.045223068445920944,0.04092228412628174,0.042541466653347015
-0.012922399677336216,-0.01425848063081503,-0.00822295993566513,-0.0071620275266468525,-0.004259588196873665,0.0,0.0,0.0,0.0,0.0,0.0,0.008936178870499134,0.019273636862635612,0.0214602742344141,0.023438986390829086,0.029437638819217682,0.02751804143190384,0.021776380017399788,0.02414756640791893,0.026665855199098587,0.028299158439040184,0.03110361658036709,0.0322306752204895,0.03396228328347206,0.032681144773960114,0.02937503717839718,0.028313839808106422,0.02831212244927883,0.03496326506137848,0.03528733551502228,0.02072759158909321,0.023047607392072678,0.033405669033527374,0.03196703642606735,0.035444945096969604,0.04113772511482239,0.04942452907562256,0.04945748299360275,0.043133512139320374,0.04231639578938484,0.04444923996925354,0.05085904896259308
-0.011722385883331299,-0.01257188431918621,-0.007721765898168087,-0.00748774828389287,-0.005094960797578096,0.0,0.0,0.014371425844728947,0.025483140721917152,0.02475615218281746,0.03336269035935402,0.032883141189813614,0.02619519643485546,0.025864355266094208,0.024553993716835976,0.023013362661004066,0.020973961800336838,0.020610574632883072,0.023150265216827393,0.025468427687883377,0.02810969203710556,0.03475739806890488,0.03527136892080307,0.03050888329744339,0.027791006490588188,0.026568587869405746,0.03159094974398613,0.031170697882771492,0.029096124693751335,0.030602196231484413,0.029010944068431854,0.03025323525071144,0.031753234565258026,0.04027144983410835,0.052602022886276245,0.05295342579483986,0.048443615436553955,0.04669424146413803,0.050585415214300156,0.04929317161440849,0.04616950452327728,0.05034883692860603
-0.018294259905815125,-0.014353672042489052,-0.0026041988749057055,0.001655496540479362,-0.002719028852880001,-0.004011939279735088,0.011026652529835701,0.024444764479994774,0.02302739769220352,0.029746567830443382,0.03171677142381668,0.02756551466882229,0.025569865480065346,0.023556793108582497,0.021411892026662827,0.019806813448667526,0.018524393439292908,0.019301099702715874,0.022161459550261497,0.024970635771751404,0.027327602729201317,0.029313143342733383,0.03000015765428543,0.03351132199168205,0.03152916952967644,0.026830116286873817,0.0274861678481102,0.027028929442167282,0.027492748573422432,0.028470734134316444,0.030519891530275345,0.037199798971414566,0.03819240629673004,0.03718789666891098,0.04161274433135986,0.04380667209625244,0.044896651059389114,0.04538213834166527,0.04623730853199959,0.04741184040904045,0.0511433444917202,0.06512070447206497
-0.011756334453821182,-0.004220550414174795,-0.0010121483355760574,0.003139948472380638,0.004612267483025789,0.009058727882802486,0.01858290657401085,0.0249193012714386,0.02467293106019497,0.026936154812574387,0.026570159941911697,0.024600433185696602,0.023040203377604485,0.02157130092382431,0.019993087276816368,0.01949319802224636,0.024681761860847473,0.025640400126576424,0.02264222875237465,0.024910788983106613,0.026563486084342003,0.027855413034558296,0.028977083042263985,0.028832484036684036,0.027864105999469757,0.031013812869787216,0.03040328435599804,0.026877310127019882,0.028758268803358078,0.03027329407632351,0.03195946291089058,0.03454368934035301,0.03668510913848877,0.03869201987981796,0.040978919714689255,0.04312736913561821,0.047200318425893784,0.047246187925338745,0.04782388359308243,0.056979887187480927,0.067356638610363,0.07495105266571045
-0.005089057143777609,0.0010392048861831427,0.0031416856218129396,0.005551089532673359,0.014792910777032375,0.02004542388021946,0.01982153207063675,0.022217033430933952,0.024154171347618103,0.026068102568387985,0.030234290286898613,0.030056724324822426,0.02582862600684166,0.02533060498535633,0.0245736725628376,0.023647934198379517,0.02371533215045929,0.023493312299251556,0.02393472194671631,0.028989512473344803,0.029534492641687393,0.02663346566259861,0.027783412486314774,0.028514456003904343,0.028569290414452553,0.028313670307397842,0.0276095699518919,0.027091683819890022,0.028844142332673073,0.03447277843952179,0.03652847558259964,0.035925887525081635,0.03877771273255348,0.04124649614095688,0.043312832713127136,0.04532552510499954,0.04661047086119652,0.049234867095947266,0.056208983063697815,0.06422240287065506,0.07055718451738358,0.0760791152715683
0.012296387925744057,0.008598703891038895,0.013463634066283703,0.013257849961519241,0.015281516127288342,0.01783154532313347,0.024380743503570557,0.026759542524814606,0.025593293830752373,0.02729385904967785,0.02741910144686699,0.026024555787444115,0.02511211298406124,0.028576413169503212,0.028527533635497093,0.025201478973031044,0.025865301489830017,0.026847263798117638,0.027083415538072586,0.02733977884054184,0.026894645765423775,0.026396026834845543,0.026853203773498535,0.027476131916046143,0.028698625043034554,0.03288714960217476,0.033425167202949524,0.031240714713931084,0.03299431875348091,0.03483324125409126,0.03682919964194298,0.039202261716127396,0.04179984703660011,0.04534667730331421,0.049716781824827194,0.053418464958667755,0.056165385991334915,0.05947555601596832,0.06405007094144821,0.06963517516851425,0.07729315012693405,0.0832052081823349
0.009539385326206684,0.011833541095256805,0.013733269646763802,0.019707726314663887,0.022795245051383972,0.021694565191864967,0.0222209133207798,0.022035958245396614,0.022671407088637352,0.02431383728981018,0.028775636106729507,0.02884799800813198,0.025871815159916878,0.02644735388457775,0.02586783841252327,0.025387657806277275,0.02570824697613716,0.026214733719825745,0.027071891352534294,0.030248666182160378,0.029973171651363373,0.0272165909409523,0.02803322672843933,0.029364636167883873,0.03102182224392891,0.03280937671661377,0.03382324427366257,0.03468607738614082,0.036402277648448944,0.039136771112680435,0.043095048516988754,0.047445930540561676,0.05107792466878891,0.05446656793355942,0.05948449671268463,0.06260164082050323,0.0641687884926796,0.06774614006280899,0.07216067612171173,0.0769118145108223,0.08207391202449799,0.08759315311908722
