dougfraga/big_10.json
{"header": {"parameterUnit": "m.s-1", "parameterNumber": 2, "dx": 0.016666000000000736, "dy": 0.016666000000000736, "parameterNumberName": "Eastward current", "la1": -22.891645999999998, "la2": -24.0416, "parameterCategory": 2, "lo2": -43.225054, "nx": 95, "ny": 70, "refTime": "2022-12-18 10:00:00", "lo1": -44.79166}, "data":
[rows 0 to 18 of 70, columns 42 to 83 of 95]
0.0,0.0,0.0,0.0,0.0,0.0,0.0,0.0,0.0,0.0,0.0,0.0,0.0,0.0,0.0,0.0,0.0,0.0,0.0,0.0,0.0,0.0,0.0,0.0,0.0,0.0,0.0,0.0,0.0,0.0,0.0,0.0,0.0,0.0,0.0,0.0,0.0,0.0,0.0,0.0,0.0,0.0
0.0,0.0,0.0,0.0,0.0,0.0,0.0,0.0,0.0,0.0,0.0,0.0,0.0,0.0,0.0,0.0,0.0,0.0,0.0,0.0,0.0,0.0,0.0,0.0,0.0,0.0,0.0,0.0,0.0,0.0,0.0,0.0,0.0,0.0,0.0,0.0,0.0,0.0,0.0,0.0,0.0,0.0
0.0,0.0,0.0,0.0,0.0,0.0,0.0,0.0,0.0,0.0,0.0,0.0,0.0,4.129894371096765e-19,0.0,0.0,0.0,0.0,0.0,0.0,0.0,0.0,0.0,0.0,0.0,0.0,0.0,0.0,0.0,0.0,0.0,0.0,0.0,0.0,0.0,0.0,0.0,0.0,0.0,0.0,0.0,0.0
0.0,0.0,0.0,0.0,0.0,0.0,0.0,0.0,-6.51255891574038e-19,0.0,0.0,0.0,0.0,-0.0022124333772808313,-0.0022124333772808313,0.0,-0.00039772133459337056,-0.00039772133459337056,0.0,0.0,0.0,0.0,0.0,0.0,0.0,0.0,0.0,0.0,0.0,0.0,0.0,0.0,0.0,0.0,0.0,0.0,0.0,0.0,0.0,0.0,0.0,0.0
0.0,-5.520125341718085e-05,-5.520125341718085e-05,0.0,0.0,0.006910520605742931,0.01595301553606987,0.021794060245156288,0.02358432114124298,0.011816172860562801,0.0009834173833951354,0.0,0.0,0.0019897334277629852,0.006675883196294308,0.013929366134107113,0.01558945793658495,0.00930098071694374,0.005420313682407141,0.0023687323555350304,-9.684253018349409e-05,0.0,0.0,0.0,0.0,0.0,0.0,0.0,0.0,0.0,0.0,0.0,0.0,0.0,0.0,0.0,0.0,0.0,0.0,0.0,0.0,0.0
0.0,-0.0007333576213568449,-0.0007333576213568449,0.0,0.008289341814815998,0.01668025180697441,0.01594271883368492,0.014746412634849548,0.014308479614555836,0.010857726447284222,0.010177324526011944,0.01299857534468174,0.021376943215727806,0.026660095900297165,0.02275768667459488,0.021435001865029335,0.018707402050495148,0.013361869379878044,0.00809494685381651,0.004697617143392563,0.002588969422504306,0.0008062588749453425,0.0,0.0,0.0,0.0,0.0,0.0,0.0,0.0,0.0,0.0,0.0,0.0,0.0,0.0,0.0,0.0,0.0,0.0,0.0,0.0
0.0,0.002716637682169676,0.011921790428459644,0.024287529289722443,0.027512622997164726,0.023976828902959824,0.02122456394135952,0.015201167203485966,0.010091480799019337,0.010146037675440311,0.010684232227504253,0.014936267398297787,0.024303456768393517,0.028037331998348236,0.026216017082333565,0.0239045862108469,0.020238790661096573,0.015588859096169472,0.01118843536823988,0.008749714121222496,0.008392555639147758,0.008495459333062172,0.004266473930329084,0.0,0.0,0.0,0.0,0.0,0.0,0.0,0.0,0.0,0.0,0.0,0.0,0.0,0.0,0.0,0.0,0.0,0.0,0.0
0.00922064296901226,0.019676044583320618,0.02275550737977028,0.02614714577794075,0.03102611005306244,0.03176035359501839,0.023430297151207924,0.014629736542701721,0.011697464622557163,0.012080355547368526,0.015236219391226768,0.019973628222942352,0.02409985102713108,0.026466261595487595,0.02597007155418396,0.024321509525179863,0.021320467814803123,0.017506498843431473,0.01395152322947979,0.012081412598490715,0.012034093029797077,0.014123388566076756,0.019567932933568954,0.022910375148057938,0.020642267540097237,0.009275739081203938,0.0,0.0,0.0,0.0,0.0,0.0,0.0,0.0,0.0,0.0,0.0,0.0,0.0,0.0,0.0,0.0
0.027191199362277985,0.030405964702367783,0.033754002302885056,0.03278615325689316,0.03133055567741394,0.03288939967751503,0.029742758721113205,0.02107616513967514,0.011417871341109276,0.005734461359679699,0.010227923281490803,0.018119633197784424,0.023997917771339417,0.02587815374135971,0.025103935971856117,0.02483474649488926,0.02265409752726555,0.018774664029479027,0.01554685365408659,0.01350020244717598,0.014187759719789028,0.017832372337579727,0.022388914600014687,0.02485036477446556,0.02481932006776333,0.026713507249951363,0.02845090813934803,0.02889869175851345,0.03025372140109539,0.02786392532289028,0.012457690201699734,0.0,0.0,0.0,0.0,0.0,0.0,0.0,0.0,0.0,0.0,0.0
0.023718951269984245,0.02227940782904625,0.025742297992110252,0.02664070576429367,0.02654832787811756,0.03301263228058815,0.03606939688324928,0.022486096248030663,0.006948532070964575,0.003491037990897894,0.006811677012592554,0.014153902418911457,0.022509947419166565,0.023872267454862595,0.021209804341197014,0.024508923292160034,0.023899367079138756,0.018688609823584557,0.015727369114756584,0.014050280675292015,0.013947144150733948,0.018795747309923172,0.023426031693816185,0.023497365415096283,0.023538947105407715,0.025245655328035355,0.027617786079645157,0.030653225257992744,0.03426022082567215,0.034515175968408585,0.027158549055457115,0.010526360012590885,0.0,0.0,0.0,0.0,0.0,0.0,0.018939044326543808,0.04566925764083862,0.051000673323869705,0.0477287620306015
0.02134001813828945,0.020768998190760612,0.021324314177036285,0.024622028693556786,0.03228342905640602,0.03351800888776779,0.016174441203475,0.0,0.0,-0.0009504560730420053,0.0003191655268892646,0.0015302292304113507,0.00026060763048008084,0.0,0.0,0.0,0.0010778384748846292,0.0038865201640874147,0.005964118055999279,0.006491479463875294,0.004886650014668703,0.0015506070340052247,0.0,0.0,0.0,0.0,0.0,0.0,0.0,0.0,0.0019614279735833406,0.0019614279735833406,0.0,0.0,0.0,0.023470912128686905,0.05058317258954048,0.07082977890968323,0.08210769295692444,0.06410812586545944,0.0512566938996315,0.05440213903784752
0.02189270593225956,0.02027655765414238,0.01784389093518257,0.018213743343949318,0.028216250240802765,0.017630765214562416,0.0,0.0,0.0,0.0,0.0,0.0,0.0,0.0,0.0,0.0,0.0,0.0,0.0,0.0,0.0,0.0,0.01882479339838028,0.036465756595134735,0.038167279213666916,0.044324349611997604,0.04269066080451012,0.03699620068073273,0.032858796417713165,0.026987073943018913,0.023982811719179153,0.011750956065952778,0.0,0.01576058380305767,0.0435752309858799,0.05437815189361572,0.06301826238632202,0.07533754408359528,0.08494234085083008,0.08535272628068924,0.06907843798398972,0.06083817780017853
0.019407296553254128,0.015339120291173458,0.014951705932617188,0.007680751848965883,0.000825791503302753,0.0,0.0,0.0,0.0,0.0,0.0,0.010997969657182693,0.02421790175139904,0.027821268886327744,0.030746620148420334,0.03689468279480934,0.03588668629527092,0.03127314895391464,0.03313286975026131,0.03445436432957649,0.03491305559873581,0.043757230043411255,0.0513516366481781,0.04769588261842728,0.044888850301504135,0.04954582825303078,0.05581790208816528,0.055089570581912994,0.05191599950194359,0.049480877816677094,0.05226106569170952,0.06970985233783722,0.07236899435520172,0.05316133424639702,0.045416850596666336,0.05081860348582268,0.0703306570649147,0.08545515686273575,0.08357643336057663,0.07337316125631332,0.07732433080673218,0.09422413259744644
0.016293391585350037,0.009417061693966389,0.008267686702311039,0.007124301511794329,0.00271697249263525,0.0,0.0,0.017098043113946915,0.02894241362810135,0.026080593466758728,0.034601181745529175,0.03494458645582199,0.030144592747092247,0.032124727964401245,0.03302625194191933,0.03311906009912491,0.031769122928380966,0.030736930668354034,0.03164094686508179,0.032275330275297165,0.03355664759874344,0.039074450731277466,0.03975505754351616,0.03716787323355675,0.03820508345961571,0.04060253128409386,0.046476829797029495,0.044785719364881516,0.040718358010053635,0.04083750769495964,0.04146776720881462,0.0474771112203598,0.05172248184680939,0.05127806216478348,0.054357800632715225,0.064389169216156,0.07676582783460617,0.08558828383684158,0.0958537757396698,0.0935339406132698,0.07514546811580658,0.07699562609195709
0.0012948501389473677,0.0015495953848585486,0.01236882247030735,0.02117597684264183,0.025052694603800774,0.030689166858792305,0.03874599561095238,0.03703955560922623,0.028645288199186325,0.03229659050703049,0.034622590988874435,0.03288622200489044,0.03412271663546562,0.035226739943027496,0.03573043271899223,0.03549179062247276,0.033799123018980026,0.032824814319610596,0.03362853825092316,0.03446773439645767,0.0354071669280529,0.03729431703686714,0.03939802944660187,0.0443849079310894,0.04409605264663696,0.04111305996775627,0.042370714247226715,0.041875965893268585,0.04172356426715851,0.04176296293735504,0.043262068182229996,0.051820628345012665,0.06040287762880325,0.06482716649770737,0.06812606751918793,0.07125113159418106,0.0734073594212532,0.06924483925104141,0.06710395961999893,0.0787477046251297,0.09156714379787445,0.09723609685897827
0.005699146538972855,0.014164947904646397,0.019833235070109367,0.027140049263834953,0.0314534567296505,0.03501975163817406,0.03853348270058632,0.0375271737575531,0.032969579100608826,0.03321592137217522,0.033429719507694244,0.03321890905499458,0.03409624844789505,0.03517196327447891,0.03572509065270424,0.03633621335029602,0.04089262709021568,0.04061563313007355,0.03708244860172272,0.03851465880870819,0.03906188905239105,0.040010660886764526,0.041737865656614304,0.043133001774549484,0.04413551464676857,0.048304129391908646,0.04791286587715149,0.04463458061218262,0.0459916889667511,0.04580232501029968,0.04598242789506912,0.048624057322740555,0.05232059583067894,0.05945771560072899,0.06888014078140259,0.07378699630498886,0.07848229259252548,0.08109931647777557,0.08259137719869614,0.08818677812814713,0.09344266355037689,0.09736032783985138
0.017405591905117035,0.025017017498612404,0.02688637375831604,0.02958422154188156,0.037673525512218475,0.0414569266140461,0.037484053522348404,0.03453608229756355,0.03348324075341225,0.03464517369866371,0.03927496820688248,0.039908576756715775,0.037255674600601196,0.038423944264650345,0.038748741149902344,0.03887948766350746,0.03959482163190842,0.03939194977283478,0.03983674570918083,0.04458573833107948,0.04452868923544884,0.04196791723370552,0.0441603846848011,0.045875269919633865,0.04672490060329437,0.04677307605743408,0.046122025698423386,0.04571118205785751,0.047137271612882614,0.051451198756694794,0.05214948207139969,0.05618007108569145,0.0657677948474884,0.06930255889892578,0.07143692672252655,0.0751330703496933,0.07820488512516022,0.08040376007556915,0.08399791270494461,0.0883098691701889,0.09212163090705872,0.09679870307445526
0.033846646547317505,0.03360748291015625,0.03898123651742935,0.037010807543992996,0.037075065076351166,0.03765656054019928,0.040969979017972946,0.040559835731983185,0.037564199417829514,0.03830299526453018,0.03820301592350006,0.03736453875899315,0.03775741904973984,0.0423942469060421,0.04278070852160454,0.04016304016113281,0.04163249582052231,0.04271760210394859,0.04297696426510811,0.04344215989112854,0.04351188614964485,0.04382822662591934,0.04489351063966751,0.04567784443497658,0.04693171754479408,0.05061686411499977,0.05008535087108612,0.047476109117269516,0.049510687589645386,0.052547384053468704,0.05830444023013115,0.06450223177671432,0.06792450696229935,0.07029495388269424,0.07295814901590347,0.07600684463977814,0.07906780391931534,0.08245455473661423,0.08649207651615143,0.09123613685369492,0.09814437478780746,0.10322306305170059
0.02513541467487812,0.03597230091691017,0.04089806601405144,0.04630140960216522,0.04761546477675438,0.04362873360514641,0.04203976318240166,0.04013999551534653,0.03837689757347107,0.03858289122581482,0.04395972564816475,0.04518071934580803,0.041865624487400055,0.04200734943151474,0.04141291603446007,0.04128654673695564,0.04196707904338837,0.042693670839071274,0.044038865715265274,0.04979053884744644,0.05311381071805954,0.05254936218261719,0.053229764103889465,0.05110709369182587,0.04935115575790405,0.04991190880537033,0.049995262175798416,0.05031619593501091,0.05448273569345474,0.06118198111653328,0.06583143025636673,0.0680195614695549,0.06986645609140396,0.07293084263801575,0.07819947600364685,0.08152540773153305,0.0836578756570816,0.08820925652980804,0.09347263723611832,0.09847653657197952,0.10264573246240616,0.10607938468456268
