dougfraga/big_15.json
{"header": {"parameterUnit": "m.s-1", "parameterNumber": 2, "dx": 0.016666000000000736, "dy": 0.016666000000000736, "parameterNumberName": "Eastward current", "la1": -22.891645999999998, "la2": -24.0416, "parameterCategory": 2, "lo2": -43.225054, "nx": 95, "ny": 70, "refTime": "2022-12-18 15:00:00", "lo1": -44.79166}, "data":
[rows 19 to 37 of 70, columns 42 to 83 of 95]
0.042751871049404144,0.05339369922876358,0.057658907026052475,0.06515135616064072,0.06839427351951599,0.07261290401220322,0.07247815281152725,0.0694783553481102,0.07025511562824249,0.07136532664299011,0.07143281400203705,0.06911355257034302,0.06576524674892426,0.06566767394542694,0.06327610462903976,0.060721706598997116,0.06167147681117058,0.06235134229063988,0.06319227069616318,0.06335540860891342,0.06224619969725609,0.06042243912816048,0.05960981175303459,0.059485144913196564,0.059596434235572815,0.05993467941880226,0.06058548763394356,0.061210718005895615,0.062082577496767044,0.06382395327091217,0.06636245548725128,0.0710783451795578,0.07376538962125778,0.07503904402256012,0.07891609519720078,0.08245455473661423,0.08550476282835007,0.08854600042104721,0.09147536754608154,0.0942607894539833,0.09723304212093353,0.10077452659606934
0.05218242481350899,0.060312967747449875,0.06872047483921051,0.07113590836524963,0.06884275376796722,0.07110089808702469,0.07284153997898102,0.07241883128881454,0.07187260687351227,0.07118341326713562,0.07104446738958359,0.07268482446670532,0.06958413869142532,0.06513677537441254,0.064848892390728,0.06440984457731247,0.0639846920967102,0.06393079459667206,0.06408299505710602,0.06387870758771896,0.06338080763816833,0.06274436414241791,0.06184570863842964,0.06135702133178711,0.06164596229791641,0.062557652592659,0.06531181931495667,0.06640055030584335,0.0665254071354866,0.06939265877008438,0.07298576086759567,0.07670535147190094,0.07893293350934982,0.08019217848777771,0.08224667608737946,0.08461713045835495,0.08704440295696259,0.08953377604484558,0.09210795164108276,0.09475619345903397,0.09779374301433563,0.10142706334590912
0.05699636787176132,0.06335636973381042,0.06911519169807434,0.07217031717300415,0.07328137755393982,0.07437931001186371,0.0750814750790596,0.07608801871538162,0.07848400622606277,0.07618556171655655,0.0714210644364357,0.0705418735742569,0.0687602087855339,0.0666574016213417,0.06604155898094177,0.06542298197746277,0.06479154527187347,0.06500457227230072,0.06571881473064423,0.06685211509466171,0.0686287209391594,0.07116156071424484,0.07032152265310287,0.06815312802791595,0.0688837543129921,0.06997586041688919,0.07105425745248795,0.07181484997272491,0.07276991009712219,0.07463444024324417,0.07685236632823944,0.07905784994363785,0.08066053688526154,0.08161800354719162,0.0828065425157547,0.0846867486834526,0.08694245666265488,0.08941547572612762,0.0919528678059578,0.09461604803800583,0.09798505157232285,0.10262522846460342
0.06619881838560104,0.06929677724838257,0.07343672215938568,0.0771167054772377,0.08194771409034729,0.08322764188051224,0.08188529312610626,0.08205033838748932,0.080665722489357,0.07729878276586533,0.07362505793571472,0.07161170244216919,0.0702938511967659,0.06907758116722107,0.06810855120420456,0.06728800386190414,0.06710729748010635,0.06827573478221893,0.0715935230255127,0.07335412502288818,0.07304941117763519,0.0729307159781456,0.07189624756574631,0.07136744260787964,0.07175187021493912,0.07254788279533386,0.07328592240810394,0.07381948828697205,0.07491975277662277,0.07636087387800217,0.07769549638032913,0.07911188900470734,0.08063718676567078,0.08197824656963348,0.08268054574728012,0.08378476649522781,0.08612558990716934,0.08939655125141144,0.09298262745141983,0.09717357158660889,0.10375317186117172,0.10846903175115585
0.07851184159517288,0.0780387595295906,0.08150307834148407,0.08416606485843658,0.08700533211231232,0.08929847925901413,0.08941816538572311,0.08763915300369263,0.08457062393426895,0.08082962781190872,0.07755164057016373,0.07521137595176697,0.07364366203546524,0.07270202785730362,0.07197075337171555,0.07158047705888748,0.07206034660339355,0.0750637874007225,0.07650458067655563,0.07519692927598953,0.07451198250055313,0.07366632670164108,0.0726914331316948,0.07215461879968643,0.07230892032384872,0.0728515163064003,0.07331646978855133,0.07376802712678909,0.07485941797494888,0.07616463303565979,0.07723236829042435,0.07834598422050476,0.08019625395536423,0.08163970708847046,0.08256874978542328,0.08554280549287796,0.09145191311836243,0.09542365372180939,0.09787341952323914,0.10248836129903793,0.10724104940891266,0.11100605130195618
0.08363819867372513,0.0854010134935379,0.08848930150270462,0.0910288393497467,0.09277890622615814,0.09356913715600967,0.09257981926202774,0.09070014208555222,0.0882747694849968,0.08606274425983429,0.08534205704927444,0.08301623165607452,0.08007842302322388,0.07924024015665054,0.078475221991539,0.07803724706172943,0.07775729894638062,0.07764515280723572,0.07735575735569,0.07605907320976257,0.07473523169755936,0.07354356348514557,0.07265225052833557,0.07214290648698807,0.07179103046655655,0.07199035584926605,0.07238169014453888,0.07298002392053604,0.07397134602069855,0.07518970221281052,0.07627653330564499,0.07750382274389267,0.07970717549324036,0.0834125503897667,0.08583434671163559,0.08802025765180588,0.09268324077129364,0.09696009010076523,0.10079342871904373,0.10512209683656693,0.10917198657989502,0.11273825913667679
0.08780397474765778,0.08933070302009583,0.0912889838218689,0.09281056374311447,0.09396066516637802,0.09403827786445618,0.09342116862535477,0.09357081353664398,0.09152064472436905,0.0886019691824913,0.08732731640338898,0.08566144108772278,0.08384571224451065,0.08222860842943192,0.08057712018489838,0.0794636681675911,0.07870498299598694,0.07779505103826523,0.07688385248184204,0.07570403814315796,0.07443509995937347,0.07317767292261124,0.07207145541906357,0.07127925753593445,0.0707407221198082,0.07075390219688416,0.07144610583782196,0.07233913987874985,0.07349642366170883,0.07495176047086716,0.076526939868927,0.07826635986566544,0.08062944561243057,0.0843760296702385,0.09093410521745682,0.09375559538602829,0.09459563344717026,0.09866471588611603,0.10246729105710983,0.10618500411510468,0.1093226969242096,0.11276402324438095
0.0894889384508133,0.09135681390762329,0.09325041621923447,0.09512486308813095,0.09764835983514786,0.09731827676296234,0.09555057436227798,0.09475160390138626,0.09233178198337555,0.09025188535451889,0.08880949765443802,0.08702467381954193,0.08491169661283493,0.0828871801495552,0.08098071068525314,0.07971281558275223,0.07934542745351791,0.078556127846241,0.0773840844631195,0.07611094415187836,0.07507091015577316,0.07303206622600555,0.07119221985340118,0.07069440186023712,0.07032512128353119,0.0707205981016159,0.07217761129140854,0.07443867623806,0.07687336951494217,0.07920914143323898,0.08163406699895859,0.08425808697938919,0.08835145831108093,0.09599002450704575,0.0972856655716896,0.094770647585392,0.0970945805311203,0.09960101544857025,0.10313083231449127,0.10813560336828232,0.11518857628107071,0.11943506449460983
0.092568539083004,0.09643164277076721,0.09807299822568893,0.09864883869886398,0.099986732006073,0.09941068291664124,0.09807576984167099,0.09670539945363998,0.09468162804841995,0.0929056778550148,0.09090503305196762,0.08789528906345367,0.08580894023180008,0.08439083397388458,0.08213900029659271,0.07973898947238922,0.07931962609291077,0.07923132926225662,0.07765436917543411,0.07610750943422318,0.07482997328042984,0.07333919405937195,0.0719548836350441,0.0713360384106636,0.07188629359006882,0.07390767335891724,0.07746312767267227,0.08392823487520218,0.08726789802312851,0.0881756842136383,0.09119980782270432,0.09312582015991211,0.09572730213403702,0.09874408692121506,0.09877491742372513,0.09854378551244736,0.10294152796268463,0.10647625476121902,0.10812217742204666,0.11141503602266312,0.11496516317129135,0.11889003962278366
0.09558206796646118,0.09852135926485062,0.10086802393198013,0.10244185477495193,0.10302112251520157,0.10232847929000854,0.1004772037267685,0.09855901449918747,0.09653361886739731,0.09457644075155258,0.09226340800523758,0.08913173526525497,0.08688066899776459,0.08494732528924942,0.08270419389009476,0.08038946241140366,0.07894068956375122,0.07814990729093552,0.07774869352579117,0.07745913416147232,0.07702115178108215,0.07781016826629639,0.0769491046667099,0.0740722045302391,0.07660973817110062,0.08393056690692902,0.08698468655347824,0.08833502233028412,0.09187261760234833,0.0945519432425499,0.09598260372877121,0.0972248837351799,0.09877383708953857,0.10077587515115738,0.10448888689279556,0.1061912253499031,0.10657977312803268,0.10859754681587219,0.11068212240934372,0.11306208372116089,0.11529899388551712,0.11833280324935913
0.09697120636701584,0.10048094391822815,0.10369709134101868,0.10576218366622925,0.10592681169509888,0.1048169881105423,0.10299026966094971,0.10057909786701202,0.09782713651657104,0.09547482430934906,0.09293423593044281,0.08985181897878647,0.08712539076805115,0.08484940230846405,0.08299706876277924,0.08107401430606842,0.07986973971128464,0.07997168600559235,0.08018265664577484,0.08055595308542252,0.08242905139923096,0.0820193663239479,0.08026216179132462,0.08086743950843811,0.08266077190637589,0.08661026507616043,0.0909017026424408,0.09347127377986908,0.09533856064081192,0.0965750589966774,0.09841344505548477,0.10289427638053894,0.10483262687921524,0.10517049580812454,0.10731469839811325,0.1085553839802742,0.10941535979509354,0.11025570333003998,0.1109481230378151,0.11184892803430557,0.11395641416311264,0.11805149167776108
0.09777671843767166,0.10242511332035065,0.1062026098370552,0.10841618478298187,0.10857982933521271,0.10691028088331223,0.10450275987386703,0.10133672505617142,0.09784941375255585,0.09531978517770767,0.09318260848522186,0.09015792608261108,0.08689124882221222,0.08456695079803467,0.08285999298095703,0.08179866522550583,0.08222460746765137,0.08477059006690979,0.08470265567302704,0.0829295739531517,0.08286413550376892,0.08255739510059357,0.0828666239976883,0.08423292636871338,0.08620087057352066,0.08938488364219666,0.09314114600419998,0.09617690742015839,0.1010906994342804,0.10336001217365265,0.10293852537870407,0.10477462410926819,0.10638149082660675,0.10778918862342834,0.10934751480817795,0.10990151762962341,0.10965505987405777,0.11067788302898407,0.11426226049661636,0.11561897397041321,0.11519603431224823,0.11677639186382294
0.09747206419706345,0.10460327565670013,0.10835493355989456,0.10994372516870499,0.10960344225168228,0.10716323554515839,0.10389421135187149,0.10011232644319534,0.09699073433876038,0.09619954973459244,0.09711547195911407,0.09386780858039856,0.08881555497646332,0.08688950538635254,0.0858081728219986,0.08520030230283737,0.08514820784330368,0.08517904579639435,0.08453764766454697,0.08344730734825134,0.08278680592775345,0.08277970552444458,0.08396108448505402,0.0862276554107666,0.08823827654123306,0.09151440113782883,0.098075732588768,0.10228841751813889,0.10358908772468567,0.10482455044984818,0.10519682615995407,0.10634683072566986,0.10771089047193527,0.10881993919610977,0.11057156324386597,0.11384539306163788,0.11463968455791473,0.11379478871822357,0.11498144268989563,0.1155061423778534,0.11632748693227768,0.11947213113307953
0.09865891933441162,0.10401812940835953,0.10741768777370453,0.11195667088031769,0.11082405596971512,0.10499311238527298,0.10315454751253128,0.10070517659187317,0.09734587371349335,0.09567531198263168,0.09418679773807526,0.09196177124977112,0.0901147723197937,0.0888209193944931,0.08771072328090668,0.08681522309780121,0.08592312037944794,0.08487986773252487,0.08381520956754684,0.08283235132694244,0.08243963867425919,0.08315668255090714,0.08568684011697769,0.09063167870044708,0.09357532113790512,0.09587975591421127,0.10064836591482162,0.10415340214967728,0.10565093159675598,0.1055777445435524,0.10573270916938782,0.10898186266422272,0.11113963276147842,0.11179997771978378,0.11380123347043991,0.11511906236410141,0.11530749499797821,0.11477746069431305,0.11451218277215958,0.11414366215467453,0.11538825929164886,0.12104062736034393
0.10555294901132584,0.10715950280427933,0.10925126075744629,0.11114204674959183,0.10834135860204697,0.10258582979440689,0.10045745223760605,0.09780444949865341,0.09540954977273941,0.0934126004576683,0.09180029481649399,0.09073293209075928,0.09010711312294006,0.08943600952625275,0.08864834159612656,0.08764875680208206,0.08607923239469528,0.08406691998243332,0.08273009210824966,0.08320844173431396,0.08689101040363312,0.08900263160467148,0.08927225321531296,0.09173385053873062,0.09444461017847061,0.09782316535711288,0.10140440613031387,0.10378061234951019,0.10457564145326614,0.10607856512069702,0.10740043222904205,0.10836409777402878,0.11027033627033234,0.11166422069072723,0.11263971030712128,0.11287394911050797,0.11257405579090118,0.11214432120323181,0.11201367527246475,0.11247076839208603,0.11596561223268509,0.12029626220464706
0.10620333254337311,0.10882638394832611,0.10866837203502655,0.1084057167172432,0.10330334305763245,0.09687486290931702,0.09475298225879669,0.09226968139410019,0.09079770743846893,0.08904027938842773,0.08773626387119293,0.08718479424715042,0.08712854981422424,0.08736490458250046,0.08751180768013,0.08792319148778915,0.08918227255344391,0.08755353093147278,0.08559810370206833,0.08713576197624207,0.08870744705200195,0.08983288705348969,0.09103827178478241,0.09245727956295013,0.09430605918169022,0.09731156378984451,0.10027746111154556,0.10156203806400299,0.10377807915210724,0.1053844690322876,0.1053980365395546,0.10679461061954498,0.1080734059214592,0.10894901305437088,0.10944458097219467,0.109163299202919,0.10886456072330475,0.10902197659015656,0.1098090410232544,0.11172585934400558,0.11537060141563416,0.11784367263317108
0.10690801590681076,0.10820118337869644,0.10584340244531631,0.10349516570568085,0.09651578217744827,0.08906763792037964,0.08723077178001404,0.08477805554866791,0.08393874764442444,0.0833764299750328,0.08420231938362122,0.08473312854766846,0.08462341874837875,0.08515235781669617,0.08502070605754852,0.08494925498962402,0.08519095927476883,0.08559367805719376,0.08685041218996048,0.08852335810661316,0.08938784897327423,0.08986576646566391,0.09077344834804535,0.09208279848098755,0.09381798654794693,0.09588974714279175,0.09805067628622055,0.10134246945381165,0.10360733419656754,0.10381357371807098,0.10390512645244598,0.10408370196819305,0.1041644811630249,0.10436631739139557,0.10541944950819016,0.10673314332962036,0.10787403583526611,0.10895402729511261,0.11054684221744537,0.11264484375715256,0.1152445450425148,0.12070520967245102
0.10940968990325928,0.10575371980667114,0.10399088263511658,0.09793128818273544,0.08831847459077835,0.08146071434020996,0.07744771242141724,0.07692459225654602,0.07961039245128632,0.08131492137908936,0.08090624213218689,0.08124363422393799,0.08164308220148087,0.08194997906684875,0.08182847499847412,0.08214633166790009,0.0839400589466095,0.08591881394386292,0.08809749782085419,0.09188190847635269,0.09312336891889572,0.09241174161434174,0.09307084232568741,0.09323135018348694,0.0924624502658844,0.09433284401893616,0.09869806468486786,0.10447386652231216,0.10670307278633118,0.10386140644550323,0.10124433040618896,0.09946130216121674,0.10153310745954514,0.10400034487247467,0.10505927354097366,0.10701294243335724,0.10876496136188507,0.1095525249838829,0.10844407975673676,0.11175958812236786,0.12132474780082703,0.12414561957120895
0.11031488329172134,0.10735946148633957,0.10018812119960785,0.09327641874551773,0.08728595823049545,0.07860223203897476,0.07266747206449509,0.07392613589763641,0.07596815377473831,0.07840234786272049,0.07967373728752136,0.08018381148576736,0.0805073156952858,0.08078025281429291,0.08111618459224701,0.0823865681886673,0.08690137416124344,0.09106169641017914,0.0930846706032753,0.09487129002809525,0.09533894062042236,0.09539543092250824,0.0955272912979126,0.09556875377893448,0.09576032310724258,0.09767038375139236,0.1019987016916275,0.10694614052772522,0.10863278806209564,0.10572527348995209,0.1007785052061081,0.10027938336133957,0.10243790596723557,0.10297375172376633,0.10429142415523529,0.10611672699451447,0.10760217905044556,0.10871016979217529,0.11120698601007462,0.1164219081401825,0.12027544528245926,0.11910355091094971
