dougfraga/big_13.json
{"header": {"parameterUnit": "m.s-1", "parameterNumber": 2, "dx": 0.016666000000000736, "dy": 0.016666000000000736, "parameterNumberName": "Eastward current", "la1": -22.891645999999998, "la2": -24.0416, "parameterCategory": 2, "lo2": -43.225054, "nx": 95, "ny": 70, "refTime": "2022-12-18 13:00:00", "lo1": -44.79166}, "data":
[rows 38 to 56 of 70, columns 42 to 83 of 95]
0.10556098818778992,0.10284775495529175,0.09908094257116318,0.08964607119560242,0.07977590709924698,0.07693267613649368,0.07661372423171997,0.07689093798398972,0.0787251740694046,0.0810633972287178,0.08231738954782486,0.08252953737974167,0.08242180943489075,0.08296346664428711,0.08573467284440994,0.08828125149011612,0.09070003777742386,0.09399234503507614,0.09604571759700775,0.09709218144416809,0.09751033037900925,0.09797148406505585,0.09850093722343445,0.09913448989391327,0.09900561720132828,0.09788873791694641,0.103142648935318,0.11201523244380951,0.12112194299697876,0.12000530958175659,0.11019657552242279,0.10610362887382507,0.1037369966506958,0.10242932289838791,0.10189398378133774,0.10241862386465073,0.10346528142690659,0.10400857031345367,0.10696254670619965,0.11187844723463058,0.1135285347700119,0.11160393804311752
0.10251226276159286,0.09528058022260666,0.08768285065889359,0.07983198761940002,0.07658509165048599,0.07591410726308823,0.07488186657428741,0.07533421367406845,0.07666675746440887,0.07832937687635422,0.07896146178245544,0.0790330097079277,0.08102505654096603,0.08252031356096268,0.08344791829586029,0.08609434962272644,0.0895339697599411,0.09295191615819931,0.09524121135473251,0.09651048481464386,0.09738542884588242,0.09840372204780579,0.09965020418167114,0.10106516629457474,0.10307221114635468,0.10692571848630905,0.11324796080589294,0.11964591592550278,0.12352960556745529,0.12027375400066376,0.11639091372489929,0.11187729239463806,0.10410904884338379,0.09984587877988815,0.09719134867191315,0.09688308835029602,0.0968538150191307,0.0971779152750969,0.10095924884080887,0.1038828119635582,0.10364755243062973,0.10250376909971237
0.0932757556438446,0.08660104125738144,0.08246517181396484,0.07888390868902206,0.07554410398006439,0.07413110882043839,0.07344204932451248,0.07341620326042175,0.07391102612018585,0.07504048943519592,0.07703392952680588,0.07780289649963379,0.07790925353765488,0.07900437712669373,0.08096762746572495,0.0847311019897461,0.0893830731511116,0.09329208731651306,0.09566456079483032,0.09697400778532028,0.0980798602104187,0.09941432625055313,0.10127397626638412,0.10385682433843613,0.10745145380496979,0.11214818805456161,0.11683788895606995,0.12013635039329529,0.1223660260438919,0.1248551681637764,0.121658556163311,0.11238614469766617,0.103850357234478,0.09655819833278656,0.09147638082504272,0.0891716405749321,0.08772743493318558,0.08931868523359299,0.09307083487510681,0.0935191735625267,0.09235306084156036,0.09196502715349197
0.09031988680362701,0.0860542431473732,0.08173185586929321,0.07854930311441422,0.07512746006250381,0.07238829135894775,0.07108686864376068,0.07056307047605515,0.07105652987957001,0.07380592077970505,0.07556939870119095,0.07518502324819565,0.07559601962566376,0.0771217867732048,0.08034916967153549,0.0849485918879509,0.08906812965869904,0.09207428991794586,0.0946640819311142,0.09716790914535522,0.09855598956346512,0.0996391624212265,0.10287497192621231,0.10949525982141495,0.11390061676502228,0.11600164324045181,0.11996354907751083,0.12294092774391174,0.12352920323610306,0.12210904806852341,0.1175391674041748,0.1087314710021019,0.09831532835960388,0.09015718847513199,0.08624948561191559,0.08408541232347488,0.08258922398090363,0.08407219499349594,0.08509014546871185,0.08368179202079773,0.08219467848539352,0.08115479350090027
0.08937343955039978,0.0856916755437851,0.08170188218355179,0.07771212607622147,0.07345188409090042,0.07029727846384048,0.0693003386259079,0.069852814078331,0.0727178305387497,0.07436446845531464,0.07388463616371155,0.07427243143320084,0.07547686994075775,0.07771147787570953,0.0806284248828888,0.08364676684141159,0.08647789806127548,0.0901869535446167,0.0942995622754097,0.09698167443275452,0.10077571123838425,0.10461185872554779,0.10716226696968079,0.11084423959255219,0.11430591344833374,0.11713486164808273,0.11963055282831192,0.12017124891281128,0.11800187081098557,0.1134118065237999,0.10680676996707916,0.09980231523513794,0.09366326034069061,0.0889139473438263,0.08550910651683807,0.08363371342420578,0.083208367228508,0.08447981625795364,0.08399084210395813,0.08118606358766556,0.07937967032194138,0.07775289565324783
0.08612582087516785,0.08278034627437592,0.07896068692207336,0.07500843703746796,0.07140050828456879,0.07004691660404205,0.0723242536187172,0.07414613664150238,0.07435233891010284,0.07461674511432648,0.07460683584213257,0.07525277882814407,0.07683581113815308,0.07864265888929367,0.08017329126596451,0.08227011561393738,0.08626746386289597,0.09156256914138794,0.09552456438541412,0.09990257769823074,0.10308238118886948,0.10400626063346863,0.10600130259990692,0.10869143903255463,0.11136969178915024,0.1134856566786766,0.11407332867383957,0.11231949925422668,0.10881447046995163,0.10493510216474533,0.09994421899318695,0.0937683954834938,0.08987605571746826,0.087613046169281,0.08608674257993698,0.08554455637931824,0.0840710997581482,0.08430374413728714,0.08396395295858383,0.08075005561113358,0.07830961048603058,0.07611136883497238
0.082346111536026,0.07911878824234009,0.07533524185419083,0.07243612408638,0.07258625328540802,0.07306483387947083,0.07341523468494415,0.07483773678541183,0.07556398957967758,0.07562059164047241,0.07573511451482773,0.07642286270856857,0.0775231346487999,0.07817181199789047,0.0789700299501419,0.08180943131446838,0.08739865571260452,0.09281466156244278,0.09800583869218826,0.1012444719672203,0.10107254981994629,0.10136573016643524,0.1024109274148941,0.10424624383449554,0.10609900206327438,0.10677983611822128,0.10586931556463242,0.10369078069925308,0.1000574454665184,0.0956726223230362,0.09234044700860977,0.0899069756269455,0.08870420604944229,0.08777689933776855,0.08729205280542374,0.08826392143964767,0.0886404812335968,0.08794459700584412,0.08575646579265594,0.08231675624847412,0.07931472361087799,0.07641153782606125
0.07815481722354889,0.07523846626281738,0.07379410415887833,0.07304476946592331,0.07226839661598206,0.07289835065603256,0.07393541932106018,0.07501643151044846,0.07582827657461166,0.07618430256843567,0.0765456110239029,0.07716473191976547,0.07733741402626038,0.07565007358789444,0.07225261628627777,0.08468993753194809,0.0952644795179367,0.09544942528009415,0.098961241543293,0.09781458228826523,0.09635630995035172,0.09558812528848648,0.09594323486089706,0.0967671126127243,0.09724745899438858,0.0968320295214653,0.09561142325401306,0.09387578070163727,0.09240728616714478,0.09112899005413055,0.08978289365768433,0.08948708325624466,0.08904561400413513,0.0885717049241066,0.08986741304397583,0.09296060353517532,0.09552329033613205,0.09410054236650467,0.08958902955055237,0.08468377590179443,0.08062075823545456,0.07696959376335144
0.07604188472032547,0.07545830309391022,0.07480505853891373,0.0729815810918808,0.07229325920343399,0.07255852222442627,0.07339230179786682,0.07435540109872818,0.07512351870536804,0.07575966417789459,0.07633904367685318,0.07684081792831421,0.07721105217933655,0.07902343571186066,0.08430677652359009,0.09152169525623322,0.09745795279741287,0.0986160859465599,0.09601467102766037,0.09261132031679153,0.08959908783435822,0.08893555402755737,0.08996372669935226,0.09078314900398254,0.09106095880270004,0.09156274795532227,0.09188372641801834,0.09137333929538727,0.09124724566936493,0.09077885001897812,0.08968053013086319,0.08958370983600616,0.09013327211141586,0.09154180437326431,0.09404850006103516,0.09705032408237457,0.09982157498598099,0.09903392195701599,0.09359271824359894,0.08741137385368347,0.08240965753793716,0.07775679230690002
0.07781241834163666,0.07747972011566162,0.07534109801054001,0.07384451478719711,0.07217039912939072,0.07059246301651001,0.07034216821193695,0.07115370035171509,0.07217776030302048,0.07324870675802231,0.07423397898674011,0.07514802366495132,0.07667231559753418,0.08166175335645676,0.08767643570899963,0.0935269370675087,0.09626859426498413,0.09374609589576721,0.09047946333885193,0.08722186088562012,0.08504366874694824,0.08557076007127762,0.08781740814447403,0.08947661519050598,0.09046778827905655,0.09087134152650833,0.09095776826143265,0.09156975895166397,0.09186148643493652,0.09101913124322891,0.09101970493793488,0.09317518025636673,0.09531866759061813,0.09641857445240021,0.09760073572397232,0.09944330155849457,0.10160880535840988,0.10220225900411606,0.09885600954294205,0.09189536422491074,0.08519717305898666,0.07962361723184586
0.07819722592830658,0.07696837186813354,0.07529370486736298,0.07370810210704803,0.0717826634645462,0.07023312151432037,0.06996878236532211,0.07071524858474731,0.07177240401506424,0.07295354455709457,0.07433103024959564,0.07536935061216354,0.0764865130186081,0.0814051628112793,0.08792612701654434,0.08985817432403564,0.08889763802289963,0.08750687539577484,0.08561104536056519,0.08372600376605988,0.08279051631689072,0.08391858637332916,0.08675052970647812,0.0887959748506546,0.08970034867525101,0.0906994491815567,0.0912976935505867,0.09319419413805008,0.0964602455496788,0.09800735861063004,0.0981321707367897,0.09839116036891937,0.0983726903796196,0.09841388463973999,0.09906920045614243,0.10059354454278946,0.10347035527229309,0.10546208173036575,0.10208791494369507,0.09452888369560242,0.08757784962654114,0.08159894496202469
0.07727911323308945,0.07593207061290741,0.07422208786010742,0.07239409536123276,0.07063223421573639,0.0698792114853859,0.07047292590141296,0.07125388830900192,0.0718655064702034,0.07284865528345108,0.07395575195550919,0.07510016858577728,0.07678904384374619,0.07970493286848068,0.08519010990858078,0.08696351945400238,0.08456726372241974,0.08314023911952972,0.08186770975589752,0.08122364431619644,0.08121374249458313,0.08249121904373169,0.08477277308702469,0.08642186969518661,0.08773364871740341,0.09040814638137817,0.09512675553560257,0.09983278065919876,0.10189871490001678,0.10174485296010971,0.09995561093091965,0.09836488962173462,0.09775526821613312,0.09798920154571533,0.09988590329885483,0.10271859169006348,0.10562893748283386,0.10689978301525116,0.10370152443647385,0.09685499966144562,0.09036225080490112,0.08511252701282501
0.07416611909866333,0.0731998160481453,0.07162544876337051,0.07026322185993195,0.06970612704753876,0.07017727196216583,0.07091916352510452,0.0713455080986023,0.07178708165884018,0.07276305556297302,0.07437705248594284,0.07659231871366501,0.08104138821363449,0.08320856839418411,0.08338377624750137,0.08396795392036438,0.08242280036211014,0.08065049350261688,0.07970378547906876,0.07943883538246155,0.0799076110124588,0.0808190256357193,0.08195661008358002,0.08325286209583282,0.08625485002994537,0.09400908648967743,0.10141418129205704,0.10329405963420868,0.10221243649721146,0.10031167417764664,0.09799493104219437,0.09625118225812912,0.09593082964420319,0.09763643890619278,0.10100716352462769,0.10549454391002655,0.10779950022697449,0.10600131750106812,0.1032855361700058,0.10371457040309906,0.09888609498739243,0.08873043954372406
0.06837286055088043,0.06855525821447372,0.06864335387945175,0.06893055886030197,0.06946705281734467,0.07010573148727417,0.07099495083093643,0.07247412949800491,0.07647521793842316,0.07815897464752197,0.07801171392202377,0.08045598119497299,0.08259610831737518,0.08379408717155457,0.0839206874370575,0.08312060683965683,0.08132702112197876,0.07962716370820999,0.07867288589477539,0.07858316600322723,0.07894793897867203,0.07908342778682709,0.07877663522958755,0.08105061948299408,0.08940654993057251,0.09941645711660385,0.10327081382274628,0.10169148445129395,0.09942622482776642,0.09741532802581787,0.09558457136154175,0.09390530735254288,0.09387148916721344,0.09697500616312027,0.10207052528858185,0.10700558125972748,0.10801350325345993,0.10580096393823624,0.10946523398160934,0.10893121361732483,0.09948420524597168,0.09086605161428452
0.0670599713921547,0.06698404252529144,0.0670342966914177,0.06747906655073166,0.06863125413656235,0.07058325409889221,0.07322173565626144,0.07870186120271683,0.0814167782664299,0.08004054427146912,0.08080247044563293,0.08282317966222763,0.08501206338405609,0.08626797795295715,0.08580029010772705,0.08415914326906204,0.08220873773097992,0.08035001158714294,0.07898429036140442,0.07823125272989273,0.07761891186237335,0.07759946584701538,0.07910268753767014,0.08531540632247925,0.09499521553516388,0.10108954459428787,0.10107786953449249,0.09839776903390884,0.09623781591653824,0.09467020630836487,0.09333579242229462,0.09205935895442963,0.09280315786600113,0.09735426306724548,0.10351753979921341,0.10831021517515182,0.10811711102724075,0.11079923808574677,0.10674382746219635,0.11019459366798401,0.11100544780492783,0.09362497925758362
0.06575081497430801,0.0657786950469017,0.06656437367200851,0.06808486580848694,0.07034905254840851,0.07297883182764053,0.07627813518047333,0.0839259922504425,0.08630257099866867,0.08251971006393433,0.08299510180950165,0.08544579893350601,0.08823366463184357,0.08910010010004044,0.0879366397857666,0.08580819517374039,0.08325725793838501,0.08140165358781815,0.08013137429952621,0.0783916562795639,0.07662387192249298,0.07789599895477295,0.0841890200972557,0.09281303733587265,0.09892614930868149,0.09991958737373352,0.09754210710525513,0.09503957629203796,0.09333691745996475,0.09228311479091644,0.09137006849050522,0.09072829782962799,0.09252240508794785,0.09824611991643906,0.10502792149782181,0.10919830203056335,0.11488744616508484,0.11670385301113129,0.11116424947977066,0.10893279314041138,0.10461986809968948,0.09420372545719147
0.06624297797679901,0.06980819255113602,0.07226069271564484,0.07344666123390198,0.07640108466148376,0.07699792832136154,0.08012345433235168,0.09138653427362442,0.09287883341312408,0.08574048429727554,0.08565603941679001,0.08809272199869156,0.09021651744842529,0.09034304320812225,0.0886290967464447,0.08634626865386963,0.08417300134897232,0.08300796896219254,0.08233113586902618,0.08016408234834671,0.0789400264620781,0.08133119344711304,0.0889553353190422,0.09738241136074066,0.09949488192796707,0.09725972265005112,0.09410293400287628,0.09186685085296631,0.09061478823423386,0.09006206691265106,0.08978073298931122,0.0898284986615181,0.09246798604726791,0.09907452762126923,0.10630068928003311,0.10859733074903488,0.11602240055799484,0.11803065985441208,0.10782759636640549,0.1031128540635109,0.09846489131450653,0.09062737971544266
0.0682438537478447,0.07021357119083405,0.07292672246694565,0.07660036534070969,0.08164949715137482,0.08765283226966858,0.09431871026754379,0.0983804389834404,0.09606722742319107,0.09096875786781311,0.08935174345970154,0.0902571976184845,0.09081143885850906,0.09021272510290146,0.08837009221315384,0.08650122582912445,0.0853637233376503,0.085130974650383,0.08492956310510635,0.08450090140104294,0.08421411365270615,0.08567951619625092,0.09181317687034607,0.09796324372291565,0.09765198081731796,0.09381018579006195,0.0905793309211731,0.08855758607387543,0.087630994617939,0.08769410103559494,0.08867482841014862,0.0897928848862648,0.09296727180480957,0.09971905499696732,0.10605976730585098,0.11201628297567368,0.11436973512172699,0.11153212189674377,0.10589683055877686,0.0982930064201355,0.0917619913816452,0.08679430931806564
0.06856486201286316,0.06970451027154922,0.07250124961137772,0.0777050256729126,0.08430739492177963,0.09135930985212326,0.09787839651107788,0.10008694976568222,0.09737755358219147,0.09355396777391434,0.0917123407125473,0.09163063764572144,0.09066727757453918,0.0891006588935852,0.08791632205247879,0.0868079736828804,0.08740486949682236,0.08944742381572723,0.08964058756828308,0.08884664624929428,0.08897443860769272,0.09052912890911102,0.09440190345048904,0.09606299549341202,0.09357037395238876,0.09011510014533997,0.0871741995215416,0.08521297574043274,0.08452966064214706,0.08581224083900452,0.0880599394440651,0.09050408750772476,0.09386573731899261,0.09920376539230347,0.10388927161693573,0.11005441099405289,0.1093914806842804,0.10266322642564774,0.09791979938745499,0.09159257262945175,0.08681323379278183,0.08570794016122818
